#Creator: pendulumdriveEventBuffer
#Creation time: Thu Apr 11 16:06:28 2019
#Time	Pos
#[s]	[au]
0.050	459
0.100	458
0.151	458
0.201	457
0.251	457
0.301	457
0.351	452
0.401	457
0.452	456
0.502	455
0.552	455
0.603	454
0.653	454
0.704	454
0.754	451
0.804	454
0.854	454
0.904	453
0.954	453
1.005	451
1.055	454
1.105	452
1.155	448
1.205	451
1.255	451
1.306	451
1.356	450
1.406	450
1.456	449
1.507	451
1.558	444
1.608	452
1.658	449
1.708	451
1.758	451
1.808	450
1.859	451
1.909	451
1.959	448
2.009	452
2.059	452
2.109	453
2.160	453
2.210	452
2.260	453
2.310	453
2.361	450
2.412	455
2.462	455
2.512	454
2.562	456
2.612	455
2.662	457
2.713	458
2.763	453
2.813	457
2.863	458
2.913	458
2.963	459
3.014	457
3.064	459
3.114	460
3.164	456
3.214	460
3.266	460
3.316	459
3.366	461
3.416	463
3.466	459
3.516	462
3.567	457
3.617	461
3.667	461
3.717	461
3.767	461
3.818	459
3.868	462
3.918	461
3.968	456
4.018	462
4.068	461
4.119	461
4.170	461
4.220	457
4.270	460
4.320	459
4.370	458
4.421	460
4.471	459
4.521	459
4.571	460
4.621	455
4.672	458
4.722	457
4.772	454
4.822	457
4.872	456
4.922	456
4.973	457
5.024	455
5.074	454
5.124	454
5.174	450
5.224	454
5.275	452
5.325	454
5.375	451
5.425	451
5.475	453
5.526	452
5.576	449
5.626	451
5.676	451
5.726	452
5.776	451
5.827	449
5.877	451
5.928	451
5.978	448
6.028	451
6.079	450
6.129	450
6.179	450
6.229	449
6.279	450
6.329	450
6.380	444
6.430	452
6.480	453
6.530	451
6.580	451
6.630	447
6.681	452
6.731	453
6.782	452
6.832	453
6.882	456
6.933	455
6.983	456
7.033	452
7.083	456
7.133	456
7.183	455
7.234	456
7.284	458
7.334	460
7.384	460
7.434	453
7.484	460
7.535	459
7.585	460
7.635	460
7.686	460
7.736	461
7.787	460
7.837	453
7.887	461
7.937	460
7.987	460
8.037	461
8.088	460
8.138	461
8.188	461
8.238	456
8.288	462
8.338	462
8.389	461
8.439	462
8.489	461
8.539	461
8.590	462
8.641	452
8.691	461
8.741	460
8.791	460
8.841	459
8.891	459
8.942	457
8.992	460
9.042	452
9.092	459
9.142	456
9.192	455
9.243	456
9.293	456
9.343	454
9.393	454
9.443	449
9.495	454
9.545	454
9.595	455
9.645	454
9.695	453
9.745	453
9.796	453
9.846	446
9.896	453
9.946	452
9.996	452
10.047	453
10.097	451
10.147	451
10.197	450
10.247	448
10.297	451
10.348	451
10.399	450
10.449	451
10.499	451
10.549	450
10.599	450
10.650	445
10.700	451
10.750	450
10.800	452
10.850	451
10.901	449
10.951	451
11.001	454
11.051	448
11.101	453
11.151	452
11.202	454
11.252	454
11.303	453
11.353	455
11.403	456
11.453	451
11.504	457
11.554	457
11.604	457
11.654	457
11.704	457
11.755	458
11.805	459
11.855	454
11.905	459
11.955	458
12.005	460
12.056	460
12.106	461
12.156	459
12.207	461
12.257	458
12.307	461
12.358	462
12.408	461
12.458	463
12.508	463
12.558	461
12.609	461
12.659	458
12.709	462
12.759	461
12.809	462
12.859	462
12.910	459
12.960	462
13.010	461
13.060	458
13.111	461
13.162	461
13.212	460
13.262	460
13.312	457
13.362	460
13.412	459
13.463	457
13.513	459
13.563	458
13.613	458
13.663	457
13.713	454
13.764	456
13.814	455
13.864	456
13.914	456
13.964	453
14.016	454
14.066	454
14.116	447
14.166	454
14.216	453
14.266	452
14.317	453
14.367	452
14.417	454
14.467	451
14.517	445
14.567	452
14.618	452
14.668	450
14.718	450
14.768	451
14.818	451
14.870	451
14.920	443
14.970	452
15.020	452
15.070	450
15.120	451
15.171	450
15.221	451
15.271	451
15.321	445
15.371	451
15.421	452
15.472	452
15.522	452
15.572	453
15.622	454
15.672	455
15.723	448
15.774	455
15.824	456
15.874	454
15.924	457
15.974	456
16.025	457
16.075	457
16.125	452
16.175	458
16.225	459
16.275	460
16.326	459
16.376	457
16.426	460
16.476	460
16.526	453
16.577	461
16.627	461
16.678	459
16.728	459
16.778	459
16.828	461
16.879	461
16.929	456
16.979	462
17.029	461
17.079	461
17.130	462
17.180	461
17.230	461
17.280	461
17.330	456
17.380	462
17.431	461
17.481	461
17.531	461
17.582	461
17.632	460
17.682	460
17.733	454
17.783	459
17.833	460
17.883	459
17.933	459
17.984	458
18.034	457
18.084	457
18.134	453
18.184	458
18.234	456
18.285	456
18.335	456
18.385	454
18.435	455
18.486	456
18.536	451
18.587	455
18.637	455
18.687	455
18.737	452
18.787	451
18.838	452
18.888	453
18.938	448
18.988	452
19.038	451
19.088	451
19.139	451
19.189	452
19.239	451
19.289	450
19.339	448
19.391	451
19.441	450
19.491	450
19.541	450
19.591	452
19.641	451
19.692	452
19.742	449
19.792	453
19.842	450
19.892	451
19.942	451
19.993	452
20.043	454
20.093	454
20.143	448
20.193	454
20.243	455
20.295	454
20.345	455
20.395	452
20.445	456
20.495	457
20.546	456
20.596	456
20.646	457
20.696	458
20.746	458
20.796	455
20.847	459
20.897	459
20.947	458
20.997	460
21.047	459
21.098	461
21.148	461
21.199	455
21.249	460
21.299	460
21.349	459
21.400	463
21.450	461
21.500	461
21.550	462
21.600	455
21.650	462
21.701	461
21.751	460
21.801	463
21.851	461
21.901	461
21.952	461
22.002	455
22.052	460
22.103	459
22.153	461
22.203	461
22.254	459
22.304	460
22.354	459
22.404	453
22.454	458
22.504	458
22.555	458
22.605	458
22.655	457
22.705	457
22.755	456
22.806	448
22.856	456
22.906	455
22.956	454
23.007	455
23.057	455
23.108	454
23.158	453
23.208	444
23.258	454
23.308	453
23.359	453
23.409	453
23.459	452
23.509	452
23.559	451
23.609	448
23.660	450
23.710	451
23.760	451
23.810	449
23.860	449
23.911	451
23.962	450
24.012	446
24.062	451
24.112	451
24.162	451
24.213	451
24.263	450
24.313	451
24.363	451
24.413	448
24.463	452
24.514	452
24.564	453
24.614	453
24.664	453
24.714	453
24.764	454
24.816	451
24.866	455
24.916	455
24.966	456
25.016	457
25.067	456
25.117	458
25.167	458
25.217	454
25.267	459
25.317	458
25.368	458
25.418	459
25.468	458
25.518	460
25.568	459
25.618	456
25.669	461
25.720	459
25.770	459
25.820	460
25.870	462
25.921	460
25.971	461
26.021	458
26.071	462
26.121	461
26.171	462
26.222	461
26.272	459
26.322	462
26.372	461
26.422	459
26.472	462
26.523	462
26.573	461
26.624	461
26.674	458
26.724	460
26.775	460
26.825	460
26.875	460
26.925	458
26.975	460
27.025	460
27.076	455
27.126	458
27.176	459
27.226	456
27.276	458
27.327	457
27.377	457
27.427	456
27.477	447
27.528	456
27.578	455
27.629	452
27.679	455
27.729	453
27.779	454
27.829	453
27.879	447
27.930	452
27.980	452
28.030	452
28.080	452
28.130	451
28.181	452
28.231	451
28.281	442
28.331	451
28.382	451
28.432	450
28.483	451
28.533	450
28.583	451
28.633	451
28.683	444
28.733	452
28.784	451
28.834	450
28.884	452
28.934	450
28.984	452
29.035	452
29.085	444
29.135	453
29.185	453
29.235	453
29.286	454
29.337	453
29.387	454
29.437	454
29.487	448
29.537	455
29.587	456
29.638	457
29.688	458
29.738	457
29.788	458
29.838	458
29.889	451
29.939	459
29.989	459
30.039	460
30.089	460
30.139	459
30.191	460
30.241	460
30.291	454
30.341	460
30.391	460
30.442	462
30.492	462
30.542	460
30.592	461
30.642	462
30.692	456
30.743	463
30.793	461
30.843	462
30.893	461
30.943	460
30.993	461
31.044	461
31.095	456
31.145	460
31.195	461
31.245	461
31.296	461
31.346	460
31.396	460
31.446	459
31.496	454
31.546	459
31.597	459
31.647	458
31.697	457
31.747	456
31.797	456
31.847	457
31.898	453
31.948	456
31.999	455
32.049	455
32.099	455
32.150	454
32.200	456
32.250	454
32.300	450
32.350	453
32.400	454
32.451	453
32.501	452
32.551	452
32.601	453
32.651	452
32.701	449
32.752	451
32.802	451
32.852	452
32.903	451
32.953	450
33.004	450
33.054	451
33.104	448
33.154	451
33.204	450
33.254	451
33.305	451
33.355	450
33.405	451
33.455	451
33.505	449
33.555	452
33.606	452
33.656	452
33.706	452
33.756	452
33.807	454
33.858	454
33.908	448
33.958	454
34.008	456
34.058	456
34.108	455
34.159	454
34.209	458
34.259	459
34.309	456
34.359	458
34.410	459
34.460	459
34.510	458
34.560	455
34.610	462
34.660	459
34.712	458
34.762	460
34.812	460
34.862	460
34.912	461
34.962	453
35.013	462
35.063	461
35.113	461
35.163	461
35.213	461
35.264	462
35.314	462
35.364	455
35.414	461
35.464	462
35.514	463
35.565	461
35.616	460
35.666	461
35.716	461
35.766	454
35.816	461
35.867	460
35.917	459
35.967	459
36.017	459
36.067	459
36.118	459
36.168	450
36.218	457
36.268	458
36.318	458
36.368	457
36.419	455
36.469	457
36.520	457
36.570	448
36.620	455
36.671	455
36.721	454
36.771	454
36.821	453
36.871	454
36.921	453
36.972	446
37.022	453
37.072	452
37.122	452
37.172	452
37.222	452
37.273	452
37.323	451
37.373	446
37.424	452
37.474	450
37.525	451
37.575	450
37.625	453
37.675	452
37.725	451
37.775	446
37.826	451
37.876	450
37.926	450
37.976	451
38.026	451
38.076	453
38.127	452
38.177	448
38.227	454
38.277	453
38.328	453
38.379	455
38.429	455
38.479	455
38.529	455
38.579	452
38.629	457
38.680	456
38.730	457
38.780	458
38.830	457
38.880	458
38.930	459
38.981	456
39.031	459
39.081	459
39.131	459
39.181	460
39.233	458
39.283	461
39.333	461
39.383	456
39.433	461
39.483	462
39.534	461
39.584	461
39.634	460
39.684	461
39.734	461
39.784	458
39.835	462
39.885	463
39.935	463
39.985	463
40.035	462
40.086	462
40.137	462
40.187	458
40.237	461
40.287	460
40.337	462
40.388	461
40.438	457
40.488	459
40.538	460
40.588	457
40.639	459
40.689	459
40.739	458
40.789	457
40.839	454
40.889	458
40.940	455
40.991	450
41.041	457
41.091	455
41.141	456
41.191	456
41.242	453
41.292	452
41.342	454
41.392	452
41.442	454
41.493	454
41.543	452
41.593	452
41.643	447
41.693	450
41.743	451
41.794	452
41.844	453
41.895	452
41.945	451
41.995	452
42.045	447
42.096	452
42.146	450
42.196	451
42.246	452
42.296	451
42.347	452
42.397	451
42.447	445
42.497	451
42.547	451
42.597	452
42.648	452
42.698	452
42.748	452
42.799	453
42.849	448
42.899	453
42.950	453
43.000	455
43.050	456
43.100	456
43.150	457
43.201	456
43.251	449
43.301	457
43.351	457
43.401	458
43.451	459
43.502	458
43.552	460
43.602	459
43.652	454
43.703	460
43.754	460
43.804	460
43.854	460
43.904	461
43.954	462
44.004	460
44.055	456
44.105	461
44.155	461
44.205	462
44.255	461
44.305	461
44.356	462
44.406	460
44.456	457
44.506	462
44.556	461
44.608	461
44.658	461
44.708	461
44.758	462
44.808	461
44.858	456
44.909	460
44.959	459
45.009	459
45.059	459
45.109	459
45.159	458
45.210	459
45.260	454
45.310	458
45.360	459
45.410	455
45.461	457
45.512	456
45.562	457
45.612	456
45.662	451
45.712	454
45.763	453
45.813	454
45.863	454
45.913	452
45.963	454
46.013	454
46.064	449
46.114	453
46.164	452
46.214	452
46.264	452
46.315	451
46.365	453
46.416	451
46.466	448
46.516	450
46.566	452
46.617	452
46.667	449
46.717	453
46.767	450
46.817	451
46.867	448
46.918	451
46.968	451
47.018	452
47.068	452
47.118	451
47.169	451
47.219	453
47.269	450
47.320	453
47.370	454
47.420	454
47.471	454
47.521	453
47.571	456
47.621	455
47.671	453
47.722	456
47.772	457
47.822	457
47.872	457
47.922	455
47.972	459
48.023	459
48.073	457
48.123	460
48.173	459
48.224	460
48.274	460
48.325	458
48.375	460
48.425	460
48.475	458
48.525	462
48.576	460
48.626	461
48.676	460
48.726	458
48.776	461
48.826	462
48.877	461
48.927	462
48.977	463
49.027	462
49.078	463
49.128	457
49.179	461
49.229	462
49.279	460
49.329	461
49.379	459
49.430	462
49.480	460
49.530	453
49.580	461
49.630	459
49.680	458
49.731	459
49.781	458
49.831	458
49.881	458
49.931	450
49.983	457
50.033	457
50.083	456
50.133	455
50.183	454
50.233	455
50.284	454
50.334	448
50.384	454
50.434	454
50.484	453
50.534	453
50.585	453
50.635	452
50.685	453
50.735	448
50.785	452
50.835	452
50.887	452
50.937	451
50.987	451
51.037	450
51.087	452
51.138	446
51.188	452
51.238	450
51.288	449
51.338	450
51.388	450
51.439	451
51.489	452
51.539	446
51.589	451
51.639	451
51.690	452
51.740	452
51.791	452
51.841	453
51.891	453
51.941	448
51.992	454
52.042	454
52.092	454
52.142	455
52.192	457
52.242	456
52.293	456
52.343	452
52.393	458
52.443	458
52.493	459
52.544	459
52.594	458
52.644	460
52.695	459
52.745	456
52.795	460
52.846	461
52.896	459
52.946	459
52.996	459
53.046	461
53.096	461
53.147	458
53.197	461
53.247	461
53.297	461
53.347	461
53.398	461
53.448	461
53.498	462
53.548	459
53.599	462
53.649	462
53.700	461
53.750	462
53.800	460
53.850	463
53.900	461
53.951	460
54.001	461
54.051	460
54.101	459
54.151	459
54.201	457
54.252	460
54.302	459
54.352	456
54.402	458
54.452	458
54.503	457
54.554	455
54.604	455
54.654	456
54.704	456
54.754	448
54.805	454
54.855	455
54.905	455
54.955	455
55.005	447
55.055	453
55.106	454
55.156	452
55.206	453
55.256	453
55.306	453
55.356	453
55.408	447
55.458	452
55.508	452
55.558	450
55.608	451
55.659	451
55.709	451
55.759	450
55.809	447
55.859	452
55.909	450
55.960	452
56.010	450
56.060	451
56.110	451
56.160	450
56.210	444
56.261	451
56.312	453
56.362	453
56.412	453
56.462	453
56.513	456
56.563	454
56.613	448
56.663	455
56.713	456
56.763	455
56.814	457
56.864	457
56.914	457
56.964	457
57.014	452
57.064	458
57.115	458
57.165	459
57.216	458
57.266	459
57.316	459
57.367	461
57.417	452
57.467	461
57.517	460
57.567	460
57.617	462
57.668	460
57.718	461
57.768	462
57.818	456
57.868	462
57.919	460
57.969	462
58.019	462
58.069	462
58.120	460
58.170	461
58.221	453
58.271	462
58.321	461
58.371	460
58.421	462
58.471	460
58.522	461
58.572	461
58.622	456
58.672	461
58.722	459
58.773	460
58.823	460
58.873	458
58.923	458
58.974	458
59.024	453
59.075	457
59.125	457
59.175	457
59.225	456
59.275	456
59.325	455
59.376	455
59.426	452
59.476	456
59.526	456
59.576	454
59.627	455
59.677	454
59.727	455
59.777	452
59.827	448
59.878	453
59.929	453
59.979	452
60.029	451
60.079	448
60.129	451
60.179	450
60.230	448
60.280	451
60.330	449
60.380	451
60.430	451
60.481	450
60.531	452
60.581	452
60.631	448
60.681	452
60.731	453
60.783	453
60.833	452
60.883	452
60.933	452
60.983	453
61.034	451
61.084	454
61.134	454
61.184	455
61.234	456
61.284	454
61.335	455
61.385	455
61.435	456
61.485	457
61.535	456
61.585	456
61.636	458
61.687	456
61.737	459
61.787	459
61.837	458
61.888	460
61.938	458
61.988	461
62.038	461
62.088	457
62.138	461
62.189	459
62.239	461
62.289	461
62.339	461
62.389	461
62.439	461
62.490	455
62.540	462
62.591	462
62.641	461
62.691	463
62.742	462
62.792	463
62.842	462
62.892	455
62.942	462
62.992	461
63.043	460
63.093	462
63.143	461
63.193	461
63.243	461
63.293	452
63.344	459
63.394	459
63.444	460
63.495	459
63.545	457
63.596	458
63.646	456
63.696	448
63.746	457
63.796	456
63.846	454
63.897	456
63.947	455
63.997	457
64.047	455
64.097	448
64.147	455
64.198	455
64.248	454
64.298	454
64.348	453
64.399	453
64.450	454
64.500	445
64.550	452
64.600	452
64.650	452
64.700	451
64.751	450
64.801	451
64.851	450
64.901	446
64.951	451
65.002	451
65.052	451
65.102	452
65.152	450
65.202	450
65.252	450
65.304	444
65.354	452
65.404	453
65.454	450
65.504	453
65.554	453
65.605	455
65.655	455
65.705	450
65.755	455
65.805	457
65.856	456
65.906	458
65.956	455
66.006	457
66.056	457
66.106	454
66.157	458
66.208	458
66.258	458
66.308	458
66.358	459
66.408	459
66.459	460
66.509	455
66.559	461
66.609	460
66.659	461
66.710	459
66.760	459
66.810	460
66.860	461
66.910	456
66.960	460
67.011	461
67.061	462
67.112	461
67.162	460
67.212	463
67.263	462
67.313	459
67.363	462
67.413	462
67.463	463
67.513	461
67.564	461
67.614	462
67.664	462
67.714	458
67.764	461
67.814	462
67.865	461
67.915	460
67.965	458
68.016	459
68.066	459
68.117	456
68.167	458
68.217	457
68.267	456
68.317	457
68.367	454
68.418	456
68.468	456
68.518	448
68.568	454
68.618	455
68.668	453
68.719	454
68.769	447
68.819	453
68.869	452
68.920	451
68.971	453
69.021	453
69.071	453
69.121	452
69.171	447
69.221	453
69.272	451
69.322	452
69.372	453
69.422	450
69.472	451
69.522	452
69.573	445
69.623	451
69.673	452
69.723	451
69.773	451
69.825	450
69.875	452
69.925	451
69.975	445
70.025	452
70.075	453
70.126	452
70.176	453
70.226	453
70.276	455
70.326	455
70.376	449
70.427	454
70.477	456
70.527	457
70.577	458
70.627	457
70.678	458
70.729	459
70.779	453
70.829	460
70.879	460
70.929	461
70.980	459
71.030	459
71.080	461
71.130	460
71.180	453
71.231	461
71.281	461
71.331	461
71.381	462
71.431	461
71.481	462
71.532	461
71.583	454
71.633	461
71.683	461
71.733	461
71.783	461
71.834	461
71.884	461
71.934	462
71.984	456
72.034	462
72.085	461
72.135	460
72.185	461
72.235	459
72.285	461
72.335	461
72.386	453
72.436	459
72.487	460
72.537	460
72.587	458
72.637	457
72.688	458
72.738	455
72.788	450
72.838	457
72.888	455
72.939	456
72.989	455
73.039	454
73.089	454
73.139	454
73.189	449
73.240	454
73.290	453
73.340	453
73.391	453
73.441	452
73.491	453
73.542	452
73.592	449
73.642	452
73.692	452
73.742	452
73.793	452
73.843	451
73.893	452
73.943	453
73.993	448
74.043	449
74.094	451
74.144	450
74.194	451
74.244	451
74.295	451
74.346	451
74.396	449
74.446	452
74.496	452
74.546	452
74.596	453
74.647	455
74.697	455
74.747	454
74.797	453
74.847	455
74.897	455
74.948	456
74.998	457
75.048	455
75.098	458
75.148	458
75.200	456
75.250	459
75.300	459
75.350	459
75.400	460
75.450	458
75.501	460
75.551	459
75.601	456
75.651	462
75.701	460
75.751	460
75.802	462
75.852	459
75.902	462
75.952	461
76.002	460
76.053	461
76.104	462
76.154	462
76.204	461
76.254	460
76.304	462
76.355	460
76.405	460
76.455	461
76.505	462
76.555	460
76.605	461
76.656	455
76.706	461
76.756	460
76.806	460
76.856	459
76.907	459
76.957	459
77.008	459
77.058	453
77.108	458
77.158	456
77.209	456
77.259	456
77.309	456
77.359	456
77.409	455
77.459	450
77.510	454
77.560	454
77.610	453
77.660	454
77.710	454
77.761	453
77.811	452
77.861	446
77.912	452
77.962	452
78.012	452
78.063	453
78.113	452
78.163	453
78.213	454
78.263	446
78.314	451
78.364	453
78.414	451
78.464	451
78.514	451
78.564	451
78.615	451
78.665	446
78.715	452
78.765	452
78.816	452
78.866	452
78.917	453
78.967	452
79.017	452
79.067	448
79.117	454
79.168	454
79.218	455
79.268	454
79.318	455
79.368	457
79.418	458
79.469	454
79.519	459
79.569	457
79.619	459
79.670	460
79.720	459
79.771	461
79.821	461
79.871	456
79.921	461
79.971	461
80.022	461
80.072	460
80.122	461
80.172	462
80.222	461
80.272	456
80.323	461
80.373	461
80.423	461
80.473	462
80.523	461
80.575	462
80.625	462
80.675	457
80.725	462
80.775	462
80.825	462
80.876	461
80.926	461
80.976	461
81.026	463
81.076	456
81.126	462
81.177	459
81.227	460
81.277	460
81.327	459
81.377	459
81.427	459
81.479	455
81.529	457
81.579	456
81.629	456
81.679	457
81.730	454
81.780	456
81.830	455
81.880	452
81.930	455
81.980	455
82.031	454
82.081	454
82.131	455
82.181	453
82.231	453
82.282	450
82.332	453
82.383	452
82.433	452
82.483	452
82.533	449
82.584	451
82.634	451
82.684	448
82.734	450
82.784	452
82.834	453
82.885	450
82.935	450
82.985	452
83.035	451
83.085	449
83.136	452
83.186	453
83.236	452
83.287	453
83.337	447
83.387	453
83.438	454
83.488	452
83.538	455
83.588	456
83.638	457
83.688	456
83.739	454
83.789	455
83.839	458
83.889	456
83.939	459
83.990	458
84.040	459
84.090	459
84.140	451
84.191	460
84.241	459
84.292	459
84.342	460
84.392	459
84.442	460
84.492	461
84.543	455
84.593	461
84.643	463
84.693	462
84.743	462
84.793	462
84.844	462
84.894	463
84.944	457
84.994	463
85.044	463
85.095	462
85.146	462
85.196	463
85.246	460
85.296	462
85.346	455
85.397	462
85.447	463
85.497	460
85.547	459
85.597	459
85.647	460
85.698	459
85.748	452
85.798	458
85.848	458
85.898	458
85.948	458
86.000	457
86.050	456
86.100	457
86.150	449
86.200	456
86.251	455
86.301	454
86.351	455
86.401	455
86.451	455
86.501	456
86.552	449
86.602	453
86.652	452
86.702	453
86.752	453
86.802	452
86.853	452
86.904	452
86.954	448
87.004	451
87.054	452
87.105	450
87.155	452
87.205	449
87.255	450
87.305	452
87.355	446
87.406	453
87.456	451
87.506	452
87.556	452
87.606	452
87.656	453
87.707	452
87.757	448
87.808	454
87.858	454
87.908	454
87.959	455
88.009	454
88.059	456
88.109	456
88.159	454
88.209	458
88.260	457
88.310	459
88.360	458
88.410	457
88.460	459
88.511	458
88.561	456
88.611	459
88.661	461
88.712	460
88.762	460
88.813	459
88.863	461
88.913	461
88.963	460
89.013	463
89.063	459
89.114	461
89.164	461
89.214	458
89.264	462
89.314	462
89.365	460
89.415	462
89.465	462
89.515	462
89.566	463
89.616	459
89.667	462
89.717	461
89.767	460
89.817	463
89.867	462
89.917	461
89.968	461
90.018	457
90.068	459
90.118	459
90.168	457
90.219	459
90.269	458
90.319	459
90.369	458
90.419	455
90.470	455
90.521	456
90.571	453
90.621	456
90.671	454
90.721	453
90.771	454
90.822	447
90.872	454
90.922	453
90.972	452
91.022	453
91.073	453
91.123	452
91.173	453
91.223	447
91.273	452
91.323	452
91.375	451
91.425	452
91.475	451
91.525	451
91.575	452
91.626	447
