#Creator: pendulumdriveEventBuffer
#Creation time: Thu Apr 11 16:06:28 2019
#Time	Pos
#[s]	[au]
0.049	445
0.100	452
0.151	453
0.201	452
0.251	450
0.301	449
0.351	449
0.401	448
0.452	438
0.502	447
0.552	444
0.602	443
0.652	443
0.702	441
0.753	441
0.803	440
0.853	432
0.903	440
0.954	438
1.005	441
1.055	437
1.105	437
1.155	440
1.205	438
1.255	432
1.306	438
1.356	438
1.406	438
1.456	438
1.506	437
1.557	438
1.607	439
1.657	433
1.707	439
1.757	439
1.807	439
1.859	439
1.909	439
1.959	441
2.009	442
2.059	436
2.109	444
2.160	444
2.210	446
2.260	446
2.310	444
2.360	450
2.411	449
2.461	446
2.511	451
2.561	451
2.611	452
2.661	451
2.712	449
2.763	450
2.813	451
2.863	443
2.913	449
2.963	448
3.014	445
3.064	446
3.114	442
3.164	444
3.214	443
3.265	435
3.315	440
3.365	438
3.415	438
3.465	438
3.515	435
3.566	437
3.616	437
3.667	432
3.717	437
3.767	437
3.818	438
3.868	438
3.918	437
3.968	438
4.018	439
4.068	433
4.119	438
4.169	440
4.219	439
4.269	441
4.319	438
4.369	440
4.420	440
4.471	436
4.521	442
4.571	443
4.621	444
4.672	444
4.722	444
4.772	448
4.822	448
4.872	441
4.922	449
4.973	451
5.023	450
5.073	452
5.123	450
5.173	451
5.223	450
5.275	442
5.325	450
5.375	449
5.425	445
5.475	448
5.526	446
5.576	445
5.626	444
5.676	433
5.726	442
5.776	441
5.827	435
5.877	437
5.927	437
5.977	436
6.027	437
6.078	424
6.129	435
6.179	435
6.229	432
6.279	439
6.329	437
6.380	438
6.430	439
6.480	427
6.530	439
6.580	440
6.630	437
6.681	440
6.731	441
6.781	443
6.831	442
6.881	438
6.933	443
6.983	445
7.033	442
7.083	445
7.133	445
7.183	447
7.234	449
7.284	445
7.334	449
7.384	450
7.434	446
7.484	451
7.535	451
7.585	451
7.635	450
7.685	447
7.735	451
7.787	449
7.837	443
7.887	448
7.937	447
7.987	446
8.037	444
8.088	440
8.138	443
8.188	443
8.238	434
8.288	440
8.338	438
8.389	438
8.439	436
8.489	434
8.539	435
8.589	434
8.641	430
8.691	435
8.741	435
8.791	438
8.841	437
8.891	438
8.942	440
8.992	438
9.042	436
9.092	441
9.142	442
9.192	442
9.243	443
9.293	443
9.343	444
9.393	445
9.443	440
9.495	447
9.545	447
9.595	448
9.645	448
9.695	445
9.745	449
9.796	449
9.846	446
9.896	450
9.946	450
9.996	450
10.046	449
10.097	445
10.147	448
10.197	448
10.247	444
10.297	447
10.348	447
10.399	445
10.449	446
10.499	441
10.549	444
10.599	443
10.650	436
10.700	440
10.750	441
10.800	440
10.850	439
10.901	435
10.951	437
11.001	436
11.051	432
11.101	436
11.151	436
11.202	437
11.252	437
11.303	431
11.353	437
11.403	438
11.453	434
11.504	439
11.554	439
11.604	441
11.654	442
11.704	433
11.755	443
11.805	444
11.855	442
11.905	447
11.955	446
12.005	448
12.056	448
12.106	440
12.156	450
12.207	450
12.257	448
12.307	451
12.358	451
12.408	451
12.458	449
12.508	442
12.558	449
12.609	451
12.659	448
12.709	446
12.759	447
12.809	446
12.859	446
12.910	437
12.960	444
13.010	442
13.060	441
13.111	441
13.162	440
13.212	440
13.262	439
13.312	432
13.362	439
13.412	438
13.463	436
13.513	436
13.563	436
13.613	436
13.663	437
13.713	428
13.764	437
13.814	436
13.864	438
13.914	438
13.964	439
14.016	441
14.066	441
14.116	432
14.166	441
14.216	442
14.266	443
14.317	445
14.367	445
14.417	447
14.467	446
14.517	440
14.567	448
14.618	449
14.668	452
14.718	449
14.768	449
14.818	451
14.869	452
14.920	444
14.970	450
15.020	450
15.070	449
15.120	449
15.171	446
15.221	447
15.271	447
15.321	439
15.371	445
15.421	444
15.472	443
15.522	442
15.572	440
15.622	440
15.672	439
15.723	435
15.773	439
15.824	439
15.874	437
15.924	438
15.974	437
16.025	437
16.075	438
16.125	434
16.175	436
16.225	437
16.275	437
16.326	439
16.376	435
16.426	439
16.476	440
16.526	433
16.577	440
16.627	441
16.677	443
16.728	443
16.778	441
16.828	445
16.879	446
16.929	442
16.979	448
17.029	448
17.079	450
17.130	451
17.180	447
17.230	452
17.280	451
17.330	448
17.380	452
17.431	451
17.481	450
17.531	450
17.581	445
17.632	447
17.682	447
17.733	442
17.783	445
17.833	444
17.883	443
17.933	442
17.984	431
18.034	440
18.084	440
18.134	436
18.184	439
18.234	437
18.285	438
18.335	438
18.385	431
18.435	437
18.486	438
18.536	434
18.587	438
18.637	437
18.687	437
18.737	438
18.787	429
18.838	440
18.888	440
18.938	436
18.988	440
19.038	441
19.088	443
19.139	443
19.189	432
19.239	445
19.289	445
19.339	442
19.390	447
19.441	447
19.491	449
19.541	449
19.591	437
19.641	452
19.692	449
19.742	445
19.792	452
19.842	451
19.892	450
19.942	450
19.993	442
20.043	450
20.093	448
20.143	448
20.193	447
20.243	447
20.295	445
20.345	444
20.395	434
20.445	442
20.495	441
20.546	438
20.596	440
20.646	437
20.696	438
20.746	438
20.796	428
20.847	437
20.897	436
20.947	437
20.997	437
21.047	436
21.098	438
21.148	437
21.199	432
21.249	439
21.299	440
21.349	438
21.400	441
21.450	441
21.500	440
21.550	443
21.600	435
21.650	443
21.701	444
21.751	445
21.801	446
21.851	446
21.901	449
21.952	449
22.002	444
22.052	450
22.103	450
22.153	452
22.203	450
22.254	451
22.304	452
22.354	451
22.404	444
22.454	451
22.504	449
22.555	448
22.605	448
22.655	445
22.705	446
22.755	445
22.806	436
22.856	442
22.906	441
22.956	440
23.007	439
23.057	438
23.108	438
23.158	438
23.208	432
23.258	437
23.308	438
23.358	436
23.409	437
23.459	434
23.509	438
23.559	438
23.609	432
23.660	437
23.710	438
23.760	440
23.810	442
23.860	439
23.911	443
23.962	442
24.012	440
24.062	442
24.112	444
24.162	446
24.213	447
24.263	444
24.313	447
24.363	448
24.413	444
24.463	449
24.514	449
24.564	451
24.614	451
24.664	446
24.714	450
24.764	451
24.816	448
24.866	449
24.916	449
24.966	449
25.016	448
25.067	439
25.117	446
25.167	446
25.217	441
25.267	444
25.317	441
25.368	440
25.418	439
25.468	429
25.518	438
25.568	438
25.618	433
25.669	437
25.720	437
25.770	437
25.820	438
25.870	426
25.921	438
25.971	437
26.021	432
26.071	439
26.121	439
26.171	439
26.222	440
26.272	430
26.322	440
26.372	441
26.422	441
26.472	443
26.523	443
26.573	445
26.624	445
26.674	438
26.724	447
26.775	448
26.825	448
26.875	450
26.925	449
26.975	451
27.025	450
27.076	442
27.126	451
27.176	451
27.226	449
27.276	451
27.326	450
27.377	448
27.427	447
27.477	438
27.528	447
27.578	445
27.629	444
27.679	444
27.729	440
27.779	440
27.829	439
27.879	432
27.930	439
27.980	437
28.030	439
28.080	437
28.130	436
28.181	436
28.231	436
28.281	430
28.331	437
28.381	437
28.432	438
28.483	439
28.533	438
28.583	440
28.633	440
28.683	432
28.733	442
28.784	442
28.834	444
28.884	443
28.934	443
28.984	446
29.035	447
29.085	441
29.135	447
29.185	448
29.235	450
29.285	450
29.337	450
29.387	450
29.437	450
29.487	444
29.537	452
29.587	451
29.638	451
29.688	449
29.738	444
29.788	447
29.838	448
29.889	440
29.939	445
29.989	444
30.039	443
30.089	442
30.139	439
30.190	440
30.241	439
30.291	434
30.341	437
30.391	437
30.442	437
30.492	437
30.542	435
30.592	437
30.642	436
30.692	432
30.743	438
30.793	437
30.843	439
30.893	438
30.943	431
30.993	438
31.044	441
31.094	438
31.145	443
31.195	442
31.245	443
31.296	446
31.346	439
31.396	448
31.446	447
31.496	445
31.546	449
31.597	449
31.647	452
31.697	450
31.747	441
31.797	451
31.847	450
31.898	448
31.948	451
31.998	449
32.049	449
32.099	448
32.150	438
32.200	447
32.250	446
32.300	442
32.350	444
32.400	442
32.451	443
32.501	441
32.551	428
32.601	440
32.651	440
32.701	438
32.752	439
32.802	437
32.852	438
32.902	438
32.953	430
33.004	437
33.054	436
33.104	436
33.154	437
33.204	436
33.254	437
33.305	438
33.355	430
33.405	441
33.455	439
33.505	440
33.555	443
33.606	443
33.656	444
33.706	446
33.756	436
33.806	447
33.858	447
33.908	448
33.958	449
34.008	449
34.058	450
34.108	451
34.159	444
34.209	451
34.259	451
34.309	450
34.359	450
34.410	449
34.460	450
34.510	448
34.560	442
34.610	448
34.660	446
34.711	444
34.762	444
34.812	443
34.862	443
34.912	441
34.962	434
35.013	440
35.063	440
35.113	439
35.163	438
35.213	437
35.264	438
35.314	435
35.364	432
35.414	437
35.464	437
35.514	437
35.565	437
35.615	436
35.666	439
35.716	439
35.766	433
35.816	440
35.867	440
35.917	441
35.967	442
36.017	441
36.067	444
36.118	444
36.168	440
36.218	446
36.268	447
36.318	449
36.368	448
36.419	447
36.469	449
36.520	449
36.570	445
36.620	452
36.670	450
36.721	452
36.771	451
36.821	451
36.871	450
36.921	449
36.972	444
37.022	448
37.072	446
37.122	446
37.172	445
37.222	439
37.273	443
37.323	442
37.373	434
37.424	440
37.474	439
37.525	439
37.575	438
37.625	435
37.675	437
37.725	437
37.775	432
37.826	437
37.876	437
37.926	437
37.976	437
38.026	435
38.076	437
38.127	440
38.177	436
38.227	438
38.277	440
38.328	441
38.379	443
38.429	431
38.479	444
38.529	445
38.579	444
38.629	448
38.680	447
38.730	448
38.780	449
38.830	437
38.880	451
38.930	451
38.981	448
39.031	452
39.081	452
39.131	453
39.181	450
39.233	442
39.283	450
39.333	450
39.383	445
39.433	448
39.483	446
39.534	445
39.584	445
39.634	434
39.684	442
39.734	442
39.784	438
39.835	441
39.885	439
39.935	439
39.985	438
40.035	430
40.086	437
40.137	437
40.187	436
40.237	438
40.287	435
40.337	436
40.388	439
40.438	432
40.488	439
40.538	440
40.588	438
40.638	440
40.689	440
40.739	439
40.789	441
40.839	435
40.889	443
40.940	444
40.990	444
41.041	444
41.091	446
41.141	447
41.191	448
41.242	442
41.292	450
41.342	450
41.392	451
41.442	451
41.493	450
41.543	451
41.593	451
41.643	441
41.693	451
41.743	449
41.794	450
41.844	448
41.894	446
41.945	447
41.995	446
42.045	437
42.096	442
42.146	444
42.196	442
42.246	440
42.296	439
42.347	440
42.397	439
42.447	432
42.497	438
42.547	437
42.597	439
42.648	437
42.698	435
42.748	438
42.798	439
42.849	432
42.899	438
42.950	438
43.000	439
43.050	440
43.100	439
43.150	439
43.201	440
43.251	437
43.301	442
43.351	443
43.401	444
43.451	444
43.502	443
43.552	447
43.602	447
43.652	443
43.702	449
43.754	450
43.804	451
43.854	451
43.904	447
43.954	451
44.004	453
44.055	448
44.105	451
44.155	451
44.205	450
44.255	449
44.305	443
44.356	448
44.406	446
44.456	440
44.506	444
44.556	443
44.606	441
44.658	442
44.708	437
44.758	439
44.808	437
44.858	432
44.909	439
44.959	436
45.009	437
45.059	437
45.109	431
45.159	438
45.210	438
45.260	434
45.310	438
45.360	438
45.410	439
45.461	439
45.511	431
45.562	440
45.612	440
45.662	436
45.712	442
45.763	442
45.813	443
45.863	443
45.913	435
45.963	446
46.013	445
46.064	445
46.114	449
46.164	448
46.214	448
46.264	449
46.315	441
46.365	450
46.416	451
46.466	449
46.516	452
46.566	450
46.617	450
46.667	450
46.717	437
46.767	449
46.817	448
46.867	440
46.918	445
46.968	444
47.018	444
47.068	443
47.118	430
47.169	441
47.219	440
47.269	438
47.320	438
47.370	437
47.420	438
47.471	438
47.521	429
47.571	437
47.621	436
47.671	436
47.722	437
47.772	437
47.822	439
47.872	438
47.922	432
47.972	440
48.023	440
48.073	438
48.123	441
48.173	441
48.224	443
48.274	443
48.325	437
48.375	446
48.425	447
48.475	446
48.525	446
48.576	446
48.626	450
48.676	449
48.726	443
48.776	450
48.826	451
48.877	452
48.927	452
48.977	450
49.027	451
49.077	451
49.128	442
49.179	449
49.229	449
49.279	448
49.329	447
49.379	444
49.430	445
49.480	443
49.530	437
49.580	441
49.630	440
49.680	440
49.731	440
49.781	439
49.831	437
49.881	438
49.931	432
49.981	437
50.033	437
50.083	437
50.133	438
50.183	435
50.233	437
50.284	438
50.334	433
50.384	440
50.434	440
50.484	438
50.534	442
50.585	441
50.635	441
50.685	441
50.735	438
50.785	445
50.835	445
50.886	446
50.937	447
50.987	444
51.037	448
51.087	449
51.138	445
51.188	449
51.238	450
51.288	451
51.338	450
51.388	446
51.439	451
51.489	450
51.539	446
51.589	449
51.639	448
51.690	448
51.740	447
51.790	442
51.841	446
51.891	445
51.941	438
51.992	442
52.042	443
52.092	441
52.142	439
52.192	431
52.242	439
52.293	438
52.343	436
52.393	439
52.443	436
52.493	437
52.544	438
52.594	428
52.644	439
52.694	437
52.745	434
52.795	437
52.846	438
52.896	439
52.946	439
52.996	430
53.046	440
53.096	440
53.147	436
53.197	442
53.247	442
53.297	444
53.347	445
53.398	438
53.448	447
53.498	449
53.548	448
53.598	450
53.649	451
53.700	452
53.750	453
53.800	442
53.850	453
53.900	451
53.950	449
54.001	450
54.051	449
54.101	450
54.151	448
54.201	441
54.252	446
54.302	446
54.352	446
54.402	447
54.452	441
54.502	442
54.554	441
54.604	432
54.654	440
54.704	439
54.754	437
54.805	438
54.855	437
54.905	437
54.955	437
55.005	427
55.055	437
55.106	438
55.156	438
55.206	438
55.256	437
55.306	439
55.356	439
55.407	433
55.458	439
55.508	441
55.558	441
55.608	442
55.659	442
55.709	443
55.759	445
55.809	438
55.859	444
55.909	447
55.960	447
56.010	448
56.060	450
56.110	450
56.160	451
56.210	442
56.261	452
56.311	450
56.362	450
56.412	452
56.462	448
56.513	450
56.563	449
56.613	440
56.663	448
56.713	447
56.763	446
56.814	446
56.864	440
56.914	444
56.964	442
57.014	435
57.064	440
57.115	440
57.165	438
57.216	438
57.266	435
57.316	438
57.367	437
57.417	434
57.467	436
57.517	437
57.567	438
57.617	438
57.668	435
57.718	439
57.768	439
57.818	434
57.868	439
57.918	440
57.969	439
58.019	440
58.069	439
58.120	443
58.170	443
58.221	440
58.271	445
58.321	445
58.371	448
58.421	447
58.471	445
58.522	450
58.572	450
58.622	448
58.672	451
58.722	451
58.773	452
58.823	451
58.873	446
58.923	451
58.973	450
59.024	445
59.075	449
59.125	447
59.175	448
59.225	448
59.275	439
59.325	443
59.376	444
59.426	437
59.476	442
59.526	439
59.576	439
59.627	439
59.677	429
59.727	438
59.777	437
59.827	434
59.877	437
59.929	438
59.979	436
60.029	436
60.079	429
60.129	438
60.179	439
60.230	436
60.280	439
60.330	439
60.380	440
60.430	441
60.481	430
60.531	442
60.581	443
60.631	441
60.681	444
60.731	445
60.782	446
60.833	447
60.883	439
60.933	448
60.983	449
61.034	449
61.084	449
61.134	449
61.184	450
61.234	452
61.284	440
61.335	451
61.385	451
61.435	451
61.485	450
61.535	449
61.585	449
61.636	447
61.686	438
61.737	447
61.787	445
61.837	444
61.888	443
61.938	442
61.988	441
62.038	440
62.088	432
62.138	439
62.189	438
62.239	437
62.289	437
62.339	436
62.389	437
62.439	438
62.490	430
62.540	437
62.590	437
62.641	438
62.691	439
62.742	437
62.792	440
62.842	439
62.892	435
62.942	440
62.992	441
63.043	443
63.093	444
63.143	443
63.193	444
63.243	447
63.293	440
63.344	449
63.394	449
63.444	449
63.494	448
63.545	449
63.596	450
63.646	451
63.696	445
63.746	449
63.796	453
63.846	450
63.897	450
63.947	447
63.997	449
64.047	448
64.097	442
64.147	447
64.198	446
64.248	445
64.298	443
64.348	440
64.398	442
64.450	441
64.500	434
64.550	439
64.600	439
64.650	439
64.700	439
64.751	437
64.801	437
64.851	437
64.901	432
64.951	437
65.002	437
65.052	437
65.102	438
65.152	435
65.202	439
65.252	438
65.303	433
65.354	439
65.404	438
65.454	441
65.504	442
65.554	439
65.605	444
65.655	443
65.705	442
65.755	447
65.805	446
65.856	448
65.906	449
65.956	439
66.006	451
66.056	450
66.106	448
66.157	451
66.207	451
66.258	452
66.308	451
66.358	447
66.408	450
66.459	449
66.509	446
66.559	448
66.609	446
66.659	448
66.710	444
66.760	435
66.810	443
66.860	442
66.910	438
66.960	441
67.011	440
67.061	439
67.112	439
67.162	429
67.212	439
67.262	437
67.313	436
67.363	438
67.413	438
67.463	438
67.513	439
67.564	427
67.614	438
67.664	438
67.714	432
67.764	439
67.814	439
67.865	440
67.915	441
67.965	430
68.016	443
68.066	443
68.117	436
68.167	445
68.217	444
68.267	447
68.317	447
68.367	437
68.418	450
68.468	451
68.518	448
68.568	450
68.618	450
68.668	450
68.719	451
68.769	444
68.819	452
68.869	450
68.920	449
68.971	449
69.021	447
69.071	447
69.121	446
69.171	436
69.221	445
69.272	444
69.322	443
69.372	442
69.422	441
69.472	441
69.522	440
69.573	433
69.623	439
69.673	438
69.723	439
69.773	437
69.825	437
69.875	438
69.925	438
69.975	432
70.025	438
70.075	438
70.126	439
70.176	438
70.226	439
70.276	438
70.326	439
70.376	430
70.427	439
70.477	441
70.527	442
70.577	443
70.627	441
70.678	446
70.729	444
70.779	440
70.829	448
70.879	448
70.929	449
70.980	450
71.030	447
71.080	452
71.130	452
71.180	446
71.230	452
71.281	452
71.331	452
71.381	451
71.431	446
71.481	449
71.532	448
71.582	442
71.633	447
71.683	445
71.733	445
71.783	444
71.834	439
71.884	441
71.934	439
71.984	434
72.034	440
72.085	439
72.135	436
72.185	438
72.235	435
72.285	436
72.335	437
72.386	434
72.436	438
72.486	437
72.537	437
72.587	438
72.637	437
72.688	438
72.738	439
72.788	434
72.838	441
72.888	441
72.939	441
72.989	442
73.039	439
73.089	443
73.139	444
73.189	441
73.240	446
73.290	446
73.340	449
73.390	449
73.441	443
73.491	450
73.542	450
73.592	449
73.642	451
73.692	451
73.742	452
73.793	452
73.843	440
73.893	450
73.943	449
73.993	446
74.043	447
74.094	446
74.144	446
74.194	446
74.244	436
74.294	442
74.346	442
74.396	440
74.446	441
74.496	439
74.546	439
74.596	438
74.647	430
74.697	438
74.747	438
74.797	436
74.847	437
74.897	437
74.948	438
74.998	438
75.048	431
75.098	439
75.148	439
75.198	438
75.250	439
75.300	439
75.350	442
75.400	442
75.450	430
75.501	442
75.551	441
75.601	444
75.651	445
75.701	445
75.751	448
75.802	448
75.852	442
75.902	449
75.952	449
76.002	449
76.053	452
76.103	450
76.154	453
76.204	451
76.254	444
76.304	452
76.355	450
76.405	450
76.455	449
76.505	447
76.555	448
76.605	446
76.656	438
76.706	444
76.756	443
76.806	441
76.856	442
76.907	439
76.957	438
77.008	439
77.058	428
77.108	437
77.158	437
77.209	436
77.259	437
77.309	437
77.359	438
77.409	436
77.459	433
77.510	440
77.560	438
77.610	439
77.660	439
77.710	439
77.761	438
77.811	442
77.861	434
77.912	441
77.962	441
78.012	443
78.063	443
78.113	445
78.163	445
78.213	447
78.263	442
78.314	449
78.364	448
78.414	450
78.464	450
78.514	451
78.564	450
78.615	451
78.665	444
78.715	453
78.765	451
78.816	451
78.866	450
78.917	447
78.967	448
79.017	448
79.067	442
79.117	446
79.168	444
79.218	442
79.268	442
79.318	439
79.368	441
79.418	440
79.469	434
79.519	438
79.569	437
79.619	440
79.669	436
79.720	434
79.771	437
79.821	439
79.871	433
79.921	438
79.971	438
80.022	438
80.072	438
80.122	431
80.172	440
80.222	440
80.272	436
80.323	441
80.373	442
80.423	442
80.473	443
80.523	432
80.573	444
80.625	445
80.675	444
80.725	447
80.775	447
80.825	448
80.876	451
80.926	441
80.976	450
81.026	451
81.076	448
81.126	451
81.177	450
81.227	451
81.277	451
81.327	443
81.377	449
81.427	447
81.478	446
81.529	445
81.579	446
81.629	445
81.679	443
81.730	433
81.780	442
81.830	440
81.880	438
81.930	439
81.980	438
82.031	438
82.081	437
82.131	429
82.181	437
82.231	437
82.282	436
82.332	437
82.382	437
82.433	439
82.483	439
82.533	432
82.584	441
82.634	440
82.684	440
82.734	440
82.784	441
82.834	441
82.885	443
82.935	436
82.985	446
83.035	445
83.085	446
83.136	448
83.186	448
83.236	449
83.286	450
83.337	440
83.387	450
83.438	451
83.488	451
83.538	451
83.588	450
83.638	450
83.688	451
83.739	444
83.789	450
83.839	449
83.889	449
83.939	447
83.990	446
84.040	446
84.090	445
84.140	437
84.190	443
84.241	441
84.292	441
84.342	441
84.392	438
84.442	440
84.492	439
84.542	429
84.593	438
84.643	437
84.693	437
84.743	437
84.793	437
84.844	437
84.894	438
84.944	433
84.994	439
85.044	439
85.094	440
85.146	441
85.196	437
85.246	440
85.296	441
85.346	437
85.397	443
85.447	443
85.497	444
85.547	446
85.597	444
85.647	448
85.698	448
85.748	445
85.798	450
85.848	451
85.898	452
85.948	451
85.999	447
86.050	451
86.100	452
86.150	448
86.200	452
86.251	450
86.301	449
86.351	448
86.401	443
86.451	447
86.501	445
86.552	440
86.602	445
86.652	442
86.702	441
86.752	441
86.802	431
86.853	441
86.903	440
86.954	435
87.004	440
87.054	437
87.105	440
87.155	437
87.205	431
87.255	439
87.305	439
87.355	435
87.406	439
87.456	439
87.506	440
87.556	440
87.606	428
87.656	439
87.707	440
87.757	438
87.808	440
87.858	441
87.908	443
87.959	443
88.009	435
88.059	445
88.109	446
88.159	444
88.209	448
88.260	450
88.310	450
88.360	449
88.410	442
88.460	452
88.510	451
88.561	450
88.611	452
88.661	449
88.712	452
88.762	450
88.813	441
88.863	449
88.913	449
88.963	446
89.013	447
89.063	445
89.114	445
89.164	444
89.214	434
89.264	441
89.314	440
89.365	438
89.415	439
89.465	438
89.515	438
89.565	438
89.616	428
89.667	438
89.717	436
89.767	436
89.817	438
89.867	437
89.917	438
89.968	439
90.018	431
90.068	439
90.118	440
90.168	438
90.219	439
90.269	440
90.319	442
90.369	443
90.419	435
90.469	445
90.521	445
90.571	447
90.621	448
90.671	448
90.721	451
90.771	449
90.822	444
90.872	451
90.922	451
90.972	452
91.022	453
91.073	450
91.123	451
91.173	451
91.223	443
91.273	450
91.323	449
91.374	448
91.425	447
91.475	445
91.525	446
91.575	445
91.626	436
91.676	442
91.726	441
91.776	441
91.826	441
91.876	437
91.927	440
91.977	439
92.027	433
92.077	439
92.127	439
92.177	438
92.228	439
92.278	437
92.329	439
92.379	439
92.429	432
92.480	439
92.530	440
92.580	438
92.630	439
92.680	438
92.730	439
92.781	441
92.831	434
92.881	442
92.931	442
92.981	443
93.031	444
93.082	442
93.132	446
93.182	448
93.233	445
93.283	449
93.334	450
93.384	450
93.434	452
93.484	447
93.534	453
93.584	450
93.635	448
93.685	453
93.735	450
93.785	450
93.835	450
93.885	445
93.936	448
93.986	447
94.036	442
94.086	444
94.137	442
94.188	442
94.238	442
94.288	435
94.338	441
94.388	438
94.438	435
94.489	438
94.539	436
94.589	438
94.639	437
94.689	426
94.739	437
94.790	438
94.840	434
94.890	438
94.940	439
94.990	439
95.042	439
95.092	432
95.142	440
95.192	441
95.242	435
95.292	442
95.343	441
95.393	443
95.443	443
95.493	436
95.543	445
95.594	447
95.644	446
95.694	448
95.744	447
95.794	450
95.844	450
95.895	442
95.946	450
95.996	451
96.046	448
96.096	453
96.146	450
96.197	451
96.247	450
96.297	442
96.347	449
96.397	448
96.448	446
96.498	446
96.548	444
96.598	444
96.648	443
96.698	434
96.749	441
96.799	440
96.850	439
96.900	439
96.950	438
97.000	439
97.051	437
97.101	428
97.151	437
97.201	437
97.251	436
97.302	440
97.352	437
97.402	439
97.452	439
97.502	432
97.552	439
97.603	439
97.653	440
97.704	440
97.754	442
97.804	443
97.854	442
97.905	437
97.955	443
98.005	445
98.055	445
98.105	446
98.156	447
98.206	447
98.256	449
98.306	440
98.356	450
98.406	451
98.457	452
98.507	452
98.557	450
98.608	451
98.658	451
98.709	445
98.759	451
98.809	450
98.859	449
98.909	449
98.959	446
99.010	447
99.060	447
99.110	438
99.160	444
99.210	442
99.260	440
99.311	440
99.361	438
99.411	437
99.461	438
99.512	432
99.563	437
99.613	437
99.663	439
99.713	439
99.763	437
99.813	437
99.864	438
99.914	432
99.964	439
100.014	439
100.064	440
100.114	440
100.165	438
100.215	441
100.265	442
100.315	438
100.365	444
100.417	444
100.467	445
100.517	446
100.567	443
100.617	447
100.667	449
100.718	444
100.768	449
100.818	451
100.868	450
100.918	450
100.968	445
101.019	449
101.069	451
101.119	448
101.169	451
101.219	448
101.270	451
101.321	450
101.371	439
101.421	446
101.471	446
101.521	442
101.572	445
101.622	442
101.672	442
101.722	442
101.772	430
101.822	441
101.873	440
101.923	437
101.973	439
102.023	439
102.073	438
102.124	438
102.174	428
102.225	438
102.275	437
102.325	434
102.375	437
102.426	438
102.476	439
102.526	438
102.576	430
102.626	440
102.677	439
102.727	440
102.777	442
102.827	442
102.877	443
102.927	445
102.978	437
103.028	446
103.078	446
103.129	448
103.179	448
103.229	448
103.280	451
103.330	450
103.380	444
103.430	452
103.480	452
103.531	450
103.581	452
103.631	451
103.681	450
103.731	450
103.781	441
103.832	449
103.882	447
103.932	445
103.982	446
104.033	444
104.083	443
104.134	442
104.184	434
104.234	441
104.284	440
104.334	439
104.385	439
104.435	437
104.485	438
104.535	437
104.585	430
104.635	438
104.686	439
104.736	437
104.786	438
104.836	436
104.886	439
104.938	440
104.988	433
105.038	440
105.088	439
105.138	441
105.188	442
105.239	440
105.289	443
105.339	445
105.389	437
105.439	444
105.489	446
105.540	446
105.590	447
105.640	447
105.690	450
105.740	449
105.790	444
105.842	450
105.892	451
105.942	451
105.992	452
106.042	450
106.093	451
106.143	450
106.193	444
106.243	449
106.293	450
106.343	448
106.394	446
106.444	441
106.494	445
106.544	443
106.594	440
106.645	441
106.695	441
106.746	440
106.796	441
106.846	438
106.896	439
106.947	438
106.997	433
107.047	436
107.097	437
107.147	438
107.197	439
107.248	435
107.298	438
107.348	438
107.398	432
107.448	440
107.499	439
107.549	440
107.600	440
107.650	438
107.700	441
107.750	442
107.801	439
107.851	444
107.901	445
107.951	446
108.001	446
108.051	442
108.102	449
108.152	450
108.202	446
108.252	449
108.302	452
108.353	452
108.403	454
108.453	447
108.504	452
108.554	453
108.604	448
108.655	450
108.705	450
108.755	449
108.805	448
108.855	437
108.906	447
108.956	444
109.006	442
109.056	444
109.106	441
109.156	440
109.207	439
109.257	431
109.307	438
109.357	438
109.408	434
109.458	438
109.509	437
109.559	437
109.609	437
109.659	427
109.709	438
109.760	437
109.810	438
109.860	440
109.910	440
109.960	441
110.010	440
110.061	432
110.111	442
110.161	441
110.211	442
110.261	442
110.312	442
110.363	444
110.413	446
110.463	440
110.513	449
110.563	448
110.614	448
110.664	450
110.714	448
110.764	450
110.814	449
110.864	442
110.915	451
110.965	451
111.015	452
111.065	450
111.115	451
111.165	450
111.217	450
111.267	441
111.317	448
111.367	447
111.417	446
111.468	446
111.518	443
111.568	444
111.618	443
111.668	434
111.718	440
111.769	439
111.819	440
111.869	438
111.919	437
111.969	439
112.019	437
112.070	432
112.121	437
112.171	436
112.221	439
112.271	438
112.322	436
112.372	438
112.422	438
112.472	434
112.522	439
112.572	442
112.623	441
112.673	441
112.723	441
112.773	445
112.823	444
112.874	439
112.924	446
112.974	445
113.025	447
113.075	449
113.125	447
113.176	451
113.226	451
113.276	445
113.326	451
113.376	451
113.426	451
113.477	451
113.527	447
113.577	450
113.627	450
113.677	444
113.728	449
113.778	448
113.828	447
