#Creator: pendulumdriveEventBuffer
#Creation time: Thu Apr 11 16:06:28 2019
#Time	Pos
#[s]	[au]
0.050	436
0.100	448
0.150	450
0.200	448
0.251	450
0.301	445
0.351	448
0.401	446
0.451	435
0.501	440
0.552	438
0.602	434
0.652	432
0.702	429
0.752	427
0.803	424
0.853	414
0.904	423
0.954	419
1.004	418
1.054	420
1.105	419
1.155	421
1.205	423
1.255	416
1.305	426
1.355	427
1.406	428
1.456	432
1.506	431
1.556	437
1.606	438
1.657	433
1.707	442
1.757	443
1.808	444
1.858	445
1.908	439
1.959	446
2.009	443
2.059	436
2.109	443
2.159	441
2.209	442
2.260	436
2.310	423
2.360	434
2.410	428
2.460	420
2.511	426
2.561	422
2.611	421
2.661	419
2.712	411
2.762	419
2.813	418
2.863	413
2.913	421
2.963	422
3.013	425
3.064	428
3.114	420
3.164	435
3.214	438
3.264	436
3.314	445
3.365	446
3.415	451
3.465	452
3.515	441
3.565	453
3.616	451
3.667	444
3.717	447
3.767	444
3.817	441
3.867	436
3.918	423
3.968	428
4.018	425
4.068	416
4.118	416
4.168	414
4.219	412
4.269	410
4.319	411
4.369	413
4.419	414
4.469	416
4.521	419
4.571	423
4.621	427
4.671	431
4.721	435
4.772	438
4.822	442
4.872	444
4.922	446
4.972	445
5.022	445
5.073	443
5.123	429
5.173	438
5.223	434
5.273	427
5.323	428
5.375	422
5.425	420
5.475	419
5.525	405
5.575	417
5.626	416
5.676	414
5.726	420
5.776	423
5.826	429
5.876	433
5.927	430
5.977	442
6.027	447
6.077	449
6.127	454
6.177	455
6.228	458
6.279	458
6.329	444
6.379	450
6.429	447
6.480	436
6.530	435
6.580	428
6.630	423
6.680	416
6.730	404
6.781	407
6.831	404
6.881	400
6.931	402
6.981	403
7.032	407
7.082	412
7.132	408
7.183	424
7.233	432
7.283	436
7.334	447
7.384	453
7.434	460
7.484	465
7.534	460
7.584	471
7.635	470
7.685	465
7.735	463
7.785	454
7.835	451
7.886	443
7.936	423
7.986	426
8.036	417
8.087	405
8.137	402
8.188	397
8.238	394
8.288	392
8.338	386
8.388	396
8.438	400
8.489	404
8.539	414
8.589	421
8.639	432
8.689	442
8.740	442
8.790	460
8.840	465
8.890	471
8.940	475
8.991	471
9.042	475
9.092	474
9.142	462
9.192	463
9.242	453
9.292	444
9.343	434
9.393	427
9.443	418
9.493	408
9.543	393
9.594	396
9.644	390
9.694	388
9.744	390
9.794	398
9.845	398
9.896	403
9.946	404
9.996	420
10.046	429
10.096	438
10.147	447
10.197	457
10.247	463
10.297	469
10.347	463
10.397	474
10.448	473
10.498	472
10.548	467
10.598	454
10.648	454
10.698	447
10.750	431
10.800	429
10.850	421
10.900	414
10.950	407
11.001	399
11.051	397
11.101	398
11.151	391
11.201	398
11.251	403
11.302	407
11.352	412
11.402	409
11.452	428
11.502	435
11.552	434
11.603	449
11.654	453
11.704	460
11.754	462
11.804	452
11.855	464
11.905	461
11.955	456
12.005	456
12.055	450
12.105	446
12.156	440
12.206	422
12.256	429
12.306	423
12.356	413
12.406	415
12.457	411
12.507	410
12.558	410
12.608	401
12.658	413
12.709	413
12.759	414
12.809	423
12.859	426
12.909	431
12.959	434
13.010	427
13.060	443
13.110	444
13.160	442
13.210	448
13.260	447
13.311	448
13.361	449
13.411	436
13.462	443
13.512	442
13.563	435
13.613	437
13.663	434
13.713	433
13.763	431
13.813	420
13.864	428
13.914	428
13.964	423
14.014	427
14.064	425
14.115	427
14.165	427
14.215	416
14.265	429
14.315	429
14.366	425
14.417	430
14.467	429
14.517	430
14.567	431
14.617	422
14.667	431
14.718	431
14.768	429
14.818	432
14.868	431
14.918	433
14.969	436
15.019	429
15.069	437
15.119	440
15.169	440
15.219	443
15.271	441
15.321	444
15.371	447
15.421	434
15.471	442
15.521	441
15.572	434
15.622	436
15.672	431
15.722	431
15.772	426
15.823	416
15.873	421
15.923	418
15.973	416
16.023	416
16.073	415
16.124	415
16.175	416
16.225	412
16.275	421
16.325	425
16.376	428
16.426	434
16.476	433
16.526	444
16.576	448
16.626	445
16.677	454
16.727	457
16.777	457
16.827	457
16.877	447
16.927	455
16.978	451
17.028	439
17.079	441
17.129	435
17.179	430
17.230	424
17.280	415
17.330	412
17.380	409
17.430	398
17.480	403
17.531	403
17.581	404
17.631	407
17.681	399
17.731	416
17.781	421
17.832	420
17.882	434
17.932	441
17.983	448
18.033	454
18.084	445
18.134	464
18.184	466
18.234	460
18.284	467
18.334	463
18.385	460
18.435	454
18.485	438
18.535	442
18.585	435
18.635	421
18.686	420
18.736	415
18.786	408
18.836	404
18.887	392
18.938	398
18.988	399
19.038	396
19.088	403
19.138	407
19.188	413
19.239	420
19.289	418
19.339	435
19.389	443
19.439	445
19.489	457
19.540	461
19.590	466
19.640	468
19.690	455
19.740	468
19.792	465
19.842	457
19.892	456
19.942	447
19.992	442
20.042	435
20.093	417
20.143	420
20.193	414
20.243	404
20.293	404
20.344	402
20.394	400
20.444	400
20.494	395
20.544	405
20.594	410
20.645	412
20.696	422
20.746	427
20.796	435
20.846	443
20.896	438
20.947	454
20.997	457
21.047	459
21.097	463
21.147	462
21.198	464
21.248	460
21.298	445
21.348	453
21.398	447
21.448	438
21.499	435
21.549	428
21.600	424
21.650	419
21.700	406
21.750	411
21.801	409
21.851	404
21.901	408
21.951	409
22.001	412
22.052	415
22.102	410
22.152	423
22.202	429
22.252	430
22.302	437
22.353	439
22.403	446
22.454	450
22.504	439
22.554	454
22.604	454
22.655	452
22.705	452
22.755	449
22.805	447
22.855	447
22.906	434
22.956	438
23.006	434
23.056	430
23.106	429
23.156	423
23.207	423
23.257	421
23.307	412
23.358	418
23.408	417
23.459	417
23.509	419
23.559	419
23.609	422
23.659	425
23.709	420
23.760	429
23.810	431
23.860	432
23.910	436
23.960	434
24.010	441
24.061	443
24.111	434
24.161	446
24.211	445
24.262	445
24.313	445
24.363	441
24.413	445
24.463	443
24.513	433
24.563	440
24.614	439
24.664	436
24.714	434
24.764	423
24.814	430
24.864	427
24.915	417
24.965	423
25.015	420
25.065	420
25.115	420
25.167	411
25.217	420
25.267	421
25.317	416
25.367	425
25.417	426
25.468	430
25.518	433
25.568	425
25.618	439
25.668	443
25.718	440
25.769	448
25.819	449
25.869	449
25.919	451
25.969	441
26.020	452
26.071	448
26.121	440
26.171	445
26.221	440
26.271	437
26.322	432
26.372	418
26.422	423
26.472	420
26.522	412
26.572	414
26.623	411
26.673	411
26.723	413
26.773	404
26.823	415
26.874	417
26.924	417
26.975	425
27.025	429
27.075	435
27.125	440
27.176	436
27.226	450
27.276	453
27.326	452
27.376	458
27.427	457
27.477	458
27.527	458
27.577	442
27.627	452
27.677	447
27.728	438
27.778	436
27.828	428
27.879	426
27.929	419
27.979	406
28.030	410
28.080	408
28.130	404
28.180	406
28.230	404
28.281	408
28.331	412
28.381	408
28.431	420
28.481	427
28.531	429
28.582	440
28.632	442
28.682	451
28.732	455
28.783	449
28.833	462
28.884	462
28.934	462
28.984	461
29.034	457
29.084	455
29.135	450
29.185	435
29.235	439
29.285	432
29.335	424
29.385	420
29.436	415
29.486	412
29.536	407
29.586	397
29.636	404
29.688	405
29.738	404
29.788	411
29.838	414
29.888	418
29.938	425
29.989	421
30.039	436
30.089	441
30.139	446
30.189	453
30.239	451
30.290	461
30.340	463
30.390	454
30.440	461
30.490	458
30.540	456
30.592	452
30.642	441
30.692	441
30.742	436
30.792	420
30.843	425
30.893	419
30.943	416
30.993	412
31.043	409
31.093	408
31.144	408
31.194	404
31.244	411
31.294	414
31.344	418
31.395	423
31.445	423
31.496	434
31.546	437
31.596	434
31.646	447
31.697	449
31.747	452
31.797	455
31.847	447
31.897	456
31.947	456
31.998	444
32.048	451
32.098	447
32.148	445
32.198	439
32.249	427
32.299	431
32.350	429
32.400	417
32.450	421
32.500	419
32.551	417
32.601	415
32.651	406
32.701	416
32.751	417
32.801	414
32.852	422
32.902	424
32.952	427
33.002	431
33.052	424
33.103	438
33.153	439
33.203	438
33.254	446
33.304	445
33.354	450
33.405	450
33.455	436
33.505	450
33.555	449
33.605	442
33.656	445
33.706	442
33.756	440
33.806	437
33.856	424
33.906	431
33.957	430
34.007	422
34.057	425
34.107	421
34.158	421
34.208	420
34.259	410
34.309	419
34.359	420
34.409	418
34.459	423
34.510	423
34.560	427
34.610	429
34.660	423
34.710	435
34.760	437
34.811	437
34.861	443
34.911	444
34.961	448
35.011	448
35.062	441
35.113	451
35.163	450
35.213	444
35.263	447
35.313	443
35.364	444
35.414	439
35.464	428
35.514	432
35.564	429
35.614	421
35.665	424
35.715	420
35.765	419
35.815	416
35.865	408
35.915	414
35.967	418
36.017	416
36.067	419
36.117	421
36.167	426
36.218	429
36.268	425
36.318	438
36.368	441
36.418	444
36.468	449
36.519	451
36.569	454
36.619	455
36.669	448
36.719	456
36.769	454
36.820	451
36.871	448
36.921	438
36.971	441
37.021	434
37.072	423
37.122	426
37.172	422
37.222	417
37.272	414
37.322	412
37.373	410
37.423	410
37.473	405
37.523	413
37.573	415
37.624	420
37.674	424
37.724	423
37.775	433
37.825	439
37.875	436
37.926	448
37.976	452
38.026	456
38.076	459
38.126	453
38.176	460
38.227	460
38.277	449
38.327	454
38.377	450
38.427	446
38.478	440
38.528	425
38.578	430
38.628	425
38.679	413
38.729	415
38.780	411
38.830	409
38.880	408
38.930	398
38.980	408
39.030	410
39.081	409
39.131	418
39.181	423
39.231	427
39.281	434
39.332	427
39.382	447
39.432	450
39.482	449
39.532	457
39.583	459
39.634	460
39.684	461
39.734	448
39.784	457
39.834	453
39.884	444
39.935	445
39.985	438
40.035	433
40.085	428
40.135	414
40.186	419
40.236	415
40.286	408
40.336	410
40.386	408
40.436	410
40.488	410
40.538	404
40.588	416
40.638	421
40.688	420
40.739	429
40.789	434
40.839	440
40.889	445
40.939	439
40.989	452
41.040	456
41.090	452
41.140	459
41.190	457
41.240	456
41.290	454
41.341	440
41.392	448
41.442	443
41.492	434
41.542	435
41.593	428
41.643	425
41.693	421
41.743	410
41.793	415
41.843	414
41.894	410
41.944	413
41.994	413
42.044	416
42.094	419
42.144	412
42.195	425
42.245	428
42.296	432
42.346	437
42.396	439
42.447	446
42.497	449
42.547	441
42.597	452
42.647	454
42.697	451
42.748	453
42.798	449
42.848	450
42.898	448
42.948	432
42.998	441
43.049	438
43.099	432
43.150	431
43.200	426
43.250	424
43.301	422
43.351	412
43.401	418
43.451	417
43.501	412
43.551	418
43.602	418
43.652	420
43.702	422
43.752	418
43.802	429
43.852	432
43.903	434
43.953	439
44.003	438
44.054	444
44.104	448
44.155	441
44.205	451
44.255	451
44.305	451
44.355	452
44.405	445
44.456	448
44.506	447
44.556	434
44.606	442
44.656	435
44.707	432
44.757	431
44.807	425
44.857	422
44.907	421
44.958	412
45.009	417
45.059	415
45.109	416
45.159	417
45.209	415
45.259	420
45.310	422
45.360	420
45.410	429
45.460	433
45.510	437
45.561	441
45.611	431
45.661	448
45.711	451
45.761	446
45.811	455
45.863	455
45.913	454
45.963	452
46.013	439
46.063	448
46.113	447
46.164	434
46.214	437
46.264	433
46.314	430
46.364	424
46.415	412
46.465	417
46.515	416
46.565	408
46.615	413
46.665	413
46.716	414
46.767	416
46.817	409
46.867	422
46.917	426
46.968	424
47.018	436
47.068	440
47.118	445
47.168	450
47.218	439
47.269	456
47.319	458
47.369	456
47.419	458
47.469	456
47.519	455
47.570	453
47.620	437
47.671	444
47.721	439
47.771	428
47.822	428
47.872	423
47.922	420
47.972	415
48.022	405
48.072	409
48.123	407
48.173	405
48.223	410
48.273	412
48.323	416
48.373	421
48.424	414
48.474	431
48.524	436
48.575	438
48.625	447
48.676	450
48.726	456
48.776	459
48.826	450
48.876	461
48.926	461
48.977	456
49.027	457
49.077	451
49.127	448
49.177	444
49.227	429
49.278	433
49.328	427
49.378	419
49.428	418
49.479	412
49.530	412
49.580	409
49.630	402
49.680	409
49.730	409
49.780	412
49.831	417
49.881	420
49.931	427
49.981	431
50.031	429
50.081	442
50.132	447
50.182	450
50.232	455
50.282	457
50.332	460
50.384	462
50.434	452
50.484	459
50.534	454
50.584	451
50.634	448
50.685	437
50.735	438
50.785	432
50.835	417
50.885	422
50.936	419
50.986	414
51.036	413
51.086	412
51.136	411
51.186	411
51.237	404
51.288	415
51.338	418
51.388	422
51.438	426
51.488	429
51.539	437
51.589	444
51.639	439
51.689	450
51.739	452
51.790	455
51.840	459
51.890	447
51.940	458
51.990	456
52.040	445
52.091	451
52.141	447
52.192	442
52.242	438
52.292	429
52.342	429
52.393	425
52.443	414
52.493	417
52.543	414
52.593	414
52.644	412
52.694	413
52.744	414
52.794	416
52.844	410
52.894	423
52.945	426
52.995	430
53.046	436
53.096	431
53.146	445
53.196	450
53.247	448
53.297	455
53.347	455
53.397	457
53.447	457
53.498	443
53.548	454
53.598	450
53.648	442
53.698	444
53.748	439
53.799	436
53.849	431
53.899	416
53.950	423
54.000	419
54.051	412
54.101	415
54.151	413
54.201	414
54.251	414
54.301	407
54.352	418
54.402	422
54.452	421
54.502	430
54.552	432
54.602	439
54.653	442
54.703	436
54.753	452
54.803	452
54.854	450
54.905	457
54.955	457
55.005	456
55.055	455
55.105	442
55.155	451
55.206	445
55.256	436
55.306	437
55.356	431
55.406	428
55.456	424
55.507	412
55.557	417
55.607	414
55.657	409
55.707	412
55.759	412
55.809	415
55.859	417
55.909	410
55.959	425
56.009	429
56.060	430
56.110	438
56.160	441
56.210	447
56.260	450
56.310	444
56.361	457
56.411	459
56.461	456
56.511	458
56.561	455
56.612	453
56.663	450
56.713	436
56.763	443
56.813	435
56.863	430
56.914	426
56.964	421
57.014	418
57.064	414
57.114	402
57.164	411
57.215	410
57.265	404
57.315	414
57.365	415
57.415	420
57.466	424
57.516	422
57.567	434
57.617	440
57.667	444
57.717	450
57.768	453
57.818	457
57.868	459
57.918	450
57.968	461
58.019	459
58.069	456
58.119	455
58.169	445
58.219	447
58.269	439
58.320	428
58.370	431
58.420	425
58.471	419
58.521	416
58.571	413
58.622	409
58.672	410
58.722	404
58.772	411
58.822	413
58.873	416
58.923	421
58.973	415
59.023	430
59.073	436
59.123	434
59.174	447
59.224	451
59.274	456
59.324	458
59.375	447
59.425	461
59.476	461
59.526	450
59.576	458
59.626	453
59.676	449
59.727	444
59.777	429
59.827	433
59.877	429
59.927	419
59.977	419
60.028	415
60.078	412
60.128	410
60.178	402
60.228	410
60.280	412
60.330	410
60.380	418
60.430	422
60.480	427
60.530	432
60.581	427
60.631	443
60.681	447
60.731	445
60.781	455
60.831	457
60.882	460
60.932	460
60.982	449
61.032	459
61.082	455
61.132	446
61.184	449
61.234	442
61.284	439
61.334	433
61.384	418
61.435	424
61.485	420
61.535	411
61.585	415
61.635	411
61.685	411
61.736	412
61.786	405
61.836	417
61.886	418
61.936	420
61.987	428
62.037	431
62.088	437
62.138	442
62.188	437
62.238	451
62.289	454
62.339	452
62.389	458
62.439	457
62.489	459
62.539	457
62.590	445
62.640	451
62.690	447
62.740	440
62.790	439
62.841	432
62.891	430
62.942	425
62.992	413
63.042	419
63.092	415
63.143	410
63.193	413
63.243	412
63.293	414
63.343	416
63.393	412
63.444	424
63.494	426
63.544	428
63.594	436
63.644	437
63.695	445
63.745	448
63.795	443
63.846	455
63.896	456
63.946	456
63.997	457
64.047	454
64.097	455
64.147	452
64.197	438
64.248	445
64.298	441
64.348	434
64.398	432
64.448	427
64.498	424
64.549	420
64.599	411
64.649	416
64.699	413
64.750	408
64.800	414
64.851	414
64.901	419
64.951	422
65.001	419
65.051	430
65.102	433
65.152	436
65.202	443
65.252	442
65.302	451
65.352	452
65.403	445
65.453	456
65.503	456
65.553	456
65.603	456
65.654	447
65.705	451
65.755	447
65.805	436
65.855	439
65.905	435
65.956	430
66.006	427
66.056	415
66.106	419
66.156	416
66.206	408
66.257	415
66.307	414
66.357	415
66.407	418
66.457	411
66.507	422
66.559	425
66.609	422
66.659	436
66.709	439
66.759	443
66.810	448
66.860	437
66.910	454
66.960	456
67.010	451
67.060	457
67.111	455
67.161	456
67.211	452
67.261	439
67.311	447
67.361	442
67.412	432
67.463	433
67.513	429
67.563	425
67.613	422
67.664	409
67.714	416
67.764	415
67.814	408
67.864	414
67.914	416
67.965	418
68.015	422
68.065	416
68.115	429
68.165	431
68.216	432
68.266	443
68.316	444
68.367	450
68.417	452
68.467	440
68.518	457
68.568	457
68.618	454
68.668	458
68.718	453
68.768	453
68.819	449
68.869	431
68.919	439
68.969	434
69.019	427
69.070	427
69.120	421
69.170	418
69.220	416
69.271	406
69.321	413
69.372	413
69.422	410
69.472	415
69.522	418
69.572	422
69.622	426
69.673	421
69.723	436
69.773	440
69.823	441
69.873	450
69.924	451
69.974	456
70.024	457
70.074	450
70.124	460
70.175	458
70.226	453
70.276	454
70.326	448
70.376	447
70.426	440
70.476	427
70.527	431
70.577	426
70.627	420
70.677	419
70.727	415
70.778	413
70.828	412
70.878	405
70.928	413
70.978	415
71.028	412
71.080	421
71.130	423
71.180	430
71.230	435
71.280	432
71.331	445
71.381	450
71.431	452
71.481	456
71.531	459
71.581	461
71.632	461
71.682	452
71.732	458
71.782	457
71.832	450
71.882	446
71.933	439
71.984	437
72.034	432
72.084	416
72.134	424
72.185	418
72.235	414
72.285	413
72.335	413
72.385	410
72.435	411
72.486	406
72.536	416
72.586	419
72.636	424
72.686	429
72.736	431
72.787	440
72.837	445
72.888	442
72.938	454
72.988	456
73.039	460
73.089	462
73.139	453
73.189	462
73.239	459
73.289	448
73.340	452
73.390	447
73.440	444
73.490	438
73.540	423
73.590	426
73.641	421
73.691	411
73.742	415
73.792	413
73.842	410
73.893	410
73.943	405
73.993	414
74.043	416
74.093	414
74.143	425
74.194	430
74.244	435
74.294	441
74.344	436
74.394	451
74.444	455
74.495	451
74.545	460
74.595	461
74.646	462
74.696	461
74.747	446
74.797	455
74.847	453
74.897	441
74.947	441
74.997	435
75.048	431
75.098	425
75.148	408
75.198	416
75.248	414
75.299	406
75.349	410
75.399	410
75.449	411
75.499	415
75.550	406
75.601	423
75.651	425
75.701	426
75.751	437
75.801	441
75.851	448
75.902	451
75.952	441
76.002	459
76.052	461
76.102	457
76.153	461
76.203	458
76.253	458
76.303	454
76.353	440
76.403	445
76.455	440
76.505	432
76.555	430
76.605	425
76.655	421
76.705	416
76.756	404
76.806	412
76.856	411
76.906	406
76.956	412
77.007	414
77.057	420
77.107	422
77.157	419
77.207	432
77.257	438
77.308	440
77.359	448
77.409	451
77.459	456
77.509	459
77.560	449
77.610	461
77.660	460
77.710	456
77.760	456
77.810	450
77.861	448
77.911	444
77.961	432
78.011	434
78.061	429
78.111	421
78.162	420
78.212	415
78.263	414
78.313	414
78.363	406
78.414	413
78.464	415
78.514	411
78.564	420
78.614	422
78.664	428
78.715	434
78.765	429
78.815	444
78.865	447
78.915	450
78.965	455
79.016	454
79.066	459
79.116	462
79.167	450
79.217	457
79.268	455
79.318	449
79.368	449
79.418	439
79.468	439
79.518	434
79.569	422
79.619	425
79.669	420
79.719	416
79.769	415
79.819	413
79.870	413
79.920	413
79.970	408
80.020	417
80.071	420
80.122	424
80.172	429
80.222	430
80.272	438
80.322	443
80.372	442
80.423	452
80.473	455
80.523	459
80.573	460
80.623	451
80.673	461
80.724	460
80.774	450
80.824	453
80.874	447
80.924	443
80.976	440
81.026	424
81.076	429
81.126	425
81.176	416
81.226	417
81.277	415
81.327	413
81.377	412
81.427	404
81.477	414
81.528	416
81.578	416
81.628	423
81.678	428
81.728	433
81.778	438
81.829	434
81.880	448
81.930	454
81.980	451
82.030	458
82.080	460
82.131	462
82.181	461
82.231	444
82.281	456
82.331	452
82.382	444
82.432	444
82.482	438
82.532	433
82.582	428
82.632	416
82.683	420
82.733	417
82.784	408
82.834	412
82.884	411
82.934	412
82.985	414
83.035	406
83.085	420
83.135	424
83.185	424
83.236	434
83.286	438
83.336	444
83.386	449
83.436	443
83.486	457
83.537	460
83.587	456
83.638	462
83.688	459
83.738	460
83.788	456
83.839	442
83.889	448
83.939	442
83.989	436
84.039	433
84.090	426
84.140	422
84.190	417
84.240	406
84.290	411
84.340	411
84.391	408
84.441	410
84.491	411
84.542	415
84.592	419
84.643	416
84.693	430
84.743	435
84.793	439
84.843	447
84.893	450
84.944	456
84.994	460
85.044	450
85.094	464
85.144	463
85.194	460
85.245	460
85.295	453
85.345	452
85.395	447
85.446	430
85.497	436
85.547	430
85.597	421
85.647	420
85.697	413
85.747	412
85.798	409
85.848	401
85.898	409
85.948	410
85.998	412
86.048	417
86.099	420
86.149	426
86.199	431
86.249	430
86.299	444
86.351	447
86.401	452
86.451	458
86.501	454
86.551	463
86.601	464
86.652	455
86.702	461
86.752	457
86.802	454
86.852	450
86.902	439
86.953	439
87.003	433
87.053	421
87.103	423
87.153	418
87.204	413
87.255	410
87.305	409
87.355	410
87.405	409
87.455	406
87.506	414
87.556	419
87.606	423
87.656	429
87.706	427
87.756	438
87.807	445
87.857	442
87.907	455
87.957	458
88.007	461
88.058	463
88.108	449
88.159	462
88.209	459
88.259	449
88.309	452
88.360	447
88.410	443
88.460	437
88.510	421
88.560	426
88.611	421
88.661	412
88.711	414
88.761	410
88.811	408
88.861	409
88.912	401
88.962	412
89.012	415
89.063	413
89.113	424
89.163	430
89.214	436
89.264	441
89.314	434
89.364	453
89.414	457
89.465	452
89.515	463
89.565	461
89.615	464
89.665	461
89.715	449
89.766	456
89.816	450
89.866	441
89.916	441
89.967	433
90.017	430
90.068	425
90.118	410
90.168	416
90.218	413
90.268	408
90.319	410
90.369	410
90.419	412
90.469	415
90.519	408
90.569	421
90.620	426
90.670	428
90.720	437
90.770	441
90.820	448
90.872	453
90.922	448
90.972	461
91.022	463
91.072	460
91.122	463
91.173	459
91.223	458
91.273	453
91.323	440
91.373	446
91.423	438
91.474	432
91.524	429
91.574	422
91.624	419
91.674	416
91.724	405
91.776	411
91.826	410
91.876	408
91.926	413
91.976	415
92.027	419
92.077	424
92.127	422
92.177	435
92.227	439
92.277	439
92.328	451
92.378	451
92.428	459
92.478	460
92.528	455
92.579	462
92.629	461
92.680	454
92.730	457
92.780	449
92.830	447
92.881	443
92.931	430
92.981	432
93.031	426
93.081	421
93.131	418
93.182	415
93.232	412
93.282	411
93.332	404
93.382	412
93.433	415
93.483	416
93.534	421
93.584	424
93.634	432
93.684	437
93.735	435
93.785	447
93.835	452
93.885	456
93.935	460
93.985	453
94.036	463
94.086	463
94.136	456
94.186	459
94.236	454
94.287	450
94.337	445
94.387	435
94.438	435
94.488	429
94.538	416
94.589	420
94.639	415
94.689	412
94.739	412
94.789	407
94.840	411
94.890	414
94.940	409
94.990	418
95.040	423
95.090	428
95.141	433
95.191	429
95.241	445
95.291	450
95.342	448
95.392	458
95.443	460
95.493	463
95.543	463
95.593	450
95.643	460
95.694	457
95.744	449
95.794	450
95.844	443
95.894	438
95.944	432
95.995	418
96.045	422
96.095	418
96.145	410
96.195	412
96.246	410
96.297	411
96.347	411
96.397	404
96.447	418
96.497	422
96.548	420
96.598	431
96.648	436
96.698	442
96.748	447
96.798	442
96.849	456
96.899	459
96.949	456
96.999	462
97.049	461
97.099	462
97.151	459
97.201	445
97.251	452
97.301	447
97.351	439
97.402	437
97.452	429
97.502	424
97.552	421
97.602	409
97.652	415
97.703	412
97.753	408
97.803	412
97.853	412
97.903	415
97.953	418
98.004	416
98.055	428
98.105	433
98.155	434
98.205	443
98.256	447
98.306	453
98.356	455
98.406	450
98.456	461
98.506	461
98.557	458
98.607	460
98.657	454
98.707	454
98.757	449
98.808	437
98.858	441
98.908	434
98.959	428
99.009	426
99.059	420
99.110	418
99.160	416
99.210	408
99.260	413
99.310	413
99.360	413
99.411	417
99.461	422
99.511	423
99.561	428
99.611	426
99.662	439
99.712	441
99.762	446
99.812	450
99.863	447
99.913	459
99.964	460
100.014	452
100.064	460
100.114	457
100.164	456
100.214	453
100.265	442
100.315	445
100.365	441
100.415	429
100.465	432
100.516	427
100.566	423
100.616	420
100.666	415
100.716	417
100.767	414
100.818	407
100.868	416
100.918	418
100.968	420
101.018	423
101.068	425
101.119	433
101.169	436
101.219	434
101.269	443
101.319	447
101.370	453
101.420	453
101.470	447
101.520	458
101.570	457
101.620	451
101.672	457
101.722	452
101.772	451
101.822	447
101.872	429
101.923	439
101.973	434
102.023	424
102.073	426
102.123	422
102.173	420
102.224	417
102.274	405
102.324	415
102.374	415
102.424	412
102.474	419
102.525	422
102.576	424
102.626	430
102.676	424
102.726	438
102.777	443
102.827	441
102.877	449
102.927	453
102.977	456
103.027	458
103.078	446
103.128	459
103.178	457
103.228	453
103.278	452
103.328	447
103.379	445
103.429	441
103.480	426
103.530	432
103.580	428
103.631	418
103.681	420
103.731	417
103.781	415
103.831	414
103.881	405
103.932	416
103.982	417
104.032	416
104.082	423
104.132	426
104.182	432
104.233	438
104.283	432
104.334	446
104.384	450
104.434	451
104.485	457
104.535	458
104.585	460
104.635	461
104.685	450
104.735	458
104.786	454
104.836	448
104.886	447
104.936	441
104.986	436
105.036	432
105.087	419
105.137	424
105.187	418
105.238	412
105.288	413
105.339	412
105.389	412
105.439	413
105.489	408
105.539	418
105.589	421
105.640	424
105.690	431
105.740	435
105.790	442
105.840	448
105.891	440
105.941	458
105.991	460
106.041	460
106.091	463
106.142	461
106.193	461
106.243	460
106.293	448
106.343	452
106.393	447
106.443	440
106.494	436
106.544	428
106.594	426
106.644	421
106.694	407
106.745	413
106.795	411
106.845	408
106.895	410
106.945	412
106.995	414
107.047	418
107.097	416
107.147	427
107.197	433
107.247	437
107.297	445
107.348	445
107.398	455
107.448	458
107.498	455
107.548	466
107.599	465
107.649	464
107.699	463
107.749	447
107.799	456
107.849	450
107.900	435
107.951	438
108.001	431
108.051	426
108.101	422
108.152	415
108.202	414
108.252	409
108.302	404
108.352	409
108.402	409
108.453	412
108.503	415
108.553	415
108.603	425
108.653	430
108.703	430
108.754	443
108.804	448
108.855	454
108.905	459
108.955	451
109.006	465
109.056	466
109.106	460
109.156	465
109.206	461
109.256	457
109.307	453
109.357	433
109.407	441
109.457	435
109.507	424
109.557	423
109.608	419
109.658	414
109.708	411
109.759	402
109.809	409
109.860	410
109.910	406
109.960	414
110.010	418
110.060	422
110.110	429
110.161	424
110.211	440
110.261	445
110.311	446
110.361	456
110.411	459
110.462	463
110.512	464
110.562	454
110.612	464
110.663	462
110.714	454
110.764	454
110.814	448
110.864	444
110.914	437
110.964	424
111.015	426
111.065	422
111.115	414
111.165	415
111.215	411
111.265	411
111.316	410
111.366	404
111.416	415
111.466	417
111.516	418
111.568	427
111.618	431
111.668	436
111.718	443
111.768	436
111.818	451
111.869	454
111.919	455
111.969	460
112.019	459
112.069	461
112.120	460
112.170	446
112.220	455
112.270	451
112.320	444
112.370	442
112.421	435
112.472	433
112.522	429
112.572	417
112.622	421
112.672	419
112.723	413
112.773	414
112.823	413
112.873	416
112.923	418
112.974	410
113.024	424
113.074	426
113.124	424
113.174	435
113.224	439
113.275	443
113.325	449
113.376	443
113.426	454
113.476	455
113.526	455
113.577	459
113.627	455
113.677	456
113.727	454
113.777	443
113.828	447
113.878	444
113.928	438
113.978	436
114.028	433
114.078	428
114.129	424
114.179	416
114.230	420
114.280	418
114.330	416
114.380	418
114.431	417
114.481	421
114.531	422
114.581	416
114.631	428
114.682	432
114.732	435
114.782	441
114.832	439
114.882	448
114.932	452
114.983	445
115.033	454
115.083	455
115.134	457
115.184	457
115.235	447
115.285	453
115.335	450
115.385	438
115.435	444
115.485	439
115.536	435
115.586	431
115.636	423
115.686	424
115.736	421
115.786	413
115.837	417
115.887	416
115.937	417
115.987	418
116.038	415
116.089	423
116.139	425
116.189	423
116.239	434
116.289	436
116.339	442
116.390	446
116.440	440
116.490	454
116.540	456
116.590	453
116.640	458
116.691	458
116.741	458
116.791	458
116.841	442
116.891	450
116.943	444
116.993	436
117.043	437
117.093	432
117.143	427
117.193	423
117.244	410
117.294	417
117.344	415
117.394	408
117.444	414
117.494	413
117.545	417
117.595	419
117.645	414
117.695	428
117.745	432
117.796	433
117.847	443
117.897	447
117.947	452
117.997	456
118.047	449
118.098	461
118.148	462
118.198	458
118.248	461
118.298	457
118.348	455
118.399	450
118.449	437
118.499	441
118.549	436
118.599	427
118.650	426
118.700	420
118.751	416
118.801	414
118.851	402
118.901	412
118.952	411
119.002	410
119.052	415
119.102	419
119.152	424
119.203	429
119.253	424
119.303	439
119.353	444
119.403	448
119.453	454
119.504	455
119.554	461
119.604	462
119.655	454
119.705	462
119.755	459
119.806	455
119.856	454
119.906	446
119.956	444
120.006	439
120.057	426
120.107	428
120.157	424
120.207	414
120.257	418
120.307	413
120.358	413
120.408	413
120.458	406
120.508	415
120.559	416
120.609	418
120.660	426
120.710	431
120.760	435
120.810	441
120.860	437
120.911	451
120.961	454
121.011	457
121.061	460
121.111	453
121.161	462
121.212	461
121.262	452
121.312	456
121.362	452
121.412	448
121.464	444
121.514	436
121.564	433
121.614	428
121.664	416
121.714	421
121.765	416
121.815	414
121.865	413
121.915	413
121.965	414
122.015	416
122.066	413
122.116	422
122.166	427
122.216	431
122.266	438
122.316	431
122.368	446
122.418	449
122.468	444
122.518	456
122.568	458
122.619	459
122.669	460
122.719	447
122.769	458
122.819	455
122.869	446
122.920	448
122.970	443
123.020	439
123.070	434
123.120	418
123.171	426
123.221	422
123.272	412
123.322	416
123.372	415
123.422	415
123.473	415
123.523	409
123.573	418
123.623	422
123.673	420
123.723	430
123.774	434
123.824	439
123.874	444
123.924	435
123.974	451
124.025	453
124.075	450
124.126	458
124.176	459
124.226	459
124.276	457
124.327	444
124.377	453
124.427	448
124.477	440
124.527	441
124.577	436
124.628	432
124.678	429
124.728	416
124.778	422
124.828	419
124.879	413
124.929	416
124.979	416
125.030	418
125.080	418
125.130	410
125.181	423
125.231	427
125.281	426
125.331	436
125.381	439
125.432	445
125.482	448
125.532	441
125.582	455
125.632	457
125.682	453
125.733	459
125.783	455
125.833	457
125.883	454
125.934	440
125.984	450
126.035	443
126.085	437
126.135	436
126.185	430
126.235	427
126.286	424
126.336	413
126.386	418
126.436	416
126.486	412
126.536	416
126.587	417
126.637	419
126.687	421
126.737	416
126.787	428
126.838	432
126.889	434
126.939	442
126.989	444
127.039	449
127.089	452
127.140	447
127.190	458
127.240	457
127.290	454
127.340	458
127.390	454
127.441	454
127.491	451
127.541	439
127.591	443
127.641	439
127.691	434
127.743	430
127.793	426
127.843	423
127.893	420
127.943	411
127.994	415
128.044	415
128.094	416
128.144	417
128.194	419
128.244	422
128.295	426
128.345	420
128.395	434
128.445	438
128.495	443
128.545	448
128.596	446
128.647	455
128.697	458
128.747	452
128.797	461
128.848	460
128.898	458
128.948	455
128.998	446
129.048	450
129.098	447
129.149	434
129.199	437
129.249	432
129.299	429
129.349	422
129.400	411
129.450	415
129.500	414
129.551	406
129.601	415
129.651	415
129.702	417
129.752	419
129.802	415
129.852	427
129.902	432
129.952	432
130.003	442
130.053	446
130.103	451
130.153	455
130.203	444
130.254	460
130.304	461
130.354	456
130.404	461
130.455	458
130.505	455
130.556	452
130.606	436
130.656	442
130.706	437
130.756	428
130.806	428
130.857	423
130.907	419
130.957	416
131.007	404
131.057	413
131.108	413
131.158	409
131.208	416
131.258	418
131.308	423
131.359	427
131.410	422
131.460	438
131.510	442
131.560	441
131.610	451
131.660	456
131.711	459
131.761	462
131.811	449
131.861	464
131.911	462
131.962	456
132.012	457
132.062	451
132.112	448
132.162	442
132.212	428
132.264	433
132.314	427
132.364	419
132.414	419
132.464	415
132.515	413
132.565	412
132.615	402
132.665	413
132.715	415
132.765	416
132.816	422
132.866	427
132.916	431
132.966	437
133.016	433
133.066	448
133.117	453
133.168	455
133.218	460
133.268	460
133.318	463
133.369	462
133.419	451
133.469	459
133.519	456
133.569	450
133.619	448
133.670	441
133.720	437
133.770	432
133.820	420
133.870	422
133.920	419
133.971	410
134.021	414
134.072	412
134.122	412
134.172	414
134.223	408
134.273	419
134.323	423
134.373	420
134.423	431
134.473	435
134.524	442
134.574	448
134.624	444
134.674	455
134.724	458
134.774	460
134.825	462
134.875	455
134.926	461
134.976	458
135.026	448
135.077	451
135.127	447
135.177	440
135.227	436
135.277	429
135.327	427
135.378	424
135.428	413
135.478	416
135.528	414
135.578	413
135.628	414
135.679	414
135.729	417
135.779	419
135.830	416
135.880	427
135.931	432
135.981	436
136.031	442
136.081	439
136.131	451
136.181	453
136.232	452
136.282	460
136.332	460
136.382	462
136.432	461
136.483	447
136.533	454
136.583	451
136.633	440
136.683	443
136.734	436
136.785	433
136.835	428
136.885	415
136.935	421
136.985	417
137.035	410
137.086	416
137.136	415
137.186	416
137.236	418
137.286	409
137.337	423
137.387	427
137.437	425
137.487	436
137.537	440
137.587	445
137.639	449
137.689	440
137.739	456
137.789	458
137.839	453
137.889	460
137.940	459
137.990	458
138.040	456
138.090	442
138.140	448
138.191	443
138.241	434
138.291	436
138.341	432
138.391	427
138.441	422
138.492	409
138.543	417
138.593	416
138.643	411
138.693	416
138.744	417
138.794	419
138.844	422
138.894	418
138.944	429
138.994	435
139.045	435
139.095	443
139.145	446
139.195	452
139.245	454
139.295	447
139.346	459
139.396	459
139.447	454
139.497	458
139.547	455
139.598	453
139.648	450
139.698	436
139.748	442
139.798	437
139.848	429
139.899	429
139.949	425
139.999	421
140.049	419
140.099	409
140.149	416
140.200	415
140.250	413
140.300	418
140.351	419
140.401	424
140.452	429
140.502	424
140.552	436
140.602	440
140.652	444
140.702	450
140.753	450
140.803	456
140.853	457
140.903	450
140.953	458
141.003	458
141.054	452
141.104	455
141.154	449
141.204	448
141.255	444
141.306	431
141.356	435
141.406	430
141.456	424
141.506	423
141.556	421
141.607	417
141.657	415
141.707	408
141.757	416
141.807	418
141.857	417
141.908	422
141.958	423
142.008	429
142.058	434
142.108	431
142.160	444
142.210	448
142.260	451
142.310	455
142.360	452
142.410	458
142.461	460
142.511	451
142.561	458
142.611	454
142.661	452
142.712	449
142.762	439
142.812	442
142.862	437
142.912	426
142.962	428
143.013	424
143.064	420
143.114	418
143.164	415
143.214	415
143.264	415
143.315	411
143.365	418
143.415	421
143.465	425
143.515	428
143.566	427
143.616	437
143.666	442
143.716	440
143.766	451
143.816	453
143.867	456
143.917	459
143.968	451
144.018	460
144.068	458
144.118	450
144.169	455
144.219	451
144.269	448
144.319	442
144.369	429
144.420	434
144.470	427
144.520	421
144.570	423
144.620	418
144.670	417
144.721	416
144.771	406
144.822	416
144.872	417
144.922	413
144.972	423
145.023	426
145.073	431
145.123	436
145.173	430
145.223	445
145.274	449
145.324	448
145.374	457
145.424	458
145.474	460
145.524	460
145.575	448
145.625	460
145.675	456
145.726	449
145.776	448
145.827	443
145.877	441
145.927	436
145.977	420
146.027	426
146.077	422
146.128	414
146.178	417
146.228	414
146.278	415
146.328	414
146.378	408
146.429	418
146.479	422
146.529	422
146.579	431
146.630	433
146.681	439
146.731	444
146.781	438
146.831	453
146.881	456
146.931	454
146.982	461
147.032	459
147.082	461
147.132	459
147.182	447
147.232	454
147.283	451
147.333	444
147.383	442
147.433	435
147.483	430
147.535	428
147.585	413
147.635	420
147.685	417
147.735	412
147.785	414
147.836	415
147.886	416
147.936	418
147.986	414
148.036	425
148.086	428
148.137	430
148.187	440
148.237	441
148.287	449
148.337	452
148.388	448
148.439	458
148.489	460
148.539	456
148.589	461
148.639	457
148.690	457
148.740	454
148.790	443
148.840	447
148.890	442
148.940	436
148.991	433
149.041	426
149.091	424
149.141	421
149.191	410
149.242	417
149.292	415
149.343	416
149.393	416
149.443	418
149.493	421
149.544	424
149.594	422
149.644	433
149.694	435
149.744	441
149.795	446
149.845	443
149.895	454
149.945	456
149.995	450
150.045	462
150.096	460
150.146	459
150.196	457
150.247	447
150.297	452
150.347	448
150.398	436
150.448	439
150.498	434
150.548	430
150.598	426
150.649	415
150.699	420
150.749	417
150.799	410
150.849	416
150.899	416
150.950	418
151.000	420
151.050	412
151.100	426
151.151	432
151.201	429
151.252	439
151.302	443
151.352	448
151.402	451
151.452	441
151.503	458
151.553	460
151.603	453
151.653	460
151.703	454
151.753	456
151.804	453
151.854	439
151.904	445
151.954	442
152.004	432
152.056	433
152.106	429
152.156	426
152.206	423
152.256	411
152.306	419
152.357	417
152.407	412
152.457	418
152.507	419
152.557	422
152.607	426
152.658	420
152.708	432
152.758	436
152.808	435
152.858	444
152.908	447
152.960	451
153.010	453
153.060	446
153.110	458
153.160	458
153.211	453
153.261	457
153.311	454
153.361	451
153.411	449
153.461	434
153.512	441
153.562	437
153.612	428
153.662	427
153.712	425
153.763	422
153.813	421
153.864	410
153.914	416
153.964	417
154.014	414
154.065	419
154.115	421
154.165	425
154.215	428
154.265	421
154.315	437
154.366	441
154.416	443
154.466	450
154.516	452
154.566	456
154.617	457
154.667	450
154.718	460
154.768	459
154.818	454
154.868	455
154.919	452
154.969	449
155.019	445
155.069	430
155.119	435
155.169	429
155.220	424
155.270	421
155.320	418
155.370	417
155.420	416
155.471	409
155.521	416
155.571	415
155.622	416
155.672	423
155.722	426
155.773	430
155.823	435
155.873	432
155.923	445
155.973	449
156.024	453
156.074	457
156.124	453
156.174	461
156.224	462
156.274	453
156.325	460
156.375	455
156.425	453
156.475	450
156.526	441
156.576	440
156.627	435
156.677	420
156.727	425
156.777	422
156.827	418
156.878	416
156.928	413
156.978	414
157.028	414
157.078	409
157.128	418
157.179	421
157.229	425
157.279	429
157.329	423
157.379	440
157.430	444
157.481	442
157.531	454
157.581	455
157.631	459
157.681	463
157.732	451
157.782	462
157.832	459
157.882	452
157.932	455
157.982	450
158.033	446
158.083	441
158.133	423
158.183	431
158.233	426
158.283	417
158.335	419
158.385	416
158.435	415
158.485	414
158.535	407
158.586	415
158.636	419
158.686	416
158.736	425
158.786	430
158.836	434
158.887	439
158.937	435
158.987	448
159.037	454
159.087	452
159.137	459
159.188	459
159.239	462
159.289	462
159.339	449
159.389	457
159.440	454
159.490	448
159.540	445
159.590	440
159.640	436
159.690	433
159.741	418
159.791	423
159.841	421
159.891	414
159.941	416
159.992	415
160.042	415
160.092	416
160.143	408
160.193	421
160.243	424
160.294	424
160.344	433
160.394	437
160.444	443
160.494	447
160.544	441
160.595	455
160.645	457
160.695	458
160.745	459
160.795	457
160.846	461
160.896	457
160.946	448
160.996	452
161.047	447
161.097	440
161.148	440
161.198	434
161.248	431
161.298	426
161.348	416
161.398	419
161.449	419
161.499	412
161.549	417
161.599	415
161.649	418
161.700	421
161.750	414
161.800	427
161.850	431
161.900	433
161.951	439
162.002	442
162.052	448
162.102	452
162.152	444
162.202	457
162.252	458
162.303	458
162.353	460
162.403	455
162.453	455
162.503	453
162.554	441
162.604	445
162.654	441
162.704	436
162.754	433
162.804	427
162.856	425
162.906	423
162.956	414
163.006	418
163.056	416
163.107	416
163.157	418
163.207	419
163.257	421
163.307	424
163.357	422
163.408	433
163.458	437
163.508	440
163.558	445
163.608	444
163.658	452
163.709	455
163.760	450
163.810	459
163.860	458
163.910	458
163.961	457
164.011	447
164.061	452
164.111	448
164.161	436
164.211	441
164.262	436
164.312	432
164.362	429
164.412	419
164.462	423
164.512	419
164.563	412
164.613	417
164.664	417
164.714	418
164.764	420
164.815	415
164.865	427
164.915	430
164.965	429
165.015	437
165.065	442
165.116	447
165.166	450
165.216	445
165.266	457
165.316	458
165.366	451
165.417	461
165.467	457
165.518	457
165.568	454
165.618	440
165.669	448
165.719	443
165.769	434
165.819	435
165.869	429
165.919	427
165.970	423
166.020	411
166.070	418
166.120	416
166.170	410
166.220	416
166.271	418
166.321	421
166.371	424
166.422	419
166.472	432
166.523	436
166.573	438
166.623	446
166.673	448
166.723	453
166.773	457
166.824	448
166.874	460
166.924	461
166.974	457
167.024	459
167.075	454
167.125	454
167.175	450
167.225	436
167.275	441
167.326	435
167.377	428
167.427	427
167.477	423
167.527	420
167.577	417
167.627	408
167.678	415
167.728	416
167.778	413
167.828	419
167.878	421
167.929	426
167.979	430
168.029	424
168.079	440
168.129	444
168.179	444
168.231	453
168.281	453
168.331	459
168.381	460
168.431	453
168.481	460
168.532	460
168.582	454
168.632	454
168.682	448
168.732	448
168.783	441
168.833	428
168.883	433
168.933	429
168.983	423
169.033	421
169.084	417
169.135	416
169.185	416
169.235	409
169.285	417
169.336	419
169.386	416
169.436	425
169.486	427
169.536	433
169.586	438
169.637	434
169.687	446
169.737	449
169.787	453
169.837	455
169.887	453
169.938	459
169.988	459
170.039	452
170.089	458
170.139	454
170.190	452
170.240	448
170.290	439
170.340	440
170.390	435
170.440	425
170.491	427
170.541	423
170.591	420
170.641	420
170.691	415
170.741	418
170.792	417
170.842	412
170.892	423
170.943	424
170.993	426
171.044	430
171.094	431
171.144	438
171.194	442
171.244	440
171.294	450
171.345	452
171.395	455
171.445	456
171.495	447
171.545	458
171.595	456
171.646	448
171.696	453
171.746	449
171.796	447
171.847	444
171.898	431
171.948	437
171.998	433
172.048	422
172.098	425
172.148	423
172.199	421
172.249	420
172.299	410
172.349	420
172.399	422
172.449	416
172.500	426
172.550	426
172.600	430
172.650	434
172.700	425
172.752	442
172.802	444
172.852	443
172.902	451
172.952	453
173.002	456
173.053	457
173.103	447
173.153	457
173.203	455
173.253	449
173.304	451
173.354	447
173.404	445
173.454	443
173.504	428
173.554	434
173.605	431
173.656	422
173.706	425
173.756	421
173.806	420
173.856	420
173.907	411
173.957	419
174.007	420
174.057	419
174.107	425
174.158	427
174.208	431
174.258	436
174.308	432
174.358	445
174.408	447
174.459	448
174.509	454
174.560	455
174.610	458
174.660	459
174.710	448
174.761	457
174.811	456
174.861	450
174.911	450
174.961	445
175.012	442
175.062	437
175.112	425
175.162	429
175.212	426
175.262	418
175.313	419
175.363	418
175.414	417
175.464	416
175.514	410
175.564	419
175.615	422
175.665	421
175.715	430
175.765	432
175.815	439
175.866	441
175.916	436
175.966	450
176.016	454
176.066	456
176.116	460
176.167	458
176.217	462
176.267	461
176.318	450
176.368	457
176.419	453
176.469	448
176.519	445
176.569	438
176.619	435
176.669	430
176.720	418
176.770	422
176.820	418
176.870	416
176.920	415
176.970	417
177.021	416
177.071	418
177.121	411
177.171	423
177.222	426
177.273	429
177.323	436
177.373	437
177.423	444
177.473	450
177.523	446
177.574	457
177.624	458
177.674	462
177.724	464
177.774	455
177.824	460
177.875	458
177.925	446
177.975	451
178.025	446
178.075	441
178.127	436
178.177	429
178.227	427
178.277	423
178.327	414
178.377	417
178.428	415
178.478	415
178.528	415
178.578	407
178.628	418
178.678	422
178.729	418
178.779	430
178.829	434
178.879	439
178.929	445
178.980	439
179.031	453
179.081	455
179.131	453
179.181	461
179.231	459
179.282	462
179.332	460
179.382	448
179.432	454
179.482	451
179.532	442
179.583	443
179.633	439
179.683	433
179.733	429
179.783	413
179.834	422
179.884	419
179.935	412
179.985	416
180.035	415
180.085	417
180.136	419
180.186	413
180.236	424
180.286	428
180.336	426
180.387	437
180.437	441
180.487	446
180.537	450
180.587	444
180.637	458
180.688	457
180.738	457
180.788	459
180.839	460
180.889	459
180.939	456
180.990	442
181.040	449
181.090	445
181.140	438
181.190	436
181.241	431
181.291	427
181.341	424
181.391	411
181.441	419
181.491	419
181.542	413
181.592	418
181.642	419
181.692	420
181.743	423
181.793	418
181.844	430
181.894	434
181.944	435
181.994	443
182.044	445
182.095	450
182.145	454
182.195	448
182.245	458
182.295	460
182.345	457
182.396	460
182.446	454
182.496	455
182.546	452
182.596	438
182.648	445
182.698	439
182.748	433
182.798	432
182.848	426
182.898	424
182.949	421
182.999	412
183.049	420
183.099	418
183.149	412
183.199	420
183.250	419
183.300	423
183.350	427
183.400	424
183.450	435
183.500	438
183.552	441
183.602	447
183.652	448
183.702	454
183.752	456
183.803	450
183.853	460
183.903	458
183.953	458
184.003	457
184.053	447
184.104	451
184.154	449
184.204	437
184.254	440
184.304	435
184.355	432
184.405	426
184.456	423
184.506	421
184.556	419
184.606	412
184.657	417
184.707	417
184.757	417
184.807	422
184.857	423
184.907	427
184.958	431
185.008	428
185.058	441
185.108	444
185.158	448
185.209	452
185.259	447
185.310	458
185.360	460
185.410	454
185.460	460
185.511	458
185.561	457
185.611	455
185.661	445
185.711	446
185.761	442
185.812	432
185.862	433
185.912	428
185.962	426
186.012	421
186.063	409
186.113	416
186.163	416
186.214	410
186.264	417
186.314	419
186.365	420
186.415	425
186.465	418
186.515	433
186.565	439
186.616	437
186.666	447
186.716	449
186.766	456
186.816	458
186.866	448
186.917	462
186.967	461
187.017	457
187.067	459
187.118	455
187.168	453
187.219	449
187.269	434
187.319	440
187.369	434
187.419	426
187.470	426
187.520	421
187.570	419
187.620	418
187.670	407
187.720	416
187.771	416
187.821	412
187.871	420
187.921	422
187.971	427
188.022	433
188.073	426
188.123	440
188.173	445
188.223	446
188.273	453
188.324	455
188.374	459
188.424	462
188.474	451
188.524	460
188.574	459
188.625	453
188.675	454
188.725	449
188.775	446
188.825	441
188.875	428
188.927	433
188.977	428
189.027	420
189.077	422
189.127	419
189.178	417
189.228	417
189.278	410
189.328	418
189.378	420
189.428	419
189.479	424
189.529	427
189.579	434
189.629	438
189.679	434
189.729	445
189.780	450
189.831	452
189.881	456
189.931	455
189.981	459
190.032	459
190.082	450
190.132	456
190.182	453
190.232	452
190.282	449
190.333	446
190.383	440
190.433	436
190.483	427
190.533	429
190.584	426
190.634	422
190.684	421
190.735	421
190.785	418
190.835	419
190.886	413
190.936	421
190.986	423
191.036	425
191.086	429
191.136	430
191.187	437
191.237	440
191.287	436
191.337	449
191.387	452
191.438	454
191.488	458
191.538	447
191.588	458
191.639	457
191.689	449
191.740	454
191.790	452
191.840	448
191.890	447
191.940	439
191.990	438
192.041	435
192.091	422
192.141	428
192.191	424
192.241	422
192.292	420
192.342	411
192.392	419
192.442	420
192.492	416
192.543	423
192.594	425
192.644	428
192.694	431
192.744	427
192.794	439
192.844	443
192.895	440
192.945	451
192.995	451
193.045	455
193.095	457
193.146	449
193.196	458
193.246	459
193.296	450
193.346	454
193.396	451
193.448	447
193.498	445
193.548	429
193.598	436
193.648	431
193.699	422
193.749	424
193.799	419
193.849	419
193.899	418
193.949	408
194.000	417
194.050	418
194.100	417
194.150	424
194.200	427
194.250	431
194.301	435
194.352	428
194.402	444
194.452	448
194.502	448
194.553	456
194.603	457
194.653	460
194.703	461
194.753	450
194.803	459
194.854	458
194.904	451
194.954	452
195.004	445
195.054	443
195.104	439
195.155	424
195.205	429
195.256	424
195.306	418
195.356	419
195.407	416
195.457	415
195.507	416
195.557	406
195.607	419
195.657	422
195.708	421
195.758	428
195.808	431
195.858	437
195.908	443
195.958	439
196.009	451
196.059	455
196.110	456
196.160	461
196.210	460
196.261	462
196.311	462
196.361	452
196.411	457
196.461	454
196.511	448
196.562	447
196.612	438
196.662	435
196.712	430
196.762	420
196.812	422
196.863	417
196.913	413
196.963	415
197.014	413
197.064	416
197.115	416
197.165	413
197.215	423
197.265	428
197.315	429
197.365	436
197.416	440
197.466	446
197.516	450
197.566	448
197.616	458
197.667	461
197.717	461
197.767	463
197.817	461
197.867	460
197.918	457
197.969	445
198.019	450
198.069	445
198.119	440
198.169	436
198.219	428
198.270	427
198.320	423
198.370	412
198.420	418
198.470	416
198.521	414
198.571	416
198.621	415
198.671	419
198.721	423
198.771	420
198.823	430
198.873	435
198.923	440
198.973	445
199.023	445
199.073	453
199.124	454
199.174	450
199.224	460
199.274	459
199.324	461
199.375	460
199.425	447
199.475	455
199.525	450
199.575	440
199.625	443
199.676	438
199.727	434
199.777	429
199.827	419
199.877	422
199.928	420
199.978	412
200.028	417
200.078	416
200.128	419
200.178	419
200.229	413
200.279	425
200.329	428
200.379	428
200.429	437
200.479	440
200.530	446
200.580	449
200.631	444
200.681	455
200.731	458
200.782	455
200.832	460
200.882	458
200.932	458
200.982	456
201.032	439
201.083	449
201.133	446
201.183	436
201.233	437
201.283	432
201.333	429
201.384	426
201.434	414
201.484	420
201.535	419
201.585	414
201.636	418
201.686	419
201.736	421
201.786	422
201.836	417
201.886	429
201.937	432
201.987	434
202.037	441
202.087	446
202.137	450
202.187	452
202.238	446
202.288	457
202.338	459
202.388	456
202.439	457
202.490	455
202.540	453
202.590	453
202.640	437
202.690	445
202.740	440
202.791	434
202.841	432
202.891	428
202.941	426
202.991	423
203.041	413
203.092	419
203.142	418
203.192	416
203.242	420
203.292	421
203.344	424
203.394	427
203.444	423
203.494	434
203.544	439
203.594	440
203.645	447
203.695	447
203.745	453
203.795	456
203.845	449
203.896	459
203.946	459
203.996	453
204.046	457
204.096	453
204.146	452
204.197	450
204.248	436
204.298	439
204.348	434
204.398	424
204.448	427
204.499	423
204.549	421
204.599	419
204.649	412
204.699	417
204.750	418
204.800	418
204.850	421
204.900	423
204.950	427
205.000	431
205.051	429
205.101	439
205.152	444
205.202	448
205.252	452
205.302	455
205.353	457
205.403	460
205.453	454
205.503	460
205.553	457
205.604	457
205.654	454
205.704	447
205.754	448
205.804	443
205.854	432
205.905	433
205.955	429
206.006	424
206.056	421
206.106	419
206.156	418
206.207	416
206.257	412
206.307	418
206.357	419
206.407	422
206.458	425
206.508	427
206.558	434
206.608	438
206.658	435
206.708	448
206.759	451
206.809	455
206.859	458
206.910	447
206.960	461
207.011	462
207.061	453
207.111	460
207.161	455
207.211	452
207.261	448
207.312	433
207.362	439
207.412	434
207.462	422
207.512	426
207.562	421
207.613	419
207.663	417
207.713	407
207.763	417
207.814	416
207.865	413
207.915	422
207.965	424
208.015	429
208.065	433
208.115	428
208.166	441
208.216	446
208.266	446
208.316	454
208.366	456
208.416	460
208.467	460
208.517	451
208.567	461
208.617	459
208.667	452
208.719	454
208.769	449
208.819	445
208.869	442
208.919	426
208.969	431
209.020	428
209.070	417
209.120	422
209.170	420
209.220	418
209.270	416
209.321	408
209.371	419
209.421	421
209.471	420
209.521	428
209.572	429
209.623	435
209.673	440
209.723	434
209.773	448
209.823	451
209.874	450
209.924	457
209.974	457
210.024	460
210.074	460
210.124	448
210.175	457
210.225	454
210.275	450
210.325	448
210.375	443
210.426	440
210.476	436
210.527	424
210.577	428
210.627	424
210.677	418
210.728	421
210.778	417
210.828	417
210.878	418
210.928	414
210.979	421
211.029	425
211.079	424
211.129	432
211.179	434
211.229	438
211.280	444
211.330	440
211.380	451
211.431	455
211.481	452
211.531	459
211.582	455
211.632	460
211.682	457
211.732	448
211.782	454
211.833	450
211.883	448
211.933	444
211.983	437
212.033	437
212.083	433
212.134	422
212.184	427
212.234	423
212.284	420
212.335	420
212.385	418
212.436	419
212.486	421
212.536	417
212.586	426
212.636	427
212.687	429
212.737	434
212.787	435
212.837	442
212.887	445
212.937	443
212.988	453
213.038	455
213.088	457
213.138	458
213.188	447
213.240	457
213.290	456
213.340	448
213.390	451
213.440	448
213.490	446
213.541	440
213.591	427
213.641	433
213.691	429
213.741	420
213.791	424
213.842	421
213.892	420
213.942	418
213.992	411
214.042	420
214.092	422
214.144	419
214.194	427
214.244	430
214.294	434
214.344	437
214.395	432
214.445	446
214.495	450
214.545	448
214.595	456
214.645	457
214.696	460
214.746	460
214.796	445
214.846	458
214.896	456
214.947	448
214.997	448
215.048	446
215.098	443
215.148	437
215.198	424
215.249	430
215.299	425
215.349	418
215.399	420
215.449	418
215.499	418
215.550	418
215.600	410
215.650	421
215.700	423
215.750	422
215.801	430
215.851	433
215.902	438
215.952	443
216.002	437
216.052	452
216.103	454
216.153	452
216.203	459
216.253	458
216.303	459
216.353	461
216.404	448
216.454	456
216.504	451
216.554	444
216.604	444
216.655	439
216.705	437
216.755	433
216.806	419
216.856	423
216.906	421
216.957	416
217.007	418
217.057	417
217.107	417
217.157	418
217.208	414
217.258	423
217.308	427
217.358	428
217.408	435
217.458	439
217.509	444
217.559	449
217.609	442
217.659	456
217.710	458
217.760	457
217.811	462
217.861	457
217.911	460
217.961	459
218.011	446
218.062	452
218.112	448
218.162	440
218.212	438
218.262	431
218.312	430
218.363	426
218.413	414
218.463	420
218.513	416
218.563	416
218.614	417
218.665	417
218.715	418
218.765	422
218.815	417
218.865	429
218.916	433
218.966	436
219.016	442
219.066	443
219.116	451
219.166	454
219.217	450
219.267	460
219.317	461
219.367	459
219.417	461
219.467	451
219.519	457
219.569	454
219.619	443
219.669	445
219.719	442
219.770	437
219.820	434
219.870	423
219.920	424
219.970	421
220.020	411
220.071	416
220.121	415
220.171	417
220.221	418
220.271	411
220.321	422
220.372	426
220.423	422
220.473	435
220.523	438
220.573	444
220.624	449
220.674	441
220.724	457
220.774	460
220.824	454
220.874	462
220.925	461
220.975	461
221.025	458
221.075	445
221.125	452
221.176	448
221.226	438
221.276	439
221.327	434
221.377	430
221.427	426
221.478	414
221.528	420
221.578	418
221.628	409
221.678	416
221.728	417
221.779	420
221.829	421
221.879	416
221.929	428
221.979	433
222.030	432
222.080	443
222.130	445
222.180	450
222.231	454
222.281	446
222.332	461
222.382	460
222.432	458
222.482	462
222.532	457
222.582	457
222.633	454
222.683	440
222.733	446
222.783	441
222.833	433
222.884	432
222.934	427
222.984	424
223.034	421
223.084	411
223.135	417
223.186	416
223.236	414
223.286	419
223.336	419
223.386	422
223.436	425
223.487	422
223.537	435
223.587	439
223.637	440
223.687	449
223.738	450
223.788	456
223.838	459
223.888	450
223.938	461
223.988	461
224.040	457
224.090	458
224.140	453
224.190	451
224.240	448
224.291	436
224.341	441
224.391	435
224.441	428
224.491	427
224.541	423
224.592	421
224.642	419
224.692	414
224.742	418
224.792	418
224.842	414
224.893	421
224.944	424
224.994	427
225.044	431
225.094	428
225.145	441
225.195	444
225.245	443
225.295	453
225.345	454
225.395	458
225.446	460
225.496	451
225.546	460
225.596	458
225.646	456
225.696	454
225.747	447
225.797	448
225.848	442
225.898	432
225.948	435
225.999	431
226.049	425
226.099	424
226.149	421
226.199	419
226.249	419
226.300	412
226.350	419
226.400	420
226.450	422
226.500	425
226.550	427
226.601	433
226.651	436
226.702	434
226.752	444
226.802	449
226.853	452
226.903	456
226.953	447
227.003	458
227.053	459
227.103	451
227.154	458
227.204	456
227.254	453
