#Creator: pendulumdriveEventBuffer
#Creation time: Thu Apr 11 16:06:28 2019
#Time	Pos
#[s]	[au]
0.050	430
0.100	435
0.150	438
0.200	444
0.250	447
0.301	454
0.351	455
0.401	452
0.451	463
0.501	462
0.552	460
0.602	462
0.652	457
0.702	457
0.752	455
0.802	443
0.854	444
0.904	439
0.954	432
1.004	430
1.054	443
1.104	422
1.155	419
1.205	410
1.255	415
1.305	414
1.355	416
1.406	418
1.456	420
1.506	424
1.556	428
1.606	428
1.656	439
1.707	444
1.758	448
1.808	455
1.858	453
1.908	462
1.959	463
2.009	456
2.059	465
2.109	463
2.159	462
2.209	459
2.260	447
2.310	451
2.360	446
2.410	435
2.460	435
2.510	429
2.561	426
2.611	421
2.662	407
2.712	415
2.762	414
2.813	408
2.863	414
2.913	416
2.963	419
3.013	423
3.063	419
3.114	433
3.164	438
3.214	439
3.264	450
3.314	454
3.364	459
3.415	462
3.465	455
3.515	466
3.566	466
3.616	460
3.667	463
3.717	459
3.767	456
3.817	450
3.867	433
3.917	440
3.968	435
4.018	426
4.068	425
4.118	421
4.168	418
4.218	414
4.269	404
4.319	413
4.369	415
4.420	412
4.470	420
4.521	425
4.571	428
4.621	434
4.671	429
4.721	445
4.771	451
4.822	450
4.872	458
4.922	461
4.972	464
5.022	465
5.072	454
5.123	464
5.173	462
5.223	452
5.273	455
5.324	449
5.375	445
5.425	439
5.475	423
5.525	429
5.575	424
5.625	416
5.676	419
5.726	417
5.776	415
5.826	415
5.876	408
5.927	419
5.977	421
6.027	421
6.077	431
6.127	434
6.177	439
6.229	445
6.279	438
6.329	452
6.379	457
6.429	456
6.479	461
6.530	460
6.580	463
6.630	462
6.680	448
6.730	456
6.781	453
6.831	446
6.881	445
6.931	439
6.981	436
7.031	431
7.082	418
7.133	425
7.183	422
7.233	417
7.283	419
7.333	418
7.384	419
7.434	420
7.484	416
7.534	426
7.584	428
7.635	428
7.685	436
7.735	439
7.785	446
7.835	449
7.885	442
7.936	455
7.987	457
8.037	454
8.087	457
8.137	457
8.188	459
8.238	458
8.288	444
8.338	450
8.388	449
8.438	442
8.489	440
8.539	435
8.589	432
8.639	429
8.689	419
8.739	423
8.790	422
8.840	417
8.891	420
8.941	420
8.991	422
9.042	423
9.092	418
9.142	427
9.192	433
9.242	434
9.292	441
9.343	442
9.393	448
9.443	451
9.493	446
9.543	457
9.593	458
9.644	458
9.694	461
9.744	476
9.795	457
9.845	455
9.896	444
9.946	447
9.996	444
10.046	440
10.096	436
10.146	431
10.197	429
10.247	426
10.297	416
10.347	419
10.397	419
10.447	419
10.498	421
10.548	415
10.598	423
10.648	426
10.699	423
10.750	434
10.800	437
10.850	441
10.900	447
10.950	445
11.000	455
11.051	458
11.101	452
11.151	462
11.201	462
11.251	462
11.301	460
11.352	447
11.402	455
11.452	451
11.502	440
11.552	442
11.604	438
11.654	432
11.704	426
11.754	417
11.804	420
11.854	418
11.905	409
11.955	415
12.005	415
12.055	418
12.105	420
12.156	414
12.206	426
12.256	433
12.306	432
12.356	442
12.406	445
12.457	453
12.508	456
12.558	450
12.608	464
12.658	464
12.708	461
12.759	465
12.809	462
12.859	460
12.909	456
12.959	442
13.010	447
13.060	441
13.110	432
13.160	430
13.210	424
13.260	421
13.311	418
13.361	406
13.412	414
13.462	412
13.512	409
13.562	416
13.613	420
13.663	423
13.713	427
13.763	424
13.813	438
13.864	446
13.914	444
13.964	455
14.014	457
14.064	463
14.114	465
14.165	457
14.215	465
14.265	464
14.316	459
14.366	459
14.416	454
14.467	450
14.517	444
14.567	431
14.617	434
14.667	428
14.718	419
14.768	419
14.818	415
14.868	413
14.918	413
14.968	405
15.019	414
15.069	417
15.119	417
15.169	425
15.220	428
15.271	435
15.321	441
15.371	438
15.421	453
15.471	457
15.521	458
15.572	464
15.622	463
15.672	467
15.722	466
15.772	456
15.822	462
15.873	457
15.923	451
15.973	448
16.023	440
16.073	438
16.125	430
16.175	420
16.225	422
16.275	419
16.325	412
16.375	414
16.426	413
16.476	415
16.526	416
16.576	412
16.626	422
16.676	426
16.727	430
16.777	436
16.827	439
16.877	448
16.927	452
16.979	449
17.029	460
17.079	462
17.129	463
17.179	465
17.229	457
17.280	461
17.330	458
17.380	445
17.430	451
17.480	446
17.530	441
17.581	437
17.631	430
17.681	428
17.731	423
17.781	416
17.832	418
17.883	416
17.933	416
17.983	418
18.033	418
18.083	422
18.134	422
18.184	423
18.234	433
18.284	437
18.334	440
18.384	446
18.435	439
18.485	453
18.535	457
18.585	452
18.635	461
18.686	461
18.736	461
18.787	460
18.837	447
18.887	455
18.937	451
18.988	442
19.038	444
19.088	439
19.138	434
19.188	431
19.239	416
19.289	425
19.339	423
19.389	416
19.439	419
19.489	419
19.540	420
19.590	422
19.640	416
19.691	427
19.741	431
19.791	427
19.842	438
19.892	442
19.942	447
19.992	449
20.042	444
20.093	455
20.143	458
20.193	452
20.243	461
20.293	458
20.343	459
20.394	456
20.444	444
20.494	451
20.544	447
20.595	438
20.645	440
20.696	435
20.746	432
20.796	429
20.846	417
20.896	422
20.947	421
20.997	416
21.047	421
21.097	421
21.147	421
21.197	425
21.248	419
21.298	429
21.348	433
21.398	435
21.448	442
21.500	446
21.550	451
21.600	454
21.650	444
21.700	459
21.750	459
21.801	457
21.851	461
21.901	456
21.951	456
22.001	456
22.051	440
22.102	448
22.152	443
22.202	436
22.252	434
22.302	430
22.352	428
22.404	424
22.454	412
22.504	419
22.554	418
22.604	414
22.655	419
22.705	420
22.755	423
22.805	427
22.855	422
22.905	434
22.956	438
23.006	442
23.056	448
23.106	449
23.156	457
23.207	459
23.257	450
23.308	461
23.358	462
23.408	459
23.458	458
23.509	454
23.559	454
23.609	450
23.659	437
23.709	442
23.759	434
23.810	430
23.860	427
23.910	438
23.960	420
24.010	418
24.061	410
24.111	416
24.161	418
24.212	416
24.262	420
24.312	446
24.363	428
24.413	432
24.463	430
24.513	442
24.563	447
24.613	450
24.664	455
24.714	453
24.764	461
24.814	463
24.864	454
24.915	464
24.965	462
25.015	458
25.066	456
25.116	445
25.166	447
25.217	442
25.267	430
25.317	432
25.367	428
25.417	424
25.468	421
25.518	415
25.568	416
25.618	416
25.668	411
25.718	418
25.769	419
25.819	424
25.869	428
25.919	427
25.970	437
26.020	442
26.071	438
26.121	451
26.171	454
26.221	459
26.271	461
26.322	451
26.372	463
26.422	463
26.472	458
26.522	459
26.572	455
26.623	453
26.673	448
26.723	433
26.773	438
26.823	435
26.874	424
26.925	425
26.975	421
27.025	419
27.075	416
27.125	408
27.176	417
27.226	417
27.276	416
27.326	423
27.376	427
27.426	432
27.477	434
27.527	428
27.577	445
27.627	450
27.677	448
27.727	458
27.779	459
27.829	463
27.879	462
27.929	450
27.979	461
28.030	459
28.080	452
28.130	453
28.180	447
28.230	445
28.280	440
28.331	426
28.381	431
28.431	427
28.481	420
28.531	421
28.581	419
28.632	418
28.683	418
28.733	410
28.783	421
28.833	423
28.884	422
28.934	431
28.984	433
29.034	438
29.084	444
29.134	438
29.185	451
29.235	453
29.285	454
29.335	460
29.385	458
29.436	461
29.486	461
29.536	450
29.587	455
29.637	455
29.687	448
29.738	447
29.788	440
29.838	438
29.888	434
29.938	424
29.988	428
30.039	424
30.089	420
30.139	420
30.189	419
30.239	420
30.290	421
30.340	416
30.390	425
30.440	427
30.491	428
30.541	435
30.592	437
30.642	443
30.692	448
30.742	441
30.792	453
30.842	455
30.893	458
30.943	459
30.993	478
31.043	459
31.093	459
31.144	448
31.194	454
31.244	449
31.294	445
31.344	442
31.395	437
31.446	435
31.496	431
31.546	420
31.596	423
31.646	422
31.696	420
31.747	420
31.797	419
31.847	420
31.897	422
31.947	418
31.998	428
32.048	431
32.098	435
32.148	439
32.198	431
32.248	448
32.300	452
32.350	448
32.400	458
32.450	460
32.500	462
32.551	461
32.601	454
32.651	460
32.701	457
32.751	448
32.801	450
32.852	446
32.902	440
32.952	437
33.002	423
33.052	429
33.102	425
33.153	416
33.204	420
33.254	419
33.304	418
33.354	418
33.405	411
33.455	422
33.505	425
33.555	422
33.605	433
33.655	437
33.706	442
33.756	447
33.806	440
33.856	455
33.906	458
33.956	456
34.007	462
34.057	462
34.108	463
34.158	462
34.208	446
34.259	456
34.309	453
34.359	442
34.409	444
34.459	437
34.509	434
34.560	428
34.610	414
34.660	421
34.710	420
34.760	412
34.810	416
34.861	416
34.911	418
34.962	420
35.012	415
35.062	427
35.113	431
35.163	431
35.213	441
35.263	444
35.313	450
35.363	453
35.414	448
35.464	462
35.514	464
35.564	460
35.614	463
35.664	461
35.715	460
35.765	457
35.815	441
35.866	449
35.916	444
35.967	436
36.017	435
36.067	429
36.117	426
36.167	422
36.217	411
36.268	417
36.318	417
36.368	412
36.418	417
36.468	418
36.519	421
36.569	425
36.619	423
36.669	435
36.719	441
36.770	440
36.821	448
36.871	452
36.921	458
36.971	461
37.021	453
37.071	462
37.122	463
37.172	459
37.222	461
37.272	456
37.322	453
37.373	450
37.423	438
37.473	442
37.523	436
37.573	430
37.623	427
37.675	423
37.725	421
37.775	419
37.825	410
37.875	417
37.925	417
37.976	416
38.026	422
38.076	423
38.126	429
38.176	433
38.227	430
38.277	443
38.327	447
38.377	451
38.427	454
38.477	451
38.528	461
38.579	462
38.629	455
38.679	463
38.729	459
38.780	457
38.830	455
38.880	447
38.930	448
38.980	442
39.030	430
39.081	435
39.131	430
39.181	424
39.231	422
39.281	415
39.331	417
39.382	417
39.432	412
39.483	418
39.533	420
39.583	423
39.634	427
39.684	429
39.734	436
39.784	441
39.834	438
39.884	450
39.935	454
39.985	458
40.035	461
40.085	451
40.135	463
40.185	463
40.236	456
40.286	460
40.336	456
40.387	453
40.437	449
40.488	432
40.538	440
40.588	435
40.638	424
40.688	426
40.738	421
40.789	420
40.839	417
40.889	407
40.939	416
40.989	417
41.039	414
41.090	422
41.140	427
41.190	430
41.240	434
41.291	431
41.342	446
41.392	450
41.442	450
41.492	458
41.542	460
41.592	464
41.643	465
41.693	454
41.743	463
41.793	461
41.843	454
41.893	454
41.944	448
41.994	444
42.044	439
42.094	426
42.144	429
42.196	425
42.246	416
42.296	417
42.346	415
42.396	415
42.446	415
42.497	408
42.547	418
42.597	421
42.647	422
42.697	430
42.748	433
42.798	441
42.848	446
42.898	443
42.948	457
42.998	459
43.049	458
43.100	463
43.150	465
43.200	465
43.250	464
43.300	452
43.351	457
43.401	454
43.451	445
43.501	444
43.551	437
43.602	432
43.652	428
43.702	414
43.752	420
43.802	416
43.852	412
43.903	414
43.953	415
44.004	416
44.054	419
44.104	413
44.154	427
44.205	431
44.255	434
44.305	442
44.355	445
44.405	453
44.456	458
44.506	450
44.556	464
44.606	465
44.656	465
44.706	465
44.757	460
44.807	460
44.858	457
44.908	440
44.958	447
45.008	443
45.059	433
45.109	432
45.159	425
45.209	422
45.259	420
45.310	410
45.360	414
45.410	415
45.460	414
45.510	417
45.560	421
45.611	424
45.661	428
45.711	426
45.762	438
45.812	443
45.863	448
45.913	453
45.963	451
46.013	459
46.063	462
46.113	457
46.164	466
46.214	464
46.264	461
46.314	459
46.364	447
46.414	452
46.465	447
46.515	434
46.565	436
46.615	431
46.666	428
46.717	423
46.767	415
46.817	416
46.867	415
46.917	410
46.967	419
47.018	419
47.068	421
47.118	425
47.168	423
47.218	434
47.268	438
47.319	438
47.369	448
47.419	452
47.469	457
47.519	460
47.571	451
47.621	463
47.671	465
47.721	457
47.771	462
47.821	458
47.872	456
47.922	451
47.972	435
48.022	443
48.072	437
48.122	425
48.173	428
48.223	423
48.273	422
48.323	419
48.373	409
48.424	416
48.475	417
48.525	414
48.575	422
48.625	424
48.675	428
48.726	434
48.776	428
48.826	444
48.876	447
48.926	446
48.976	454
49.027	457
49.077	461
49.127	463
49.177	451
49.227	462
49.278	461
49.328	454
49.379	455
49.429	450
49.479	449
49.529	443
49.580	429
49.630	434
49.680	429
49.730	421
49.780	422
49.831	419
49.881	418
49.931	418
49.981	410
50.031	419
50.081	422
50.132	422
50.182	427
50.232	430
50.283	436
50.333	441
50.383	436
50.434	450
50.484	454
50.534	454
50.584	461
50.634	460
50.685	462
50.735	464
50.785	452
50.835	459
50.885	457
50.935	450
50.986	448
51.036	442
51.086	438
51.136	434
51.187	422
51.237	426
51.288	422
51.338	417
51.388	418
51.438	415
51.488	417
51.539	417
51.589	413
51.639	423
51.689	426
51.739	430
51.789	437
51.840	457
51.890	446
51.940	450
51.990	448
52.040	459
52.092	462
52.142	461
52.192	464
52.242	481
52.292	464
52.342	461
52.393	449
52.443	455
52.493	448
52.543	444
52.593	439
52.643	434
52.694	430
52.744	426
52.794	414
52.844	418
52.894	416
52.944	416
52.996	416
53.046	417
53.096	419
53.146	422
53.196	420
53.247	431
53.297	435
53.347	440
53.397	446
53.447	446
53.497	455
53.548	459
53.598	456
53.648	464
53.698	463
53.748	466
53.799	464
53.849	451
53.900	459
53.950	454
54.000	442
54.050	445
54.101	438
54.151	434
54.201	430
54.251	423
54.301	421
54.351	417
54.402	411
54.452	415
54.502	416
54.552	417
54.602	419
54.653	414
54.703	427
54.754	431
54.804	430
54.854	441
54.904	446
54.955	451
55.005	455
55.055	448
55.105	462
55.155	464
55.205	460
55.256	464
55.306	462
55.356	461
55.406	457
55.456	443
55.507	449
55.557	445
55.607	432
55.658	434
55.708	429
55.758	425
55.809	421
55.859	411
55.909	417
55.959	417
56.009	411
56.060	418
56.110	419
56.160	423
56.210	426
56.260	422
56.310	436
56.361	440
56.411	442
56.461	450
56.511	453
56.562	459
56.612	461
56.663	453
56.713	462
56.763	463
56.813	459
56.863	460
56.914	455
56.964	454
57.014	449
57.064	433
57.114	440
57.164	435
57.215	427
57.265	427
57.315	422
57.365	420
57.415	420
57.466	412
57.517	418
57.567	419
57.617	416
57.667	423
57.717	426
57.768	430
57.818	435
57.868	430
57.918	445
57.968	447
58.018	450
58.069	456
58.119	456
58.169	460
58.219	462
58.269	453
58.319	461
58.371	461
58.421	454
58.471	453
58.521	447
58.571	446
58.622	442
58.672	429
58.722	434
58.772	429
58.822	424
58.872	423
58.923	439
58.973	419
59.023	419
59.073	413
59.123	421
59.173	423
59.224	424
59.275	429
59.325	431
59.375	438
59.425	441
59.476	440
59.526	449
59.576	452
59.626	456
59.676	459
59.726	447
59.777	460
59.827	462
59.877	452
59.927	459
59.977	455
60.028	452
60.078	450
60.128	439
60.179	441
60.229	437
60.279	425
60.330	427
60.380	425
60.430	423
60.480	421
60.530	415
60.580	420
60.631	420
60.681	414
60.731	423
60.781	426
60.831	430
60.882	434
60.932	427
60.982	442
61.032	446
61.083	445
61.133	454
61.184	456
61.234	461
61.284	462
61.334	452
61.384	460
61.434	460
61.485	451
61.535	455
61.585	451
61.635	447
61.685	444
61.736	428
61.786	434
61.836	429
61.886	422
61.936	423
61.987	419
62.038	418
62.088	417
62.138	410
62.188	418
62.238	420
62.288	419
62.339	428
62.389	431
62.439	436
62.489	440
62.539	436
62.590	450
62.640	454
62.690	452
62.740	460
62.790	461
62.840	463
62.892	463
62.942	450
62.992	461
63.042	457
63.092	450
63.143	450
63.193	444
63.243	441
63.293	436
63.343	423
63.393	427
63.444	425
63.494	416
63.544	418
63.594	416
63.644	417
63.694	417
63.745	412
63.796	422
63.846	425
63.896	426
63.946	434
63.997	437
64.047	444
64.097	449
64.147	444
64.197	458
64.247	460
64.298	459
64.348	464
64.398	462
64.448	464
64.498	461
64.548	451
64.599	455
64.649	451
64.700	443
64.750	441
64.800	435
64.851	432
64.901	427
64.951	416
65.001	420
65.051	418
65.101	413
65.152	416
65.202	417
65.252	418
65.302	421
65.352	418
65.402	429
65.453	434
65.503	436
65.554	443
65.604	446
65.654	451
65.705	458
65.755	452
65.805	461
65.855	463
65.905	464
65.955	464
66.006	459
66.056	460
66.106	455
66.156	444
66.206	448
66.256	442
66.307	436
66.357	433
66.407	427
66.458	425
66.508	421
66.559	413
66.609	417
66.659	417
66.709	416
66.759	419
66.809	421
66.860	424
66.910	427
66.960	425
67.010	437
67.060	442
67.111	446
67.161	451
67.211	447
67.261	459
67.311	461
67.362	456
67.413	463
67.463	463
67.513	460
67.563	458
67.613	447
67.663	453
67.714	449
67.764	440
67.814	442
67.864	437
67.914	430
67.965	426
68.015	419
68.065	421
68.115	420
68.165	413
68.215	418
68.267	419
68.317	421
68.367	424
68.417	419
68.467	431
68.517	435
68.568	434
68.618	444
68.668	447
68.718	452
68.768	456
68.819	444
68.869	460
68.919	462
68.969	458
69.019	461
69.069	460
69.120	457
69.171	454
69.221	440
69.271	447
69.321	444
69.372	433
69.422	433
69.472	430
69.522	425
69.572	423
69.622	412
69.673	419
69.723	419
69.773	414
69.823	420
69.873	423
69.923	426
69.974	428
70.024	422
70.075	437
70.125	441
70.175	441
70.226	450
70.276	452
70.326	457
70.376	460
70.426	452
70.476	462
70.527	462
70.577	458
70.627	460
70.677	455
70.727	454
70.777	450
70.828	436
70.878	440
70.928	436
70.979	428
71.029	428
71.080	423
71.130	421
71.180	418
71.230	410
71.280	417
71.330	419
71.381	418
71.431	422
71.481	426
71.531	428
71.581	433
71.631	430
71.682	444
71.732	447
71.782	452
71.832	456
71.883	457
71.934	461
71.984	463
72.034	456
72.084	464
72.134	461
72.184	457
72.235	456
72.285	447
72.335	447
72.385	442
72.435	432
72.485	433
72.536	427
72.586	422
72.636	421
72.686	443
72.736	417
72.788	417
72.838	410
72.888	420
72.938	421
72.988	422
73.038	428
73.089	431
73.139	437
73.189	443
73.239	440
73.289	453
73.340	454
73.390	460
73.440	463
73.490	455
73.540	465
73.590	463
73.641	454
73.692	460
73.742	457
73.792	452
73.842	448
73.892	439
73.943	438
73.993	433
74.043	420
74.093	425
74.143	421
74.194	418
74.244	418
74.294	415
74.344	417
74.394	418
74.444	415
74.495	424
74.545	428
74.596	432
74.646	437
74.696	439
74.746	446
74.797	452
74.847	448
74.897	459
74.947	461
74.997	463
75.048	464
75.098	455
75.148	464
75.198	459
75.248	450
75.298	453
75.349	448
75.399	445
75.450	440
75.500	423
75.550	432
75.600	425
75.651	417
75.701	420
75.751	419
75.801	416
75.851	417
75.902	410
75.952	421
76.002	423
76.052	422
76.102	431
76.152	435
76.203	441
76.253	446
76.303	439
76.354	455
76.404	458
76.455	456
76.505	463
76.555	463
76.605	464
76.655	462
76.705	450
76.756	457
76.806	454
76.856	444
76.906	444
76.956	439
77.006	436
77.057	433
77.107	418
77.157	424
77.207	420
77.258	412
77.309	418
77.359	415
77.409	418
77.459	421
77.509	414
77.559	425
77.610	431
77.660	432
77.710	440
77.760	443
77.810	449
77.860	453
77.911	448
77.961	460
78.011	462
78.061	460
78.111	464
78.163	461
78.213	461
78.263	458
78.313	446
78.363	451
78.413	446
78.464	438
78.514	438
78.564	431
78.614	428
78.664	425
78.714	414
78.765	420
78.815	419
78.865	416
78.915	419
78.965	418
79.016	422
79.067	425
79.117	421
79.167	433
79.217	438
79.267	440
79.318	448
79.368	450
79.418	456
79.468	459
79.518	454
79.568	464
79.619	463
79.669	460
79.719	462
79.769	457
79.819	456
79.870	452
79.920	441
79.971	444
80.021	438
80.071	433
80.121	430
80.172	447
80.222	423
80.272	421
80.322	412
80.372	418
80.423	417
80.473	418
80.523	422
80.573	423
80.623	429
80.673	432
80.724	430
80.774	441
80.824	445
80.875	448
80.925	454
80.975	451
81.026	460
81.076	463
81.126	454
81.176	464
81.226	460
81.277	460
81.327	457
81.377	447
81.427	450
81.477	444
81.527	434
81.578	437
81.628	432
81.678	428
81.728	424
81.779	415
81.829	420
81.880	419
81.930	413
81.980	419
82.030	420
82.080	423
82.131	426
82.181	421
82.231	435
82.281	439
82.331	440
82.381	447
82.432	451
82.482	456
82.532	460
82.582	450
82.632	464
82.684	464
82.734	458
82.784	461
82.834	459
82.884	456
82.934	452
82.985	438
83.035	443
83.085	439
83.135	427
83.185	430
83.235	425
83.286	422
83.336	420
83.386	410
83.436	418
83.486	419
83.536	414
83.588	421
83.638	424
83.688	429
83.738	433
83.788	428
83.839	443
83.889	447
83.939	446
83.989	456
84.039	458
84.089	462
84.140	464
84.190	454
84.240	464
84.290	463
84.340	456
84.391	457
84.441	451
84.492	449
84.542	443
84.592	430
84.642	434
84.693	430
84.743	421
84.793	422
84.843	418
84.893	418
84.943	415
84.994	410
85.044	418
85.094	419
85.144	420
85.194	428
85.245	431
85.295	436
85.346	443
85.396	438
85.446	452
85.496	456
85.547	456
85.597	462
85.647	462
85.697	464
85.747	465
85.797	453
85.848	461
85.898	457
85.948	450
85.998	449
86.048	442
86.099	439
86.149	434
86.199	421
86.250	426
86.300	422
86.350	416
86.401	418
86.451	415
86.501	416
86.551	419
86.601	414
86.652	423
86.702	428
86.752	432
86.802	438
86.852	439
86.902	445
86.953	450
87.003	448
87.053	460
87.103	461
87.154	461
87.204	464
87.255	461
87.305	463
87.355	461
87.405	450
87.455	454
87.506	449
87.556	443
87.606	440
87.656	433
87.706	430
87.756	426
87.807	416
87.857	421
87.907	418
87.957	416
88.007	417
88.058	418
88.109	421
88.159	423
88.209	418
88.259	432
88.309	435
88.360	440
88.410	445
88.460	446
88.510	453
88.560	459
88.610	455
88.661	463
88.711	462
88.761	463
88.811	464
88.861	451
88.911	457
88.963	453
89.013	444
89.063	445
89.113	441
89.163	436
89.214	431
89.264	417
89.314	423
89.364	421
89.414	414
89.464	418
89.515	417
89.565	419
89.615	421
89.665	415
89.715	426
89.765	431
89.816	430
89.867	441
89.917	443
89.967	449
90.017	454
90.068	446
90.118	461
90.168	462
90.218	457
90.268	464
90.318	459
90.369	461
90.419	459
90.469	443
90.519	451
90.569	446
90.620	436
90.670	437
90.720	431
90.771	429
90.821	424
90.871	413
90.922	418
90.972	417
91.022	413
91.072	418
91.122	419
91.172	422
91.223	426
91.273	421
91.323	434
91.373	438
91.423	440
91.474	449
91.524	451
91.574	457
91.624	460
91.675	451
91.725	464
91.776	465
91.826	460
91.876	463
91.926	457
91.976	457
92.026	452
92.077	436
92.127	444
92.177	438
92.227	429
92.277	429
92.328	422
92.378	422
92.428	419
92.478	412
92.528	416
92.579	419
92.630	416
92.680	422
92.730	423
92.780	428
92.830	434
92.880	430
92.931	443
92.981	448
93.031	450
93.081	457
93.131	458
93.182	462
93.232	463
93.282	456
93.332	464
93.382	462
93.432	457
93.484	456
93.534	450
93.584	447
93.634	442
93.684	430
93.735	435
93.785	427
93.835	424
93.885	422
93.935	439
93.985	418
94.036	417
94.086	411
94.136	420
94.186	421
94.236	424
94.286	430
94.337	431
94.388	437
94.438	444
94.488	441
94.538	452
94.589	457
94.639	458
94.689	461
94.739	457
94.789	465
94.839	464
94.890	456
94.940	460
94.990	456
95.040	452
95.090	448
95.140	439
95.191	438
95.241	433
95.292	422
95.342	425
95.392	422
95.443	418
95.493	418
95.543	415
95.593	418
95.643	418
95.693	416
95.744	425
95.794	427
95.844	432
95.894	438
95.944	433
95.994	447
96.045	452
96.095	450
96.146	461
96.196	462
96.246	464
96.297	465
96.347	453
96.397	465
96.447	461
96.497	453
96.547	452
96.598	448
96.648	444
96.698	438
96.748	424
96.798	428
96.848	424
96.899	414
96.949	418
96.999	416
97.050	416
97.100	416
97.151	409
97.201	420
97.251	423
97.301	421
97.351	433
97.401	437
97.452	442
97.502	449
97.552	443
97.602	459
97.652	460
97.703	458
97.753	465
97.803	464
97.853	465
97.903	464
97.954	451
98.005	458
98.055	452
98.105	442
98.155	442
98.205	435
98.255	432
98.306	427
98.356	416
98.406	419
98.456	417
98.506	410
98.557	415
98.607	415
98.657	418
98.707	421
98.757	414
98.807	429
98.859	433
98.909	435
98.959	444
99.009	447
99.059	454
99.109	458
99.160	453
99.210	465
99.260	465
99.310	463
99.360	465
99.411	461
99.461	461
99.511	456
99.561	441
99.611	448
99.661	442
99.712	434
99.763	431
99.813	427
99.863	424
99.913	421
99.964	411
100.014	417
100.064	416
100.114	416
100.164	419
100.214	420
100.265	424
100.315	430
100.365	426
100.415	440
100.465	443
100.515	448
100.566	453
100.616	455
100.667	461
100.717	463
100.767	456
100.818	465
100.868	464
100.918	460
100.968	459
101.018	454
101.068	452
101.119	447
101.169	435
101.219	437
101.269	432
101.319	426
101.369	424
101.420	421
101.470	419
101.520	417
101.571	414
101.621	418
101.672	418
101.722	420
101.772	425
101.822	427
101.872	433
101.922	439
101.973	434
102.023	450
102.073	451
102.123	456
102.173	459
102.223	456
102.274	465
102.324	464
102.374	456
102.424	462
102.475	459
102.526	456
102.576	453
102.626	439
102.676	443
102.726	437
102.776	426
102.827	428
102.877	424
102.927	421
102.977	419
103.027	410
103.077	416
103.128	417
103.178	414
103.228	422
103.278	425
103.328	428
103.380	432
103.430	429
103.480	443
103.530	448
103.580	448
103.630	455
103.681	460
103.731	464
103.781	464
103.831	455
103.881	464
103.932	464
103.982	456
104.032	458
104.082	453
104.132	449
104.182	444
104.233	429
104.284	433
104.334	428
104.384	420
104.434	421
104.484	419
104.535	418
104.585	417
104.635	409
104.685	418
104.735	421
104.786	420
104.836	428
104.886	433
104.936	437
104.986	442
105.036	438
105.087	452
105.137	456
105.188	454
105.238	462
105.288	463
105.338	464
105.389	465
105.439	452
105.489	461
105.539	457
105.589	448
105.640	448
105.690	443
105.740	436
105.790	435
105.840	421
105.890	425
105.941	422
105.991	416
106.042	417
106.092	416
106.142	417
106.192	419
106.243	412
106.293	424
106.343	428
106.393	428
106.443	436
106.494	441
106.544	447
106.594	451
106.644	445
106.694	460
106.744	462
106.795	462
106.845	465
106.895	462
106.946	463
106.996	460
107.047	448
107.097	454
107.147	449
107.197	441
107.247	439
107.297	433
107.348	430
107.398	425
107.448	416
107.498	419
107.548	416
107.598	416
107.649	416
107.699	418
107.749	421
107.799	424
107.850	421
107.901	432
107.951	437
108.001	438
108.051	447
108.101	448
108.151	455
108.202	458
108.252	454
108.302	464
108.352	464
108.402	464
108.452	462
108.503	455
108.553	458
108.603	454
108.653	441
108.703	445
108.755	439
108.805	434
108.855	430
108.905	425
108.955	422
109.005	420
109.056	410
109.106	417
109.156	417
109.206	417
109.256	421
109.306	415
109.357	426
109.407	430
109.457	432
109.507	443
109.557	445
109.608	450
109.659	455
109.709	453
109.759	462
109.809	463
109.859	460
109.910	466
109.960	463
110.010	461
110.060	457
110.110	445
110.160	449
110.211	443
110.261	435
110.311	435
110.361	430
110.411	426
110.462	421
110.512	411
110.563	418
110.613	417
110.663	411
110.713	418
110.764	420
110.814	423
110.864	427
110.914	420
110.964	436
111.015	441
111.065	441
111.115	451
111.165	454
111.215	458
111.265	462
111.316	450
111.366	465
111.416	465
111.467	459
111.517	461
111.567	458
111.618	454
111.668	451
111.718	436
111.768	441
111.818	436
111.869	424
111.919	426
111.969	423
112.019	421
112.069	418
112.119	411
112.170	419
112.220	418
112.270	418
112.320	424
112.371	427
112.421	432
112.472	436
112.522	432
112.572	445
112.622	450
112.672	451
112.723	458
112.773	459
112.823	463
112.873	464
112.923	455
112.973	463
113.024	461
113.074	455
113.124	455
113.174	449
113.224	447
113.276	441
113.326	430
113.376	432
113.426	426
113.476	420
113.526	422
113.577	418
113.627	417
113.677	416
113.727	410
113.777	421
113.827	423
113.878	424
113.928	431
113.978	433
114.028	440
114.078	445
114.128	442
114.180	454
114.230	457
114.280	458
114.330	463
114.380	461
114.431	464
114.481	464
114.531	453
114.581	459
114.631	456
114.681	449
114.732	447
114.782	440
114.832	437
114.882	432
114.932	422
114.983	424
115.033	421
115.084	416
115.134	417
115.184	417
115.234	417
115.285	418
115.335	416
115.385	427
115.435	429
115.485	433
115.535	439
115.586	459
115.636	449
115.686	453
115.736	450
115.786	461
115.837	463
115.887	464
115.938	465
115.988	458
116.038	464
116.088	460
116.139	450
116.189	454
116.239	447
116.289	442
116.339	438
116.389	431
116.440	427
116.490	423
116.540	412
116.590	417
116.640	416
116.691	416
116.741	416
116.791	415
116.842	421
116.892	425
116.942	422
116.993	434
117.043	439
117.093	444
117.143	451
117.193	447
117.244	459
117.294	463
117.344	457
117.394	466
117.444	467
117.494	466
117.545	464
117.595	448
117.645	457
117.695	452
117.746	441
117.796	442
117.847	435
117.897	431
117.947	427
117.997	412
118.047	418
118.098	415
118.148	410
118.198	416
118.248	415
118.298	417
118.348	421
118.399	416
118.449	430
118.499	435
118.549	436
118.599	446
118.650	451
118.701	457
118.751	461
118.801	451
118.851	466
118.901	467
118.952	463
119.002	466
119.052	462
119.102	460
119.152	455
119.202	439
119.253	446
119.303	441
119.353	430
119.403	428
119.453	424
119.503	420
119.555	417
119.605	406
119.655	414
119.705	415
119.755	412
119.806	420
119.856	421
119.906	427
119.956	431
120.006	426
120.056	441
120.107	446
120.157	450
120.207	458
120.257	459
120.307	465
120.357	466
120.408	456
120.459	467
120.509	464
120.559	460
120.609	458
120.660	452
120.710	449
120.760	444
120.810	430
120.860	433
120.910	428
120.961	420
121.011	420
121.061	417
121.111	416
121.161	416
121.212	410
121.262	417
121.312	419
121.363	421
121.413	428
121.463	431
121.514	438
121.564	443
121.614	438
121.664	454
121.714	456
121.764	459
121.815	462
121.865	478
121.915	464
121.965	463
122.015	453
122.066	459
122.116	456
122.166	451
122.216	448
122.267	439
122.317	438
122.368	434
122.418	423
122.468	425
122.518	422
122.568	418
122.618	418
122.669	418
122.719	418
122.769	420
122.819	414
122.869	426
122.920	429
122.970	433
123.020	438
123.070	439
123.120	447
123.171	451
123.222	446
123.272	459
123.322	461
123.372	463
123.422	464
123.472	455
123.523	462
123.573	458
123.623	449
123.673	453
123.723	448
123.774	445
123.824	441
123.874	428
123.924	431
123.974	428
124.024	418
124.076	423
124.126	420
124.176	418
124.226	419
124.276	411
124.327	422
124.377	425
124.427	421
124.477	432
124.527	435
124.577	440
124.628	444
124.678	437
124.728	452
124.778	456
124.828	453
124.878	460
124.929	461
124.980	462
125.030	462
125.080	449
125.130	457
125.181	454
125.231	445
125.281	446
125.331	443
125.381	438
125.431	435
125.482	420
125.532	428
125.582	424
125.632	418
125.682	421
125.732	420
125.783	419
125.833	422
125.884	416
125.934	426
125.984	430
126.035	428
126.085	438
126.135	442
126.185	446
126.235	451
126.285	442
126.336	456
126.386	459
126.436	456
126.486	462
126.536	460
126.586	461
126.637	459
126.687	448
126.738	453
126.788	450
126.838	442
126.889	442
126.939	436
126.989	433
127.039	429
127.089	418
127.139	423
127.190	421
127.240	416
127.290	420
127.340	421
127.390	421
127.440	425
127.491	418
127.541	430
127.591	434
127.642	436
127.692	444
127.743	447
127.793	453
127.843	455
127.893	449
127.943	459
127.993	462
128.044	460
128.094	462
128.144	459
128.194	459
128.244	456
128.295	444
128.345	446
128.395	444
128.445	436
128.495	435
128.546	430
128.597	428
128.647	425
128.697	416
128.747	420
128.797	419
128.847	417
128.898	421
128.948	421
128.998	425
129.048	428
129.098	424
129.149	437
129.199	441
129.249	444
129.299	450
129.349	447
129.399	456
129.451	460
129.501	454
129.551	463
129.601	463
129.651	461
129.701	461
129.752	451
129.802	454
129.852	451
129.902	440
129.952	442
130.003	436
130.053	432
130.103	429
130.153	415
130.203	423
130.253	420
130.304	413
130.355	417
130.405	419
130.455	421
130.505	423
130.556	423
130.606	430
130.656	435
130.706	432
130.756	444
130.806	448
130.857	453
130.907	457
130.957	451
131.007	463
131.057	460
131.107	459
131.158	464
131.208	461
131.259	460
131.309	455
131.359	443
131.410	448
131.460	442
131.510	430
131.560	433
131.610	429
131.660	425
131.711	422
131.761	410
131.811	417
131.861	417
131.911	412
131.961	421
132.012	422
132.062	425
132.112	430
132.163	423
132.213	439
132.264	442
132.314	444
132.364	453
132.414	457
132.464	461
132.514	463
132.565	453
132.615	464
132.665	464
132.715	458
132.765	459
132.815	454
132.866	452
132.916	447
132.966	430
133.016	438
133.067	433
133.118	425
133.168	426
133.218	422
133.268	420
133.318	419
133.368	413
133.419	420
133.469	420
133.519	421
133.569	427
133.619	430
133.669	435
133.720	438
133.770	434
133.820	448
133.870	451
133.920	450
133.972	457
134.022	457
134.072	462
134.122	463
134.172	450
134.222	462
134.273	459
134.323	453
134.373	452
134.423	447
134.473	445
134.524	441
134.574	428
134.624	433
134.674	429
134.724	424
134.774	423
134.825	421
134.876	421
134.926	421
134.976	412
135.026	423
135.076	425
135.127	425
135.177	431
135.227	433
135.277	439
135.327	444
135.378	436
135.428	451
135.478	454
135.528	455
135.578	458
135.628	457
135.679	461
135.729	462
135.780	452
135.830	458
135.880	455
135.930	450
135.981	449
136.031	443
136.081	442
136.131	438
136.181	427
136.232	430
136.282	426
136.332	423
136.382	424
136.432	440
136.482	420
136.533	422
136.583	417
136.634	425
136.684	427
136.734	429
136.784	434
136.835	436
136.885	443
136.935	446
136.985	444
137.035	454
137.086	456
137.136	459
137.186	461
137.236	455
137.286	462
137.336	461
137.387	452
137.437	456
137.487	452
137.538	449
137.588	446
137.639	437
137.689	437
137.739	433
137.789	422
137.839	426
137.889	423
137.940	421
137.990	419
138.040	415
138.090	420
138.140	422
138.190	417
138.241	426
138.291	431
138.341	436
138.391	439
138.442	435
138.493	447
138.543	453
138.593	450
138.643	461
138.693	461
138.743	464
138.794	464
138.844	453
138.894	462
138.944	460
138.994	452
139.044	453
139.095	447
139.145	444
139.195	439
139.245	425
139.295	429
139.347	425
139.397	416
139.447	419
139.497	417
139.547	418
139.597	418
139.648	410
139.698	421
139.748	426
139.798	424
139.848	433
139.898	437
139.949	443
139.999	448
140.049	442
140.099	457
140.149	460
140.201	456
140.251	466
140.301	466
140.351	465
140.401	465
140.451	450
140.502	458
140.552	453
140.602	443
140.652	444
140.702	438
140.752	434
140.803	430
140.853	425
140.903	423
140.953	420
141.003	412
141.055	417
141.105	417
141.155	417
141.205	421
141.255	441
141.305	428
141.356	432
141.406	430
141.456	442
141.506	446
141.556	450
141.607	454
141.657	453
141.707	460
141.757	464
141.807	457
141.858	465
141.909	463
141.959	461
142.009	459
142.059	450
142.109	450
142.159	447
142.210	435
142.260	436
142.310	432
142.360	427
142.410	425
142.461	415
142.511	419
142.561	419
142.611	413
142.661	418
142.711	421
142.763	424
142.813	427
142.863	427
142.913	434
142.963	440
143.013	437
143.064	449
143.114	453
143.164	457
143.214	460
143.264	455
143.315	464
143.365	464
143.415	456
143.465	462
143.515	459
143.565	457
143.616	453
143.667	439
143.717	444
143.767	438
143.817	428
143.868	430
143.918	423
143.968	423
144.018	420
144.068	409
144.118	418
144.169	418
144.219	414
144.269	421
144.319	424
144.369	429
144.419	433
144.470	425
144.520	445
144.571	446
144.621	448
144.671	457
144.722	458
144.772	463
144.822	465
144.872	453
144.922	464
144.972	463
145.023	456
145.073	457
145.123	453
145.173	450
145.223	445
145.273	431
145.324	435
145.374	430
145.424	420
145.475	422
145.525	419
145.576	418
145.626	417
145.676	409
145.726	418
145.776	420
145.826	418
145.877	428
145.927	433
145.977	437
146.027	442
146.077	437
146.127	451
146.178	456
146.228	456
146.278	463
146.328	463
146.379	467
146.430	466
146.480	453
146.530	462
146.580	459
146.630	452
146.680	452
146.731	444
146.781	440
146.831	433
146.881	420
146.931	427
146.981	422
147.032	416
147.082	417
147.132	414
147.182	416
147.232	417
147.284	413
147.334	423
147.384	426
147.434	429
147.484	437
147.534	440
147.585	447
147.635	452
147.685	449
147.735	461
147.785	463
147.836	464
147.886	467
147.936	463
147.986	466
148.036	463
148.086	450
148.137	453
148.188	449
148.238	442
148.288	439
148.338	433
148.388	428
148.439	425
148.489	412
148.539	417
148.589	416
148.639	412
148.690	415
148.740	435
148.790	419
148.840	424
148.890	420
148.940	432
148.991	438
149.041	442
149.092	448
149.142	453
149.192	458
149.242	461
149.293	456
149.343	467
149.393	468
149.443	466
149.493	465
149.544	457
149.594	458
149.644	454
149.694	440
149.744	443
149.794	437
149.845	432
149.895	428
149.946	423
149.996	419
150.046	417
150.096	409
150.147	414
150.197	414
150.247	417
150.297	421
150.347	423
150.398	429
150.448	434
150.498	433
150.548	444
150.598	451
150.648	454
150.699	458
150.749	455
150.799	466
150.850	467
150.900	460
150.951	466
151.001	463
151.051	462
151.101	456
151.151	443
151.201	447
151.252	442
151.302	432
151.352	431
151.402	427
151.452	423
151.502	419
151.553	408
151.603	416
151.653	416
151.703	412
151.754	419
151.805	421
151.855	426
151.905	430
151.955	426
152.005	441
152.055	445
152.106	445
152.156	455
152.206	459
152.256	463
152.306	464
152.356	455
152.407	465
152.457	464
152.507	458
152.557	460
152.607	454
152.659	450
152.709	446
152.759	432
152.809	437
152.859	431
152.909	424
152.960	424
153.010	421
153.060	419
153.110	419
153.160	412
153.210	418
153.261	422
153.311	421
153.361	426
153.411	430
153.461	434
153.512	441
153.563	435
153.613	449
153.663	453
153.713	452
153.763	460
153.814	460
153.864	463
153.914	463
153.964	453
154.014	460
154.064	458
154.115	452
154.165	451
154.215	445
154.265	443
154.315	439
154.366	427
154.416	430
154.467	428
154.517	421
154.567	424
154.617	421
154.668	422
154.718	422
154.768	416
154.818	425
154.868	426
154.919	426
154.969	434
155.019	435
155.069	441
155.119	445
155.169	442
155.220	454
155.270	455
155.320	457
155.371	460
155.421	458
155.471	461
155.522	460
155.572	450
155.622	457
155.672	452
155.722	448
155.773	446
155.823	459
155.873	438
155.923	434
155.973	424
156.023	427
156.074	424
156.124	421
156.174	421
156.224	421
156.275	421
156.325	422
156.376	418
156.426	428
156.476	431
156.526	432
156.576	438
156.627	439
156.677	447
156.727	450
156.777	449
156.827	459
156.877	459
156.928	462
156.978	463
157.028	454
157.078	462
157.128	460
157.180	449
157.230	453
157.280	448
157.330	444
157.380	440
157.430	431
157.481	432
157.531	427
157.581	418
157.631	421
157.681	419
157.731	419
157.782	418
157.832	411
157.882	422
157.932	425
157.982	422
158.032	433
158.084	437
158.134	442
158.184	447
158.234	441
158.284	456
158.335	459
158.385	456
158.435	465
158.485	463
158.535	464
158.585	464
158.636	451
158.686	458
158.736	455
158.786	445
158.836	445
158.887	440
158.937	435
158.988	430
159.038	414
159.088	424
159.138	420
159.189	410
159.239	417
159.289	417
159.339	416
159.389	420
159.439	416
159.490	428
159.540	431
159.590	432
159.640	444
159.690	447
159.741	453
159.791	458
159.842	451
159.892	464
159.942	466
159.992	463
160.043	467
160.093	464
160.143	463
160.193	459
160.243	445
160.293	449
160.344	444
160.394	434
160.444	432
160.494	429
160.544	422
160.595	418
160.645	408
160.695	415
160.746	414
160.796	410
160.846	417
160.897	418
160.947	423
160.997	428
161.047	424
161.097	437
161.148	445
161.198	448
161.248	455
161.298	459
161.348	464
161.398	466
161.449	460
161.499	469
161.549	468
161.599	465
161.650	463
161.700	456
161.751	453
161.801	447
161.851	434
161.901	436
161.951	429
162.002	422
162.052	420
162.102	416
162.152	414
162.202	413
162.252	408
162.303	415
162.353	417
162.403	418
162.453	425
162.503	430
162.554	436
162.605	442
162.655	439
162.705	452
162.755	458
162.805	462
162.856	466
162.906	483
162.956	469
163.006	470
163.056	460
163.106	464
163.157	460
163.207	454
163.257	450
163.307	440
163.357	438
163.407	431
163.459	422
163.509	423
163.559	418
163.609	414
163.659	414
163.710	413
163.760	413
163.810	416
163.860	412
163.910	423
163.960	428
164.011	433
164.061	440
164.111	439
164.161	451
164.211	456
164.261	453
164.312	465
164.363	467
164.413	469
164.463	469
164.513	455
164.564	467
164.614	461
164.664	452
164.714	454
164.764	445
164.814	441
164.865	434
164.915	421
164.965	423
165.015	421
165.065	412
165.116	416
165.166	413
165.216	414
165.267	415
165.317	410
165.367	421
165.418	425
165.468	424
165.518	437
165.568	443
165.618	448
165.668	454
165.719	446
165.769	463
165.819	465
165.869	463
165.919	468
165.970	467
166.020	466
166.070	463
166.120	449
166.171	455
166.221	450
166.272	438
166.322	439
166.372	432
166.422	428
166.472	424
166.522	409
166.573	417
166.623	417
166.673	410
166.723	417
166.773	417
166.824	421
166.874	425
166.924	420
166.974	433
167.024	438
167.075	441
167.126	450
167.176	454
167.226	457
167.276	462
167.326	455
167.376	467
167.427	467
167.477	460
167.527	465
167.577	459
167.627	457
167.678	453
167.728	438
167.778	443
167.828	438
167.878	429
167.928	428
167.980	423
168.030	421
168.080	419
168.130	410
168.180	417
168.231	418
168.281	417
168.331	422
168.381	425
168.431	430
168.481	434
168.532	430
168.582	444
168.632	450
168.682	452
168.732	456
168.782	457
168.833	462
168.884	462
168.934	456
168.984	463
169.034	461
169.085	459
169.135	456
169.185	450
169.235	448
169.285	444
169.335	429
169.386	435
169.436	429
169.486	424
169.536	425
169.586	446
169.636	422
169.687	421
169.737	416
169.788	422
169.838	424
169.888	424
169.939	430
169.989	449
170.039	438
170.089	442
170.139	439
170.189	450
170.240	453
170.290	456
170.340	459
170.390	454
170.440	462
170.490	462
170.541	454
170.591	459
170.642	457
170.692	453
170.742	451
170.793	442
170.843	443
170.893	438
170.943	429
170.993	431
171.043	427
171.094	424
171.144	422
171.194	415
171.244	422
171.294	421
171.344	416
171.395	426
171.445	428
171.495	430
171.546	435
171.596	431
171.647	442
171.697	447
171.747	446
171.797	454
171.847	457
171.897	460
171.948	461
171.998	451
172.048	462
172.098	461
172.148	454
172.199	456
172.249	452
172.299	449
172.349	445
172.399	432
172.450	437
172.501	431
172.551	421
172.601	427
172.651	423
172.701	421
172.751	420
172.802	410
172.852	419
172.902	422
172.952	417
173.002	428
173.053	432
173.103	436
173.153	440
173.203	437
173.253	450
173.303	452
173.355	452
173.405	459
173.455	462
173.505	464
173.555	463
173.605	448
173.656	463
173.706	459
173.756	452
173.806	452
173.856	446
173.907	443
173.957	438
174.007	424
174.057	429
174.107	424
174.157	417
174.208	419
174.259	417
174.309	417
174.359	419
174.409	412
174.460	422
174.510	426
174.560	426
174.610	435
174.660	439
174.710	445
174.761	450
174.811	446
174.861	459
174.911	460
174.961	462
175.011	465
175.062	464
175.112	465
175.163	464
175.213	450
175.263	457
175.314	453
175.364	444
175.414	443
175.464	436
175.514	431
175.564	427
175.615	416
175.665	420
175.715	416
175.765	413
175.815	416
175.865	415
175.916	418
175.966	421
176.016	418
176.067	430
176.117	435
176.168	438
176.218	447
176.268	449
176.318	457
176.368	460
176.418	456
176.469	466
176.519	465
176.569	466
176.619	466
176.669	477
176.719	462
176.770	457
176.820	444
176.870	447
176.920	442
176.971	434
177.022	432
177.072	426
177.122	423
177.172	420
177.222	411
177.272	415
177.323	416
177.373	414
177.423	421
177.473	421
177.523	426
177.573	431
177.624	430
177.674	442
177.724	447
177.774	452
177.824	457
177.876	455
177.926	464
177.976	465
178.026	458
178.076	466
178.126	464
178.177	462
178.227	459
178.277	447
178.327	451
178.377	446
178.428	433
178.478	436
178.528	430
178.578	427
178.628	422
178.678	413
178.729	419
178.780	417
178.830	413
178.880	418
178.930	420
178.980	424
179.031	427
179.081	422
179.131	437
179.181	442
179.231	441
179.282	451
179.332	453
179.382	458
179.432	461
179.482	452
179.532	465
179.583	464
179.633	457
179.684	461
179.734	458
179.784	455
179.834	450
179.885	436
179.935	440
179.985	437
180.035	427
180.085	428
180.136	425
180.186	422
180.236	420
180.286	412
180.336	419
180.386	420
180.437	416
180.487	424
180.538	427
180.588	431
180.638	436
180.688	431
180.739	446
180.789	447
180.839	446
180.889	457
180.939	459
180.990	461
181.040	462
181.090	454
181.140	463
181.190	461
181.240	456
181.291	457
181.341	451
181.391	449
181.442	443
181.492	431
181.543	436
181.593	431
181.643	424
181.693	425
181.743	421
181.793	419
181.844	419
181.894	412
181.944	420
181.994	423
182.044	422
182.094	429
182.145	432
182.195	438
182.245	442
182.295	438
182.346	451
182.397	455
182.447	456
182.497	462
182.547	460
182.597	464
182.647	463
182.698	453
182.748	461
182.798	457
182.848	452
182.898	449
182.948	443
182.999	441
183.049	436
183.099	422
183.149	429
183.199	423
183.251	418
183.301	421
183.351	418
183.401	417
183.451	418
183.501	414
183.552	424
183.602	429
183.652	430
183.702	436
183.752	439
183.802	446
183.853	451
183.903	448
183.953	459
184.003	461
184.053	464
184.104	465
184.155	485
184.205	464
184.255	461
184.305	451
184.355	455
184.406	450
184.456	445
184.506	442
184.556	435
184.606	432
184.656	426
184.707	418
184.757	421
184.807	418
184.857	418
184.907	416
184.958	415
185.008	420
185.059	425
185.109	422
185.159	432
185.209	437
185.260	440
185.310	447
185.360	446
185.410	455
185.460	461
185.511	457
185.561	466
185.611	465
185.661	465
185.711	465
185.761	449
185.812	459
185.862	455
185.912	445
185.963	446
186.013	440
186.063	436
186.114	431
186.164	417
186.214	423
186.264	420
186.314	413
186.365	417
186.415	417
186.465	417
186.515	421
186.565	416
186.615	427
186.666	432
186.716	430
186.766	442
186.816	447
186.867	452
186.917	457
186.968	451
187.018	464
187.068	465
187.118	462
187.168	467
187.219	464
187.269	462
187.319	459
187.369	445
187.419	450
187.469	445
187.520	435
187.570	435
187.620	429
187.670	426
187.720	421
187.772	412
187.822	417
187.872	417
187.922	412
187.972	418
188.022	420
188.073	424
188.123	428
188.173	424
188.223	437
188.273	442
188.323	444
188.374	453
188.424	455
188.474	460
188.524	463
188.574	455
188.624	466
188.676	466
188.726	460
188.776	463
188.826	458
188.876	455
188.927	451
188.977	435
189.027	439
189.077	435
189.127	428
189.177	426
189.228	422
189.278	419
189.328	417
189.378	412
189.428	418
189.479	419
189.529	419
189.580	425
189.630	428
189.680	432
189.730	437
189.781	434
189.831	447
189.881	452
189.931	454
189.981	460
190.031	460
190.082	465
190.132	465
190.182	454
190.232	464
190.282	462
190.333	456
190.383	456
190.434	449
190.484	447
190.534	441
190.584	428
190.635	432
190.685	427
190.735	421
190.785	420
190.835	417
190.885	419
190.936	418
190.986	413
191.036	422
191.086	422
191.136	426
191.187	432
191.237	434
191.287	441
191.338	447
191.388	444
191.438	456
191.489	461
191.539	462
191.589	465
191.639	459
191.689	466
191.740	465
191.790	454
191.840	459
191.890	455
191.940	450
191.990	446
192.041	437
192.091	436
192.141	430
192.191	420
192.242	423
192.292	420
192.343	417
192.393	417
192.443	415
192.493	417
192.543	422
192.594	417
192.644	426
192.694	432
192.744	436
192.794	444
192.844	437
192.895	452
192.945	457
192.995	454
193.045	462
193.095	466
193.146	466
193.197	465
193.247	452
193.297	465
193.347	459
193.397	452
193.448	451
193.498	444
193.548	441
193.598	434
193.648	420
193.698	425
193.749	421
193.799	412
193.849	416
193.899	415
193.949	416
193.999	418
194.051	412
194.101	423
194.151	427
194.201	426
194.251	438
194.302	442
194.352	450
194.402	455
194.452	448
194.502	462
194.552	465
194.603	464
194.653	467
194.703	465
194.753	466
194.803	464
194.853	449
194.904	455
194.955	449
195.005	439
195.055	438
195.105	433
195.156	427
195.206	421
195.256	412
195.306	418
195.356	414
195.406	410
195.457	415
195.507	417
195.557	420
195.607	423
195.657	421
195.708	434
195.758	439
195.808	441
195.859	452
195.909	455
195.959	461
196.010	465
196.060	459
196.110	469
196.160	469
196.210	464
196.260	466
196.311	460
196.361	458
196.411	453
196.461	437
196.511	441
196.562	435
196.612	428
196.662	425
196.712	420
196.763	417
196.813	414
196.864	408
196.914	415
196.964	414
197.014	416
197.064	421
197.114	424
197.165	430
197.215	437
197.265	433
197.315	448
197.365	453
197.416	459
197.466	463
197.516	477
197.566	469
197.616	469
197.667	461
197.718	467
197.768	463
197.818	460
197.868	455
197.918	447
197.968	445
198.019	439
198.069	426
198.119	429
198.169	423
198.219	419
198.270	416
198.320	415
198.370	414
198.420	414
198.470	411
198.520	420
198.572	422
198.622	428
198.672	433
198.722	435
198.772	446
198.823	451
198.873	448
198.923	461
198.973	466
199.023	466
199.073	468
199.124	461
199.174	467
199.224	468
199.274	456
199.324	458
199.374	452
199.425	448
199.476	442
199.526	431
199.576	431
199.626	424
199.677	416
199.727	417
199.777	415
199.827	414
199.877	414
199.927	405
199.978	418
200.028	421
200.078	420
200.128	431
200.178	435
200.228	442
200.279	446
200.329	443
200.380	459
200.430	464
200.480	460
200.531	470
200.581	467
200.631	468
200.681	466
200.731	455
200.781	461
200.832	456
200.882	444
200.932	446
200.982	439
201.032	435
201.082	429
201.133	416
201.183	421
201.234	418
201.284	408
201.334	414
201.385	415
201.435	418
201.485	420
201.535	414
201.585	428
201.635	433
201.686	434
201.736	445
201.786	449
201.836	455
201.886	459
201.936	453
201.987	465
202.037	467
202.087	464
202.138	467
202.188	463
202.239	462
202.289	459
202.339	444
202.389	449
