#Creator: pendulumdriveEventBuffer
#Creation time: Thu Apr 11 16:06:28 2019
#Time	Pos
#[s]	[au]
0.050	422
0.100	425
0.151	419
0.201	431
0.251	432
0.301	432
0.351	437
0.402	436
0.452	440
0.503	440
0.553	430
0.603	440
0.653	439
0.704	436
0.754	437
0.804	431
0.854	432
0.904	429
0.954	420
1.005	424
1.055	423
1.105	414
1.155	417
1.205	413
1.256	415
1.306	412
1.356	404
1.407	412
1.457	413
1.507	408
1.558	416
1.608	415
1.658	421
1.708	424
1.758	417
1.809	432
1.859	433
1.909	436
1.959	441
2.009	435
2.059	445
2.110	446
2.160	440
2.210	446
2.260	444
2.311	441
2.361	439
2.412	431
2.462	432
2.512	427
2.562	416
2.612	418
2.663	413
2.713	409
2.763	407
2.813	403
2.863	404
2.913	404
2.964	397
3.014	406
3.064	409
3.114	413
3.165	418
3.215	415
3.266	430
3.316	435
3.366	432
3.416	446
3.466	449
3.517	452
3.567	454
3.617	443
3.667	455
3.717	453
3.767	440
3.818	446
3.868	440
3.918	435
3.968	428
4.018	411
4.070	415
4.120	408
4.170	398
4.220	400
4.270	397
4.320	395
4.371	396
4.421	386
4.471	400
4.521	405
4.571	404
4.621	417
4.672	423
4.722	431
4.772	438
4.822	433
4.872	451
4.922	457
4.974	452
5.024	462
5.074	461
5.124	461
5.174	457
5.225	440
5.275	447
5.325	441
5.375	428
5.425	426
5.475	417
5.526	410
5.576	404
5.626	390
5.676	394
5.726	391
5.777	385
5.827	389
5.878	393
5.928	400
5.978	404
6.028	402
6.079	419
6.129	426
6.179	432
6.229	444
6.279	449
6.329	457
6.380	462
6.430	453
6.480	466
6.530	465
6.580	460
6.631	459
6.681	450
6.731	446
6.782	438
6.832	420
6.882	421
6.933	412
6.983	402
7.033	398
7.083	392
7.133	391
7.183	388
7.234	380
7.284	392
7.334	395
7.384	396
7.434	407
7.485	413
7.535	422
7.585	432
7.635	430
7.686	448
7.736	455
7.787	458
7.837	464
7.887	463
7.937	466
7.987	464
8.038	451
8.088	456
8.138	449
8.188	437
8.238	433
8.288	422
8.339	417
8.389	409
8.439	394
8.489	397
8.539	392
8.590	387
8.641	388
8.691	393
8.741	393
8.791	397
8.841	396
8.892	411
8.942	419
8.992	425
9.042	435
9.092	435
9.142	451
9.193	457
9.243	453
9.293	464
9.343	465
9.393	464
9.443	463
9.495	447
9.545	453
9.595	446
9.645	430
9.695	431
9.746	423
9.796	414
9.846	407
9.896	391
9.946	395
9.996	393
10.047	385
10.097	391
10.147	393
10.197	396
10.247	401
10.297	398
10.348	414
10.399	421
10.449	422
10.499	437
10.549	443
10.600	450
10.650	455
10.700	445
10.750	461
10.800	462
10.850	452
10.901	459
10.951	453
11.001	449
11.051	443
11.101	423
11.151	429
11.202	420
11.252	409
11.303	408
11.353	403
11.403	400
11.454	397
11.504	384
11.554	397
11.604	398
11.654	396
11.704	405
11.755	411
11.805	417
11.855	424
11.905	417
11.955	435
12.006	443
12.056	441
12.106	451
12.156	454
12.207	456
12.257	457
12.308	443
12.358	454
12.408	450
12.458	440
12.508	441
12.558	434
12.609	429
12.659	423
12.709	405
12.759	412
12.809	408
12.860	400
12.910	403
12.960	401
13.010	402
13.061	403
13.111	395
13.162	408
13.212	410
13.262	412
13.312	421
13.362	427
13.412	433
13.463	438
13.513	432
13.563	447
13.613	449
13.663	448
13.714	453
13.764	449
13.814	451
13.864	449
13.914	432
13.965	440
14.016	436
14.066	428
14.116	426
14.166	420
14.216	418
14.266	413
14.317	401
14.367	407
14.417	406
14.467	401
14.517	405
14.568	405
14.618	408
14.668	411
14.718	404
14.768	419
14.818	423
14.870	424
14.920	432
14.970	434
15.020	442
15.070	444
15.121	437
15.171	449
15.221	448
15.271	446
15.321	448
15.371	444
15.422	445
15.472	440
15.522	424
15.572	433
15.622	426
15.672	420
15.723	421
15.774	413
15.824	413
15.874	408
15.924	400
15.975	408
16.025	406
16.075	404
16.125	409
16.175	409
16.225	414
16.276	418
16.326	414
16.376	427
16.426	431
16.476	434
16.526	440
16.577	431
16.627	446
16.678	448
16.728	442
16.778	450
16.829	448
16.879	447
16.929	446
16.979	431
17.029	438
17.079	432
17.130	422
17.180	424
17.230	419
17.280	413
17.330	411
17.380	396
17.431	404
17.481	403
17.531	398
17.582	406
17.632	405
17.683	411
17.733	412
17.783	409
17.833	420
17.883	427
17.933	425
17.984	438
18.034	439
18.084	447
18.134	450
18.184	440
18.234	454
18.285	453
18.335	446
18.385	450
18.435	446
18.486	443
18.537	438
18.587	422
18.637	427
18.687	420
18.737	410
18.787	411
18.838	405
18.888	403
18.938	402
18.988	392
19.038	401
19.089	402
19.139	400
19.189	409
19.239	411
19.289	419
19.339	425
19.391	419
19.441	437
19.491	442
19.541	442
19.591	452
19.641	453
19.692	456
19.742	455
19.792	442
19.842	455
19.892	450
19.943	442
19.993	440
20.043	434
20.093	428
20.143	422
20.193	408
20.244	411
20.295	406
20.345	397
20.395	400
20.445	398
20.495	399
20.546	400
20.596	396
20.646	406
20.696	411
20.746	412
20.797	423
20.847	427
20.897	434
20.947	441
20.997	439
21.047	454
21.098	454
21.148	455
21.199	459
21.249	455
21.299	456
21.350	453
21.400	437
21.450	443
21.500	436
21.550	426
21.600	421
21.651	415
21.701	411
21.751	407
21.801	394
21.851	400
21.901	396
21.952	390
22.002	399
22.052	405
22.103	405
22.153	410
22.204	406
22.254	422
22.304	428
22.354	433
22.404	442
22.454	441
22.505	452
22.555	456
22.605	448
22.655	459
22.705	458
22.755	456
22.806	454
22.856	442
22.906	443
22.956	436
23.007	420
23.058	424
23.108	415
23.158	409
23.208	405
23.258	399
23.308	398
23.359	397
23.409	390
23.459	398
23.509	400
23.559	404
23.609	410
23.660	407
23.710	422
23.760	428
23.810	427
23.860	441
23.912	446
23.962	452
24.012	457
24.062	443
24.112	460
24.162	458
24.213	450
24.263	454
24.313	448
24.363	444
24.413	438
24.463	419
24.514	424
24.564	417
24.614	405
24.664	406
24.714	402
24.765	399
24.816	397
24.866	388
24.916	398
24.966	400
25.016	398
25.067	409
25.117	415
25.167	420
25.217	427
25.267	423
25.318	441
25.368	447
25.418	448
25.468	457
25.518	457
25.568	459
25.619	458
25.670	445
25.720	453
25.770	449
25.820	436
25.870	438
25.921	430
25.971	426
26.021	419
26.071	400
26.121	407
26.172	403
26.222	394
26.272	398
26.322	397
26.372	398
26.422	401
26.473	396
26.523	409
26.574	415
26.624	414
26.674	427
26.724	432
26.775	440
26.825	445
26.875	436
26.925	454
26.975	457
27.026	456
27.076	458
27.126	455
27.176	453
27.226	449
27.276	432
27.327	440
27.377	432
27.427	422
27.478	419
27.528	414
27.578	410
27.629	406
27.679	393
27.729	400
27.779	398
27.829	396
27.880	401
27.930	403
27.980	410
28.030	414
28.080	410
28.130	426
28.181	430
28.231	434
28.281	443
28.331	445
28.382	452
28.433	455
28.483	446
28.533	456
28.583	455
28.633	450
28.683	449
28.734	441
28.784	440
28.834	434
28.884	419
28.934	423
28.984	416
29.035	408
29.085	406
29.135	405
29.185	401
29.235	400
29.287	394
29.337	404
29.387	405
29.437	408
29.487	413
29.537	415
29.588	424
29.638	429
29.688	426
29.738	440
29.788	443
29.838	448
29.889	453
29.939	447
29.989	453
30.039	454
30.089	445
30.140	451
30.191	446
30.241	442
30.291	436
30.341	427
30.391	426
30.442	420
30.492	406
30.542	410
30.592	407
30.642	403
30.692	402
30.743	399
30.793	403
30.843	404
30.893	400
30.943	411
30.994	415
31.044	418
31.095	427
31.145	423
31.195	437
31.245	442
31.296	439
31.346	449
31.396	451
31.446	454
31.496	453
31.546	441
31.597	452
31.647	448
31.697	439
31.747	440
31.797	433
31.848	428
31.898	423
31.948	407
31.999	416
32.049	408
32.099	398
32.150	403
32.200	402
32.250	403
32.300	404
32.350	396
32.401	409
32.451	413
32.501	412
32.551	423
32.601	427
32.651	433
32.702	438
32.752	432
32.802	448
32.852	450
32.903	448
32.953	453
33.004	452
33.054	452
33.104	450
33.154	435
33.204	442
33.255	439
33.305	428
33.355	426
33.405	421
33.455	417
33.505	411
33.556	398
33.606	405
33.656	404
33.706	396
33.757	401
33.807	405
33.858	408
33.908	408
33.958	406
34.008	420
34.058	425
34.109	426
34.159	436
34.209	441
34.259	445
34.309	449
34.359	441
34.410	454
34.460	454
34.510	450
34.560	452
34.610	447
34.662	446
34.712	441
34.762	425
34.812	430
34.862	425
34.912	416
34.963	414
35.013	408
35.063	406
35.113	404
35.163	394
35.213	399
35.264	403
35.314	402
35.364	408
35.414	411
35.464	417
35.514	422
35.566	416
35.616	433
35.666	437
35.716	442
35.766	449
35.817	450
35.867	455
35.917	456
35.967	447
36.017	454
36.067	453
36.118	448
36.168	444
36.218	436
36.268	433
36.318	426
36.369	413
36.419	416
36.470	410
36.520	403
36.570	403
36.620	403
36.671	400
36.721	400
36.771	392
36.821	405
36.871	408
36.921	412
36.972	420
37.022	423
37.072	431
37.122	438
37.172	436
37.223	449
37.273	452
37.323	456
37.374	458
37.424	451
37.474	457
37.525	455
37.575	443
37.625	446
37.675	439
37.725	434
37.775	428
37.826	415
37.876	415
37.926	410
37.976	402
38.026	402
38.077	400
38.127	397
38.177	400
38.227	395
38.278	403
38.328	407
38.379	404
38.429	418
38.479	424
38.529	431
38.579	437
38.630	430
38.680	448
38.730	453
38.780	450
38.830	458
38.880	458
38.931	458
38.981	456
39.031	440
39.081	448
39.131	442
39.182	428
39.233	430
39.283	423
39.333	417
39.383	412
39.433	396
39.484	402
39.534	399
39.584	392
39.634	398
39.684	399
39.734	402
39.785	405
39.835	401
39.885	417
39.935	424
39.985	424
40.035	436
40.087	441
40.137	447
40.187	451
40.237	443
40.287	459
40.338	458
40.388	452
40.438	456
40.488	451
40.538	449
40.588	444
40.639	424
40.689	431
40.739	424
40.789	413
40.839	412
40.889	406
40.940	403
40.991	400
41.041	387
41.091	398
41.141	399
41.192	398
41.242	404
41.292	409
41.342	415
41.392	422
41.442	418
41.493	435
41.543	441
41.593	442
41.643	453
41.693	451
41.743	458
41.794	459
41.844	448
41.895	457
41.945	454
41.995	445
42.046	445
42.096	436
42.146	434
42.196	425
42.246	409
42.296	414
42.347	407
42.397	400
42.447	400
42.497	399
42.547	399
42.598	399
42.648	392
42.698	405
42.748	409
42.799	412
42.849	422
42.900	426
42.950	434
43.000	441
43.050	436
43.100	451
43.150	454
43.201	456
43.251	458
43.301	456
43.351	457
43.401	454
43.452	441
43.502	446
43.552	440
43.602	430
43.653	426
43.703	415
43.754	413
43.804	408
43.854	394
43.904	400
43.954	398
44.004	396
44.055	398
44.105	401
44.155	405
44.205	408
44.255	406
44.306	423
44.356	429
44.406	435
44.456	440
44.506	441
44.557	452
44.608	456
44.658	448
44.708	460
44.758	459
44.808	457
44.858	455
44.909	443
44.959	445
45.009	439
45.059	425
45.109	426
45.160	418
45.210	412
45.260	408
45.310	395
45.360	399
45.410	397
45.462	392
45.512	398
45.562	400
45.612	404
45.662	408
45.713	405
45.763	422
45.813	428
45.863	429
45.913	442
45.963	447
46.014	452
46.064	455
46.114	448
46.164	462
46.214	460
46.264	452
46.315	455
46.366	451
46.416	444
46.466	438
46.516	420
46.567	425
46.617	418
46.667	404
46.717	406
46.767	401
46.817	398
46.868	396
46.918	385
46.968	397
47.018	400
47.068	400
47.118	409
47.169	414
47.219	422
47.270	429
47.320	424
47.370	443
47.421	449
47.471	448
47.521	460
47.571	460
47.621	462
47.671	461
47.722	448
47.772	455
47.822	450
47.872	440
47.922	438
47.972	429
48.023	424
48.073	415
48.123	401
48.174	404
48.224	399
48.275	392
48.325	395
48.375	394
48.425	397
48.475	400
48.525	395
48.576	409
48.626	416
48.676	420
48.726	431
48.776	435
48.826	445
48.877	451
48.927	444
48.977	460
49.027	462
49.078	460
49.129	462
49.179	457
49.229	456
49.279	450
49.329	434
49.379	437
49.430	429
49.480	418
49.530	416
49.580	407
49.630	403
49.681	398
49.731	388
49.781	394
49.831	395
49.881	392
49.931	400
49.983	403
50.033	411
50.083	418
50.133	416
50.183	432
50.233	441
50.284	444
50.334	452
50.384	450
50.434	460
50.484	464
50.535	454
50.585	461
50.635	458
50.685	454
50.735	449
50.785	437
50.836	435
50.887	428
50.937	410
50.987	413
51.037	407
51.087	400
51.138	398
51.188	395
51.238	395
51.288	395
51.338	391
51.389	402
51.439	405
51.489	410
51.539	417
51.589	415
51.639	433
51.690	442
51.740	440
51.791	453
51.841	458
51.891	461
51.942	463
51.992	453
52.042	461
52.092	458
52.142	445
52.192	448
52.243	440
52.293	435
52.343	426
52.393	407
52.443	414
52.493	406
52.544	393
52.594	399
52.644	396
52.695	396
52.745	396
52.796	389
52.846	403
52.896	408
52.946	408
52.996	421
53.046	427
53.097	436
53.147	442
53.197	436
53.247	454
53.297	458
53.347	453
53.398	462
53.448	458
53.498	460
53.548	456
53.599	437
53.650	445
53.700	439
53.750	428
53.800	426
53.850	419
53.900	413
53.951	407
54.001	393
54.051	400
54.101	397
54.151	392
54.201	397
54.252	400
54.302	406
54.352	409
54.402	406
54.452	420
54.504	428
54.554	430
54.604	442
54.654	445
54.704	452
54.754	456
54.805	448
54.855	461
54.905	459
54.955	454
55.005	455
55.055	449
55.106	446
55.156	439
55.206	423
55.256	425
55.306	419
55.357	410
55.408	408
55.458	404
55.508	401
55.558	397
55.608	388
55.659	399
55.709	401
55.759	400
55.809	410
55.859	413
55.910	421
55.960	429
56.010	422
56.060	441
56.110	446
56.160	448
56.211	455
56.262	454
56.312	460
56.362	459
56.412	445
56.462	454
56.513	450
56.563	442
56.613	440
56.663	431
56.713	427
56.764	421
56.814	406
56.864	410
56.914	404
56.964	400
57.014	400
57.065	401
57.115	400
57.166	402
57.216	398
57.266	410
57.316	414
57.367	416
57.417	427
57.467	428
57.517	438
57.567	443
57.618	440
57.668	452
57.718	456
57.768	456
57.818	457
57.868	447
57.919	454
57.969	451
58.019	437
58.070	441
58.120	435
58.170	428
58.221	424
58.271	414
58.321	412
58.371	408
58.421	398
58.472	402
58.522	401
58.572	401
58.622	403
58.672	399
58.722	409
58.773	414
58.823	412
58.873	424
58.923	430
58.974	436
59.025	442
59.075	435
59.125	451
59.175	454
59.225	448
59.275	458
59.326	455
59.376	455
59.426	451
59.476	434
59.526	443
59.576	437
59.627	425
59.677	425
59.727	419
59.777	415
59.827	411
59.879	393
59.929	402
59.979	402
60.029	396
60.079	403
60.129	403
60.180	407
60.230	412
60.280	406
60.330	423
60.380	429
60.430	430
60.481	441
60.531	444
60.581	451
60.631	454
60.681	446
60.732	458
60.783	458
60.833	451
60.883	454
60.933	448
60.983	445
61.034	439
61.084	423
61.134	426
61.184	420
61.234	408
61.284	408
61.335	403
61.385	402
61.435	400
61.485	390
61.535	400
61.586	402
61.636	401
61.687	411
61.737	414
61.787	421
61.837	428
61.888	422
61.938	442
61.988	447
62.038	448
62.088	455
62.138	457
62.189	460
62.239	460
62.289	444
62.339	454
62.389	451
62.440	442
62.490	440
62.540	432
62.591	427
62.641	420
62.691	405
62.742	408
62.792	403
62.842	396
62.892	398
62.942	397
62.993	398
63.043	400
63.093	392
63.143	407
63.193	415
63.243	418
63.294	427
63.344	433
63.394	442
63.444	448
63.495	444
63.545	459
63.596	461
63.646	461
63.696	462
63.746	458
63.796	456
63.847	453
63.897	436
63.947	440
63.997	433
64.047	422
64.097	418
64.148	410
64.198	406
64.248	401
64.298	390
64.349	396
64.399	395
64.450	394
64.500	399
64.550	403
64.600	409
64.650	415
64.701	414
64.751	430
64.801	437
64.851	443
64.901	450
64.951	449
65.002	461
65.052	462
65.102	456
65.152	465
65.202	460
65.254	456
65.304	453
65.354	439
65.404	439
65.454	431
65.504	412
65.555	418
65.605	410
65.655	401
65.705	400
65.755	397
65.805	394
65.856	397
65.906	392
65.956	399
66.006	404
66.056	408
66.106	416
66.158	415
66.208	432
66.258	439
66.308	438
66.358	453
66.409	458
66.459	462
66.509	464
66.559	451
66.609	464
66.659	461
66.710	450
66.760	450
66.810	442
66.860	437
66.910	429
66.961	410
67.011	415
67.062	409
67.112	394
67.162	397
67.212	394
67.263	394
67.313	394
67.363	386
67.413	401
67.463	406
67.513	408
67.564	420
67.614	424
67.664	433
67.714	440
67.764	436
67.815	453
67.865	461
67.915	458
67.966	465
68.016	462
68.066	463
68.117	461
68.167	443
68.217	449
68.267	442
68.317	429
68.367	427
68.418	419
68.468	412
68.518	406
68.568	392
68.618	397
68.669	394
68.719	390
68.769	395
68.819	398
68.870	403
68.920	407
68.971	402
69.021	421
69.071	428
69.121	431
69.171	442
69.222	447
69.272	456
69.322	459
69.372	453
69.422	463
69.472	462
69.523	460
69.573	457
69.623	451
69.673	446
69.723	441
69.774	423
69.825	425
69.875	418
69.925	408
69.975	405
70.025	399
70.076	397
70.126	395
70.176	387
70.226	396
70.276	398
70.326	400
70.377	409
70.427	414
70.477	422
70.527	431
70.577	428
70.627	445
70.679	450
70.729	452
70.779	460
70.829	459
70.879	463
70.930	463
70.980	450
71.030	457
71.080	452
71.130	442
71.180	437
71.231	429
71.281	424
71.331	415
71.381	403
71.431	404
71.481	397
71.532	393
71.583	394
71.633	397
71.683	396
71.733	399
71.784	398
71.834	410
71.884	417
71.934	424
71.984	433
72.034	435
72.085	447
72.135	454
72.185	451
72.235	464
72.285	463
72.335	464
72.386	464
72.436	447
72.487	457
72.537	450
72.587	436
72.638	437
72.688	428
72.738	420
72.788	413
72.838	399
72.888	401
72.939	395
72.989	387
73.039	393
73.089	394
73.139	396
73.190	400
73.240	397
73.290	413
73.340	421
73.391	420
73.441	437
73.492	444
73.542	452
73.592	458
73.642	449
73.692	466
73.742	467
73.793	460
73.843	465
73.893	458
73.943	456
73.993	448
74.044	426
74.094	432
74.144	424
74.194	410
74.245	407
74.295	399
74.346	396
74.396	393
74.446	382
74.496	389
74.546	392
74.596	390
74.647	401
74.697	407
74.747	416
74.797	424
74.847	419
74.898	442
74.948	450
74.998	452
75.048	464
75.098	465
75.149	470
75.200	470
75.250	454
75.300	465
75.350	459
75.400	446
75.450	445
75.501	435
75.551	427
75.601	418
75.651	401
75.701	402
75.752	396
75.802	388
75.852	389
75.902	390
75.952	391
76.002	393
76.054	389
76.104	405
76.154	412
76.204	417
76.254	430
76.305	437
76.355	448
76.405	455
76.455	449
76.505	468
76.555	468
76.606	468
76.656	469
76.706	466
76.756	462
76.806	456
76.856	435
76.907	439
76.958	430
77.008	417
77.058	412
77.108	403
77.159	398
77.209	392
77.259	382
77.309	388
77.359	389
77.409	388
77.460	395
77.510	401
77.560	408
77.610	418
77.660	417
77.710	435
77.761	445
77.811	451
77.862	462
77.912	463
77.962	470
78.013	472
78.063	459
78.113	470
78.163	464
78.213	454
78.263	452
78.314	435
78.364	432
78.414	424
78.464	404
78.514	405
78.564	398
78.615	390
78.665	389
78.715	389
78.766	387
78.816	389
78.867	386
78.917	399
78.967	406
79.017	413
79.067	425
79.117	431
79.168	444
79.218	453
79.268	453
79.318	466
79.368	470
79.418	472
79.469	473
79.519	462
79.569	466
79.619	460
79.670	445
79.721	444
79.771	435
79.821	426
79.871	417
79.921	399
79.971	400
80.022	394
80.072	384
80.122	387
80.172	386
80.222	388
80.273	392
80.323	389
80.373	405
80.423	413
80.473	416
80.523	432
80.575	440
80.625	450
80.675	458
80.725	450
80.775	469
80.825	471
80.876	464
80.926	472
80.976	467
81.026	462
81.076	455
81.127	435
81.177	439
81.227	428
81.277	414
81.327	410
81.377	403
81.428	397
81.479	392
81.529	380
81.579	387
81.629	389
81.679	386
81.730	397
81.780	403
81.830	410
81.880	422
81.930	419
81.981	438
82.031	446
82.081	449
82.131	461
82.181	463
82.231	469
82.282	470
82.332	458
82.383	467
82.433	462
82.483	451
82.534	449
82.584	439
82.634	432
82.684	423
82.734	405
82.784	408
82.835	402
82.885	390
82.935	392
82.985	391
83.035	389
83.085	392
83.136	389
83.186	401
83.236	408
83.287	412
83.337	424
83.388	432
83.438	442
83.488	449
83.538	445
83.588	461
83.638	465
83.689	463
83.739	467
83.789	462
83.839	462
83.889	457
83.939	438
83.990	444
84.040	436
84.090	425
84.140	420
84.191	411
84.242	406
84.292	401
84.342	389
84.392	394
84.442	393
84.492	392
84.543	398
84.593	401
84.643	408
84.693	413
84.743	412
84.793	428
84.844	436
84.894	444
84.944	450
84.994	447
85.044	461
85.096	462
85.146	455
85.196	462
85.246	462
85.296	455
85.346	452
85.397	441
85.447	441
85.497	432
85.547	420
85.597	418
85.647	412
85.698	405
85.748	402
85.798	399
85.848	397
85.898	397
85.949	392
86.000	401
86.050	405
86.100	409
86.150	417
86.200	419
86.251	430
86.301	436
86.351	436
86.401	448
86.451	454
86.502	458
86.552	460
86.602	452
86.652	461
86.702	459
86.752	448
86.803	451
86.854	444
86.904	438
86.954	431
87.004	415
87.054	418
87.105	413
87.155	402
87.205	403
87.255	398
87.305	397
87.356	399
87.406	391
87.456	402
87.506	407
87.556	404
87.606	417
87.657	423
87.707	431
87.758	437
87.808	432
87.858	450
87.908	454
87.959	451
88.009	460
88.059	459
88.109	460
88.159	458
88.210	442
88.260	451
88.310	444
88.360	432
88.410	433
88.460	426
88.511	420
88.561	414
88.611	398
88.662	404
88.712	400
88.762	393
88.813	397
88.863	401
88.913	403
88.963	407
89.013	401
89.064	418
89.114	423
89.164	427
89.214	437
89.264	442
89.314	449
89.365	455
89.415	445
89.465	460
89.515	461
89.566	455
89.617	459
89.667	454
89.717	450
89.767	445
89.817	428
89.867	432
89.918	425
89.968	416
90.018	412
90.068	406
90.118	402
90.168	400
90.219	391
90.269	397
90.319	398
90.369	398
90.419	406
90.471	410
90.521	418
90.571	424
90.621	421
90.671	439
90.721	444
90.772	449
90.822	453
90.872	458
90.922	461
90.972	464
91.022	452
91.073	460
91.123	456
91.173	448
91.223	445
91.273	435
91.324	431
91.375	423
91.425	408
91.475	410
91.525	404
91.575	396
91.626	397
91.676	397
91.726	396
91.776	397
91.826	392
91.876	406
91.927	411
91.977	413
92.027	426
92.077	429
92.127	440
92.178	449
92.228	441
92.279	459
92.329	462
92.379	464
92.429	466
92.480	457
92.530	461
92.580	455
92.630	440
92.680	444
92.730	436
92.781	427
92.831	422
92.881	412
92.931	407
92.981	401
93.032	390
93.082	395
93.132	394
93.183	392
93.233	397
93.283	402
93.334	406
93.384	413
93.434	414
93.484	429
93.534	436
93.585	443
93.635	450
93.685	447
93.735	463
93.785	467
93.835	460
93.886	466
93.936	464
93.986	461
94.036	456
94.087	439
94.137	441
94.188	434
94.238	418
94.288	419
94.338	409
94.388	403
94.439	398
94.489	387
94.539	393
94.589	393
94.639	386
94.689	398
94.740	403
94.790	409
94.840	416
94.890	412
94.941	432
94.991	439
95.042	439
95.092	454
95.142	459
95.192	464
95.242	466
95.293	453
95.343	466
95.393	464
95.443	452
95.493	453
95.543	445
95.594	439
95.644	430
95.694	408
95.744	415
95.794	407
95.846	396
95.896	397
95.946	395
95.996	394
96.046	394
96.096	387
96.147	401
96.197	405
96.247	405
96.297	418
96.347	425
96.397	434
96.448	442
96.498	434
96.548	456
96.598	461
96.648	460
96.698	466
96.750	464
96.800	464
96.850	461
96.900	445
96.950	450
97.001	443
97.051	432
97.101	428
97.151	419
97.201	413
97.251	407
97.302	391
97.352	397
97.402	395
97.452	390
97.502	396
97.553	398
97.603	402
97.654	408
97.704	407
97.754	421
97.804	429
97.855	432
97.905	443
97.955	449
98.005	456
98.055	461
98.105	452
98.156	466
98.206	464
98.256	460
98.306	458
98.356	451
98.407	448
98.457	441
98.507	422
98.558	426
98.608	419
98.658	409
98.709	406
98.759	401
98.809	399
98.859	397
98.909	389
98.959	398
99.010	400
99.060	400
99.110	411
99.160	417
99.210	422
99.261	429
99.311	429
99.361	445
99.411	450
99.462	450
99.512	459
99.563	454
99.613	463
99.663	463
99.713	451
99.763	456
99.814	451
99.864	444
99.914	439
99.964	427
100.014	426
100.064	418
100.115	407
100.165	408
100.215	403
100.265	400
100.315	399
100.366	399
100.417	400
100.467	402
100.517	400
100.567	411
100.617	417
100.668	424
100.718	431
100.768	423
100.818	444
100.868	450
100.918	448
100.969	458
101.019	459
101.069	461
101.119	461
101.169	442
101.219	454
101.271	451
101.321	438
101.371	439
101.421	432
101.471	427
101.522	420
101.572	401
101.622	409
101.672	404
101.722	395
101.772	400
101.823	399
101.873	401
101.923	404
101.973	400
102.023	413
102.073	417
102.124	418
102.175	430
102.225	435
102.275	443
102.325	448
102.376	439
102.426	457
102.476	459
102.526	455
102.576	460
102.626	456
102.677	455
102.727	451
102.777	434
102.827	438
102.877	433
102.927	422
102.978	422
103.028	415
103.079	410
103.129	405
103.179	393
103.230	400
103.280	399
103.330	396
103.380	402
103.430	407
103.480	412
103.531	416
103.581	412
103.631	430
103.681	438
103.731	438
103.782	447
103.832	451
103.882	456
103.932	459
103.983	446
104.033	461
104.084	458
104.134	451
104.184	451
104.234	444
104.284	441
104.334	434
104.385	418
104.435	421
104.485	415
104.535	406
104.585	405
104.636	401
104.686	400
104.736	400
104.786	392
104.837	402
104.887	406
104.938	406
104.988	415
105.038	421
105.088	430
105.138	436
105.188	429
105.239	449
105.289	453
105.339	454
105.389	461
105.439	458
105.490	461
105.540	459
105.590	448
105.640	452
105.690	447
105.741	438
105.792	434
105.842	425
105.892	421
105.942	415
105.992	401
106.042	404
106.093	401
106.143	396
106.193	399
106.243	399
106.293	402
106.344	405
106.394	402
106.444	416
106.494	421
106.544	427
106.594	436
106.646	441
106.696	449
106.746	454
106.796	450
106.846	462
106.897	463
106.947	462
106.997	460
107.047	447
107.097	453
107.147	448
107.198	432
107.248	435
107.298	427
107.348	419
107.398	412
107.448	405
107.499	403
107.550	400
107.600	392
107.650	397
107.700	398
107.751	400
107.801	405
107.851	407
107.901	417
107.951	423
108.001	424
108.052	437
108.102	444
108.152	451
108.202	456
108.252	449
108.302	463
108.353	463
108.403	456
108.454	462
108.504	458
108.554	453
108.605	447
108.655	428
108.705	433
108.755	424
108.805	411
108.855	412
108.906	406
108.956	401
109.006	398
109.056	388
109.106	397
109.156	396
109.207	392
109.257	405
109.307	411
109.358	416
109.408	424
109.459	420
109.509	440
109.559	446
109.609	446
109.659	458
109.709	461
109.760	465
109.810	465
109.860	449
109.910	462
109.960	457
110.010	446
110.061	446
110.111	437
110.161	431
110.211	423
110.262	407
110.313	409
110.363	404
110.413	395
110.463	397
110.513	395
110.563	396
110.614	398
110.664	394
110.714	408
110.764	412
110.814	416
110.865	427
110.915	432
110.965	441
111.015	448
111.065	444
111.115	460
111.167	463
111.217	462
111.267	466
111.317	462
111.367	461
111.417	457
111.468	440
111.518	445
111.568	436
111.618	426
111.668	422
111.719	413
111.769	408
111.819	402
111.869	390
111.919	396
111.969	395
112.020	392
112.071	400
112.121	401
112.171	407
112.221	414
112.271	414
112.322	428
112.372	436
112.422	440
112.472	450
112.522	453
112.573	460
112.623	464
112.673	456
112.723	465
112.773	463
112.823	455
112.874	454
112.924	446
112.975	442
113.025	435
113.075	416
113.126	419
113.176	413
113.226	401
113.276	402
113.326	401
113.376	396
113.427	396
113.477	390
113.527	400
113.577	404
113.627	408
113.677	416
113.728	419
113.778	431
113.828	438
113.879	434
113.929	451
113.980	457
114.030	460
114.080	463
114.130	455
114.180	464
114.230	462
114.281	448
114.331	453
114.381	447
114.431	439
114.481	433
114.531	415
114.582	419
114.632	412
114.682	400
114.732	401
114.783	399
114.834	397
114.884	398
114.934	391
114.984	401
115.034	406
115.084	402
115.135	418
115.185	424
115.235	432
115.285	439
115.335	433
115.385	452
115.436	457
115.486	454
115.536	463
115.586	463
115.636	463
115.688	461
115.738	443
115.788	452
115.838	446
115.888	430
115.938	434
115.989	423
116.039	416
116.089	412
116.139	397
116.189	402
116.239	399
116.290	392
116.340	398
116.390	399
116.440	402
116.490	407
116.541	404
116.592	419
116.642	425
116.692	426
116.742	441
116.792	445
116.843	452
116.893	454
116.943	446
116.993	463
117.043	463
117.094	456
117.144	459
117.194	454
117.244	451
117.294	445
117.344	429
117.395	432
117.446	424
117.496	412
117.546	412
117.596	406
117.646	402
117.697	400
117.747	391
117.797	399
117.847	399
117.897	398
117.948	407
117.998	411
118.048	419
118.098	426
118.148	424
118.198	440
118.249	444
118.299	448
118.350	456
118.400	457
118.450	463
118.500	460
118.551	451
118.601	458
118.651	456
118.701	445
118.751	446
118.802	435
118.852	431
118.902	425
118.952	409
119.002	412
119.052	408
119.103	400
119.153	401
119.203	399
119.254	399
119.304	401
119.354	396
119.405	409
119.455	413
119.505	417
119.555	426
119.605	431
119.656	439
119.706	447
119.756	442
119.806	457
119.856	459
119.906	456
119.957	461
120.007	451
120.057	458
120.107	455
120.158	438
120.209	444
120.259	438
120.309	430
120.359	425
120.409	419
120.459	415
120.510	410
120.560	396
120.610	403
120.660	401
120.710	398
120.760	402
120.811	404
120.861	408
120.911	413
120.961	412
121.011	426
121.063	432
121.113	438
121.163	445
121.213	443
121.263	455
121.313	458
121.364	453
121.414	462
121.464	460
121.514	457
121.564	455
121.614	439
121.665	445
121.715	439
121.765	426
121.815	426
121.865	418
121.916	413
121.967	409
122.017	399
122.067	403
122.117	401
122.167	394
122.218	401
122.268	403
122.318	408
122.368	412
122.418	408
122.468	425
122.519	433
122.569	432
122.619	445
122.669	449
122.719	454
122.770	458
122.820	448
122.871	461
122.921	460
122.971	452
123.021	456
123.072	449
123.122	446
123.172	439
123.222	419
123.272	426
123.322	420
123.373	406
123.423	410
123.473	405
123.523	402
123.573	401
123.624	392
123.674	401
123.724	404
123.775	400
123.825	414
123.875	418
123.926	425
123.976	432
124.026	428
124.076	443
124.126	449
124.177	450
124.227	458
124.277	458
124.327	462
124.377	461
124.427	448
124.478	455
124.528	450
124.578	442
124.628	440
124.679	431
124.729	427
124.780	420
124.830	406
124.880	410
124.930	405
124.980	396
125.031	400
125.081	399
125.131	401
125.181	404
125.231	397
125.281	412
125.332	417
125.382	420
125.432	430
125.482	435
125.533	444
125.583	449
125.634	443
125.684	459
125.734	460
125.784	460
125.834	463
125.885	457
125.935	456
125.985	452
126.035	435
126.085	440
126.135	433
126.186	424
126.236	422
126.286	414
126.336	410
126.386	405
126.438	396
126.488	400
126.538	400
126.588	398
126.638	403
126.688	406
126.739	412
126.789	417
126.839	416
126.889	431
126.939	437
126.989	441
127.040	450
127.090	451
127.140	459
127.190	463
127.240	450
127.290	462
127.342	461
127.392	455
127.442	453
127.492	443
127.542	440
127.593	433
127.643	419
127.693	422
127.743	415
127.793	408
127.843	404
127.894	403
127.944	401
127.994	401
128.044	392
128.094	403
128.145	406
128.195	409
128.246	416
128.296	421
128.346	430
128.396	436
128.447	434
128.497	449
128.547	454
128.597	458
128.647	461
128.697	453
128.748	461
128.798	460
128.848	449
128.898	453
128.948	447
128.999	441
129.049	435
129.099	423
129.150	423
129.200	416
129.250	404
129.301	405
129.351	403
129.401	401
129.451	401
129.501	391
129.551	405
129.602	407
129.652	405
129.702	417
129.752	423
129.802	430
129.853	438
129.903	432
129.953	449
130.003	454
130.054	452
130.104	462
130.155	460
130.205	462
130.255	460
130.305	444
130.355	453
130.406	447
130.456	436
130.506	435
130.556	428
130.606	422
130.656	416
130.707	400
130.757	406
130.807	403
130.857	396
130.907	400
130.958	402
131.009	403
131.059	406
131.109	402
131.159	417
131.209	423
131.260	424
131.310	436
131.360	442
131.410	448
131.460	453
131.510	445
131.561	461
131.611	462
131.661	458
131.711	459
131.761	453
131.811	455
131.863	448
131.913	428
131.963	437
132.013	430
132.063	419
132.114	416
132.164	411
132.214	406
132.264	403
132.314	390
132.364	400
132.415	401
132.465	400
132.515	406
132.565	410
132.615	416
132.665	422
132.716	419
132.767	436
132.817	441
132.867	446
132.917	453
132.968	454
133.018	460
133.068	462
133.118	448
133.168	461
133.218	457
133.269	450
133.319	449
133.369	441
133.419	438
133.469	429
133.519	413
133.570	418
133.620	412
133.671	402
133.721	401
133.771	399
133.822	400
133.872	400
133.922	394
133.972	406
134.022	409
134.072	412
134.123	421
134.173	428
134.223	435
134.273	442
134.323	440
134.374	453
134.424	457
134.474	460
134.524	463
134.575	455
134.625	461
134.676	459
134.726	446
134.776	449
134.826	444
134.876	436
134.926	429
134.977	421
135.027	418
135.077	410
135.127	400
135.177	404
135.228	400
135.278	398
135.328	399
135.378	401
135.429	404
135.479	408
135.530	408
135.580	421
135.630	427
135.680	434
135.730	441
135.780	441
135.831	453
135.881	458
135.931	454
135.981	463
136.031	462
136.082	462
136.132	458
136.182	439
136.232	449
136.282	444
136.333	430
136.384	430
136.434	423
136.484	416
136.534	412
136.584	399
136.634	404
136.685	399
136.735	394
136.785	399
136.835	402
136.885	406
136.936	409
136.986	406
137.036	422
137.086	429
137.136	429
137.186	442
137.238	447
137.288	454
137.338	458
137.388	443
137.438	462
137.489	463
137.539	458
137.589	459
137.639	453
137.689	449
137.739	444
137.790	426
137.840	430
137.890	423
137.940	412
137.990	412
138.040	406
138.091	404
138.142	401
138.192	391
138.242	400
138.292	402
138.343	400
138.393	409
138.443	415
138.493	422
138.543	427
138.593	424
138.644	442
138.694	447
138.744	448
138.794	457
138.844	459
138.894	461
138.945	462
138.995	449
139.046	459
139.096	455
139.146	445
139.197	442
139.247	436
139.297	431
139.347	424
139.397	404
139.447	411
139.498	407
139.548	400
139.598	401
139.648	399
139.698	400
139.748	402
139.799	397
139.849	410
139.899	415
139.950	418
140.000	428
140.051	433
140.101	441
140.151	448
140.201	443
140.251	458
140.301	461
140.352	458
140.402	462
140.452	459
140.502	459
140.552	454
140.602	440
140.653	443
140.703	437
140.753	428
140.803	423
140.854	415
140.905	411
140.955	406
141.005	394
141.055	403
141.105	399
141.155	392
141.206	403
141.256	403
141.306	411
141.356	417
141.406	413
141.457	428
141.507	435
141.557	440
141.607	447
141.657	446
141.707	457
141.759	460
141.809	454
141.859	463
141.909	461
141.959	458
142.009	455
142.060	443
142.110	444
142.160	438
142.210	424
