#Creator: pendulumdriveEventBuffer
#Creation time: Thu Apr 11 14:41:38 2019
#Time	Pos
#[s]	[au]
0.050	437
0.100	447
0.150	449
0.200	454
0.250	456
0.301	448
0.351	459
0.401	460
0.451	453
0.501	457
0.552	457
0.602	454
0.652	451
0.702	434
0.753	444
0.803	438
0.854	428
0.904	431
0.954	425
1.004	422
1.054	419
1.104	410
1.155	418
1.205	419
1.255	414
1.305	421
1.355	424
1.406	427
1.456	433
1.506	428
1.556	443
1.606	448
1.657	449
1.708	458
1.758	460
1.808	465
1.858	466
1.908	457
1.959	466
2.009	463
2.059	456
2.109	457
2.159	451
2.209	447
2.260	441
2.310	426
2.360	429
2.410	422
2.460	414
2.510	413
2.562	411
2.612	409
2.662	409
2.712	404
2.762	413
2.813	418
2.863	422
2.913	429
2.963	435
3.013	446
3.063	452
3.114	451
3.164	465
3.214	469
3.264	471
3.314	475
3.364	472
3.415	474
3.466	471
3.516	456
3.566	459
3.616	452
3.667	440
3.717	435
3.767	425
3.817	420
3.867	413
3.917	400
3.968	403
4.018	401
4.068	397
4.118	404
4.168	405
4.218	412
4.269	418
4.319	419
4.370	435
4.420	445
4.470	452
4.521	463
4.571	462
4.621	476
4.671	480
4.721	474
4.771	484
4.822	481
4.872	478
4.922	471
4.972	455
5.022	455
5.072	444
5.123	428
5.173	424
5.224	414
5.274	404
5.324	400
5.375	399
5.425	393
5.475	393
5.525	389
5.575	400
5.625	406
5.676	414
5.726	425
5.776	431
5.826	447
5.876	459
5.927	460
5.977	477
6.027	483
6.077	489
6.128	491
6.178	479
6.229	488
6.279	483
6.329	466
6.379	465
6.429	454
6.479	442
6.530	432
6.580	413
6.630	409
6.680	399
6.730	386
6.781	388
6.831	385
6.881	386
6.931	390
6.981	386
7.032	404
7.083	415
7.133	420
7.183	439
7.233	451
7.283	464
7.333	475
7.384	472
7.434	492
7.484	496
7.534	492
7.584	497
7.635	490
7.685	486
7.735	475
7.785	455
7.835	453
7.885	439
7.937	420
7.987	413
8.037	402
8.087	392
8.137	385
8.187	374
8.238	382
8.288	383
8.338	384
8.388	394
8.438	405
8.489	417
8.539	429
8.589	432
8.639	457
8.689	470
8.739	477
8.790	491
8.841	494
8.891	501
8.941	502
8.991	488
9.042	493
9.092	484
9.142	470
9.192	462
9.242	447
9.292	434
9.343	420
9.393	400
9.443	397
9.493	388
9.543	377
9.593	377
9.644	379
9.694	381
9.745	386
9.795	389
9.845	406
9.896	419
9.946	429
9.996	447
10.046	459
10.096	475
10.146	485
10.197	484
10.247	501
10.297	503
10.347	502
10.397	499
10.447	489
10.498	482
10.548	470
10.598	448
10.649	443
10.699	430
10.750	413
10.800	403
10.850	394
10.900	386
10.950	380
11.000	372
11.051	378
11.101	383
11.151	385
11.201	399
11.251	412
11.301	423
11.352	437
11.402	444
11.452	465
11.502	477
11.553	486
11.604	495
11.654	487
11.704	502
11.754	501
11.804	488
11.854	489
11.905	478
11.955	467
12.005	455
12.055	437
12.105	426
12.155	413
12.206	396
12.256	393
12.306	387
12.356	380
12.406	380
12.458	383
12.508	388
12.558	395
12.608	398
12.658	415
12.708	427
12.759	440
12.809	453
12.859	451
12.909	477
12.959	486
13.010	486
13.060	496
13.110	496
13.160	496
13.210	491
13.260	469
13.311	474
13.362	463
13.412	444
13.462	437
13.512	425
13.562	414
13.613	404
13.663	387
13.713	390
13.763	385
13.813	379
13.864	388
13.914	392
13.964	399
14.014	408
14.064	408
14.114	430
14.165	442
14.215	449
14.266	466
14.316	474
14.366	482
14.416	488
14.467	478
14.517	490
14.567	489
14.617	480
14.667	479
14.718	468
14.768	459
14.818	448
14.868	427
14.918	425
14.968	415
15.019	401
15.069	400
15.120	395
15.170	392
15.220	391
15.271	386
15.321	398
15.371	405
15.421	408
15.471	422
15.521	432
15.572	443
15.622	453
15.672	452
15.722	471
15.772	477
15.822	478
15.873	485
15.923	482
15.973	482
16.024	477
16.074	462
16.125	465
16.175	456
16.225	442
16.275	437
16.325	427
16.375	418
16.426	412
16.476	398
16.526	400
16.576	399
16.626	395
16.676	400
16.727	404
16.777	410
16.827	416
16.877	416
16.928	432
16.979	441
17.029	446
17.079	458
17.129	463
17.179	471
17.229	475
17.280	467
17.330	478
17.380	476
17.430	471
17.480	470
17.530	460
17.581	456
17.631	448
17.681	432
17.731	432
17.781	424
17.833	416
17.883	412
17.933	408
17.983	405
18.033	405
18.083	400
18.134	407
18.184	413
18.234	416
18.284	424
18.334	431
18.384	436
18.435	445
18.485	444
18.535	459
18.585	463
18.635	464
18.686	472
18.737	465
18.787	473
18.837	471
18.887	460
18.937	464
18.988	457
19.038	450
19.088	445
19.138	435
19.188	430
19.239	424
19.289	410
19.339	414
19.389	410
19.439	407
19.489	408
19.540	409
19.590	411
19.641	415
19.691	412
19.741	425
19.791	431
19.842	439
19.892	446
19.942	447
19.992	459
20.042	465
20.093	461
20.143	472
20.193	471
20.243	472
20.293	469
20.343	455
20.394	463
20.444	456
20.494	444
20.545	444
20.595	435
20.645	429
20.696	423
20.746	408
20.796	413
20.846	409
20.896	402
20.947	408
20.997	408
21.047	411
21.097	415
21.147	411
21.197	426
21.248	433
21.298	434
21.348	448
21.398	454
21.449	461
21.499	466
21.550	459
21.600	473
21.650	473
21.700	467
21.750	471
21.801	465
21.851	463
21.901	458
21.951	440
22.001	442
22.051	434
22.102	421
22.152	421
22.202	413
22.252	410
22.302	406
22.354	397
22.404	404
22.454	407
22.504	405
22.554	415
22.604	420
22.655	427
22.705	435
22.755	433
22.805	451
22.855	458
22.905	461
22.956	471
23.006	472
23.056	477
23.106	477
23.156	464
23.207	473
23.258	468
23.308	459
23.358	455
23.408	444
23.458	438
23.509	429
23.559	414
23.609	415
23.659	409
23.709	400
23.759	402
23.810	409
23.860	402
23.910	404
23.960	402
24.010	416
24.061	421
24.111	428
24.162	440
24.212	447
24.262	457
24.312	465
24.363	463
24.413	476
24.463	479
24.513	478
24.563	480
24.613	475
24.664	473
24.714	466
24.764	450
24.814	451
24.864	441
24.915	428
24.965	423
25.016	414
25.066	408
25.116	402
25.166	392
25.217	396
25.267	397
25.317	396
25.367	405
25.417	411
25.467	418
25.518	427
25.568	430
25.618	447
25.668	455
25.718	464
25.769	473
25.819	469
25.869	482
25.920	484
25.970	472
26.020	480
26.071	477
26.121	466
26.171	462
26.221	447
26.271	443
26.322	433
26.372	417
26.422	415
26.472	407
26.522	400
26.572	398
26.623	398
26.673	395
26.723	398
26.773	396
26.824	408
26.874	415
26.925	424
26.975	435
27.025	439
27.075	455
27.125	464
27.176	462
27.226	478
27.276	482
27.326	486
27.376	486
27.426	469
27.477	478
27.527	472
27.577	459
27.627	456
27.677	445
27.728	435
27.779	426
27.829	409
27.879	409
27.929	403
27.979	392
28.030	395
28.080	396
28.130	395
28.180	400
28.230	396
28.280	413
28.331	423
28.381	428
28.431	443
28.481	452
28.531	463
28.581	471
28.633	465
28.683	482
28.733	485
28.783	478
28.833	484
28.884	478
28.934	474
28.984	466
29.034	446
29.084	448
29.134	438
29.185	422
29.235	417
29.285	409
29.335	402
29.385	399
29.435	388
29.486	395
29.537	396
29.587	395
29.637	405
29.687	413
29.738	422
29.788	431
29.838	432
29.888	452
29.938	462
29.988	465
30.039	476
30.089	480
30.139	484
30.189	485
30.239	473
30.290	480
30.340	474
30.390	464
30.441	458
30.491	447
30.541	439
30.592	429
30.642	412
30.692	411
30.742	405
30.792	396
30.842	396
30.893	395
30.943	397
30.993	400
31.043	397
31.093	413
31.144	421
31.194	427
31.244	440
31.294	447
31.345	459
31.395	467
31.446	466
31.496	480
31.546	482
31.596	481
31.646	484
31.696	477
31.747	476
31.797	467
31.847	450
31.897	449
31.947	441
31.998	429
32.048	421
32.098	413
32.148	406
32.198	401
32.249	392
32.300	397
32.350	397
32.400	397
32.450	405
32.500	413
32.551	419
32.601	428
32.651	428
32.701	447
32.751	456
32.801	464
32.852	472
32.902	469
32.952	481
33.002	482
33.052	475
33.102	479
33.154	474
33.204	468
33.254	460
33.304	447
33.354	444
33.405	435
33.455	418
33.505	416
33.555	409
33.605	403
33.655	401
33.706	391
33.756	400
33.806	400
33.856	400
33.906	409
33.956	417
34.007	425
34.058	435
34.108	439
34.158	453
34.208	461
34.259	461
34.309	474
34.359	477
34.409	480
34.459	481
34.509	466
34.560	475
34.610	469
34.660	457
34.710	455
34.760	445
34.810	437
34.861	429
34.911	411
34.962	412
35.012	408
35.062	397
35.113	400
35.163	399
35.213	402
35.263	404
35.313	403
35.363	416
35.414	424
35.464	427
35.514	441
35.564	447
35.614	456
35.664	464
35.715	462
35.765	475
35.816	478
35.866	474
35.916	479
35.967	474
36.017	472
36.067	465
36.117	448
36.167	450
36.217	441
36.268	428
36.318	425
36.368	417
36.418	411
36.468	406
36.519	396
36.569	401
36.619	402
36.669	400
36.720	408
36.770	413
36.821	421
36.871	428
36.921	426
36.971	445
37.021	452
37.071	456
37.122	467
37.172	471
37.222	476
37.272	478
37.322	467
37.373	478
37.423	472
37.473	464
37.523	462
37.573	451
37.624	444
37.675	436
37.725	419
37.775	421
37.825	412
37.875	404
37.925	404
37.976	402
38.026	401
38.076	403
38.126	400
38.176	411
38.227	417
38.277	420
38.327	432
38.377	439
38.427	449
38.477	457
38.529	454
38.579	470
38.629	474
38.679	476
38.729	479
38.779	472
38.830	474
38.880	471
38.930	453
38.980	456
39.030	450
39.081	438
39.131	432
39.181	426
39.231	416
39.281	411
39.331	401
39.382	403
39.433	402
39.483	398
39.533	405
39.583	411
39.634	414
39.684	421
39.734	421
39.784	438
39.834	445
39.884	449
39.935	462
39.985	461
40.035	474
40.085	477
40.135	470
40.185	479
40.236	477
40.286	472
40.337	468
40.387	455
40.437	453
40.488	445
40.538	428
40.588	427
40.638	418
40.688	410
40.738	407
40.789	399
40.839	400
40.889	399
40.939	396
40.989	405
41.039	409
41.090	416
41.140	424
41.190	427
41.241	442
41.291	452
41.342	454
41.392	469
41.442	472
41.492	479
41.542	481
41.592	467
41.643	482
41.693	477
41.743	465
41.793	465
41.843	456
41.893	448
41.944	438
41.994	420
42.044	420
42.094	412
42.145	400
42.196	401
42.246	397
42.296	397
42.346	398
42.396	394
42.446	407
42.497	413
42.547	417
42.597	431
42.647	438
42.697	451
42.747	459
42.798	458
42.848	475
42.898	480
42.948	480
42.998	484
43.050	482
43.100	482
43.150	475
43.200	457
43.250	460
43.300	449
43.351	436
43.401	431
43.451	420
43.501	412
43.551	403
43.602	392
43.652	395
43.702	394
43.752	391
43.802	398
43.852	403
43.903	411
43.954	420
44.004	420
44.054	440
44.104	450
44.154	455
44.205	469
44.255	473
44.305	483
44.355	485
44.405	476
44.456	487
44.506	482
44.556	473
44.606	471
44.656	460
44.706	451
44.757	440
44.807	423
44.858	420
44.908	411
44.958	400
45.008	399
45.059	394
45.109	393
45.159	394
45.209	389
45.259	401
45.310	408
45.360	412
45.410	427
45.460	437
45.510	448
45.560	459
45.611	459
45.661	476
45.712	482
45.762	483
45.812	488
45.863	483
45.913	484
45.963	479
46.013	462
46.063	462
46.113	452
46.164	439
46.214	432
46.264	421
46.314	412
46.364	405
46.414	396
46.465	395
46.515	394
46.565	390
46.616	396
46.666	402
46.717	408
46.767	417
46.817	420
46.867	437
46.917	446
46.967	456
47.018	466
47.068	466
47.118	481
47.168	486
47.218	480
47.268	486
47.319	483
47.369	478
47.419	472
47.469	457
47.520	454
47.571	444
47.621	425
47.671	423
47.721	414
47.771	404
47.821	400
47.872	398
47.922	394
47.972	394
48.022	392
48.072	402
48.122	408
48.173	416
48.223	426
48.273	427
48.323	446
48.373	455
48.425	458
48.475	473
48.525	478
48.575	484
48.625	484
48.675	473
48.726	483
48.776	478
48.826	465
48.876	464
48.926	453
48.976	445
49.027	433
49.077	416
49.127	417
49.177	410
49.227	398
49.278	399
49.329	396
49.379	396
49.429	399
49.479	396
49.529	409
49.580	416
49.630	420
49.680	434
49.730	443
49.780	453
49.831	462
49.881	458
49.931	475
49.981	480
50.031	475
50.081	481
50.132	478
50.182	477
50.233	470
50.283	453
50.333	457
50.383	446
50.434	433
50.484	429
50.534	419
50.584	413
50.634	406
50.685	392
50.735	400
50.785	400
50.835	397
50.885	404
50.935	410
50.986	415
51.036	422
51.086	422
51.137	440
51.187	449
51.237	453
51.288	465
51.338	468
51.388	475
51.438	478
51.488	467
51.539	478
51.589	475
51.639	467
51.689	465
51.739	455
51.789	449
51.840	441
51.890	424
51.940	425
51.990	418
52.041	408
52.091	407
52.142	406
52.192	404
52.242	405
52.292	400
52.342	410
52.393	415
52.443	418
52.493	427
52.543	433
52.593	444
52.643	452
52.694	448
52.744	464
52.794	468
52.844	473
52.894	475
52.946	473
52.996	475
53.046	473
53.096	458
53.146	461
53.196	454
53.247	445
53.297	439
53.347	430
53.397	424
53.447	417
53.497	405
53.548	408
53.598	404
53.648	402
53.698	406
53.748	410
53.799	412
53.850	418
53.900	418
53.950	432
54.000	437
54.050	444
54.101	454
54.151	455
54.201	466
54.251	469
54.301	465
54.351	475
54.402	473
54.452	472
54.502	469
54.552	455
54.602	458
54.653	452
54.703	436
54.754	436
54.804	429
54.854	420
54.904	417
54.955	412
55.005	409
55.055	407
55.105	401
55.155	408
55.205	410
55.256	413
55.306	419
55.356	423
55.406	432
55.456	440
55.507	441
55.557	454
55.608	460
55.658	466
55.708	470
55.758	463
55.809	475
55.859	473
55.909	465
55.959	467
56.009	463
56.059	456
56.110	451
56.160	432
56.210	435
56.260	427
56.310	416
56.361	416
56.411	411
56.461	407
56.512	406
56.562	397
56.612	407
56.663	411
56.713	412
56.763	420
56.813	428
56.863	435
56.914	442
56.964	439
57.014	457
57.064	463
57.114	464
57.164	472
57.215	472
57.265	475
57.315	474
57.365	459
57.416	467
57.466	462
57.517	450
57.567	447
57.617	440
57.667	431
57.717	425
57.768	410
57.818	413
57.868	408
57.918	402
57.968	404
58.018	406
58.069	407
58.119	410
58.169	408
58.219	422
58.269	428
58.320	434
58.371	446
58.421	452
58.471	460
58.521	466
58.571	459
58.622	474
58.672	477
58.722	473
58.772	475
58.822	469
58.872	466
58.923	460
58.973	442
59.023	445
59.073	436
59.123	424
59.173	421
59.225	415
59.275	409
59.325	405
59.375	396
59.425	403
59.476	404
59.526	404
59.576	412
59.626	418
59.676	424
59.726	433
59.777	433
59.827	450
59.877	457
59.927	462
59.977	471
60.027	471
60.078	479
60.129	479
60.179	470
60.229	477
60.279	472
60.330	462
60.380	458
60.430	447
60.480	440
60.530	431
60.580	414
60.631	416
60.681	409
60.731	400
60.781	402
60.831	404
60.882	401
60.932	403
60.982	401
61.033	412
61.083	420
61.133	427
61.184	437
61.234	442
61.284	455
61.334	463
61.384	461
61.434	476
61.485	477
61.535	481
61.585	481
61.635	469
61.685	474
61.736	469
61.786	455
61.836	452
61.886	444
61.937	432
61.987	425
62.038	407
62.088	410
62.138	405
62.188	396
62.238	397
62.288	398
62.339	400
62.389	403
62.439	402
62.489	417
62.539	426
62.590	429
62.640	444
62.690	452
62.740	463
62.790	470
62.841	465
62.892	481
62.942	483
62.992	478
63.042	482
63.092	476
63.143	472
63.193	463
63.243	444
63.293	447
63.343	437
63.393	422
63.444	417
63.494	410
63.544	404
63.594	399
63.644	390
63.694	397
63.746	398
63.796	396
63.846	406
63.896	414
63.946	424
63.997	433
64.047	432
64.097	452
64.147	461
64.197	465
64.247	476
64.298	479
64.348	484
64.398	485
64.448	473
64.498	480
64.548	474
64.599	463
64.650	458
64.700	447
64.750	438
64.800	429
64.851	409
64.901	411
64.951	405
65.001	396
65.051	397
65.101	396
65.152	396
65.202	400
65.252	400
65.302	412
65.352	420
65.402	428
65.453	439
65.503	447
65.554	459
65.604	467
65.654	463
65.705	480
65.755	484
65.805	481
65.855	483
65.905	476
65.955	476
66.006	467
66.056	450
66.106	449
66.156	441
66.206	428
66.256	423
66.307	413
66.357	407
66.408	401
66.458	391
66.508	396
66.559	397
66.609	396
66.659	405
66.709	411
66.759	419
66.809	428
66.860	432
66.910	447
66.960	456
67.010	464
67.060	474
67.111	474
67.161	482
67.211	483
67.261	470
67.312	480
67.362	474
67.413	467
67.463	461
67.513	452
67.563	443
67.613	433
67.663	418
67.714	415
67.764	408
67.814	400
67.864	400
67.914	403
67.965	398
68.015	403
68.065	398
68.115	412
68.165	418
68.216	422
68.267	436
68.317	441
68.367	454
68.417	462
68.467	461
68.517	474
68.568	477
68.618	480
68.668	479
68.718	468
68.768	475
68.819	468
68.869	453
68.919	453
68.969	445
69.019	436
69.069	427
69.121	415
69.171	414
69.221	407
69.271	400
69.321	403
69.371	402
69.422	403
69.472	409
69.522	405
69.572	417
69.622	424
69.673	424
69.723	442
69.773	448
69.823	457
69.873	464
69.923	458
69.974	473
70.025	476
70.075	469
70.125	476
70.175	472
70.226	469
70.276	463
70.326	446
70.376	449
70.426	441
70.476	427
70.527	426
70.577	418
70.627	414
70.677	409
70.727	400
70.777	404
70.828	404
70.878	401
70.929	410
70.979	416
71.029	423
71.080	428
71.130	427
71.180	443
71.230	451
71.280	454
71.330	465
71.381	468
71.431	473
71.481	475
71.531	465
71.581	474
71.631	470
71.682	461
71.732	461
71.782	452
71.833	447
71.883	439
71.934	424
71.984	425
72.034	419
72.084	409
72.134	410
72.184	407
72.235	406
72.285	407
72.335	402
72.385	413
72.435	418
72.485	420
72.536	430
72.586	436
72.636	445
72.686	451
72.737	449
72.788	464
72.838	469
72.888	468
72.938	473
72.988	469
73.038	471
73.089	469
73.139	454
73.189	459
73.239	451
73.289	442
73.339	438
73.390	429
73.440	426
73.490	420
73.540	409
73.590	413
73.642	409
73.692	405
73.742	409
73.792	411
73.842	415
73.892	419
73.943	417
73.993	431
74.043	438
74.093	443
74.143	451
74.194	451
74.244	463
74.294	467
74.344	461
74.394	472
74.444	472
74.495	465
74.546	466
74.596	456
74.646	458
74.696	452
74.746	436
74.797	439
74.847	431
74.897	424
74.947	420
74.997	415
75.048	413
75.098	410
75.148	402
75.198	410
75.248	412
75.298	414
75.349	421
75.399	415
75.450	431
75.500	438
75.550	436
75.600	451
75.651	457
75.701	462
75.751	467
75.801	463
75.851	472
75.902	472
75.952	463
76.002	468
76.052	463
76.102	458
76.152	453
76.203	439
76.253	439
76.304	431
76.354	418
76.404	419
76.455	414
76.505	408
76.555	408
76.605	399
76.655	409
76.705	409
76.756	407
76.806	418
76.856	423
76.906	430
76.956	438
77.006	436
77.057	452
77.107	461
77.157	458
77.208	471
77.258	470
77.309	475
77.359	474
77.409	461
77.459	469
77.509	464
77.559	452
77.610	452
77.660	444
77.710	437
77.760	429
77.810	412
77.860	416
77.911	411
77.961	402
78.011	405
78.061	404
78.112	406
78.163	409
78.213	406
78.263	417
78.313	425
78.363	429
78.413	441
78.464	447
78.514	456
78.564	462
78.614	457
78.664	473
78.714	476
78.765	475
78.815	478
78.865	473
78.915	470
78.965	465
79.017	445
79.067	449
79.117	443
79.167	428
79.217	423
79.267	416
79.318	412
79.368	406
79.418	395
79.468	401
79.518	402
79.568	400
79.619	408
79.669	414
79.719	420
79.769	429
79.819	429
79.870	446
79.921	454
79.971	460
80.021	469
80.071	471
80.121	478
80.172	480
80.222	465
80.272	479
80.322	475
80.372	468
80.423	461
80.473	451
80.523	446
80.573	435
80.623	420
80.673	419
80.724	410
80.774	402
80.825	401
80.875	401
80.925	400
80.975	402
81.026	399
81.076	408
81.126	416
81.176	421
81.226	433
81.277	443
81.327	451
81.377	460
81.427	460
81.477	475
81.527	478
81.578	477
81.628	482
81.678	471
81.729	477
81.779	471
81.829	456
81.880	457
81.930	447
81.980	436
82.030	429
82.080	419
82.131	413
82.181	407
82.231	395
82.281	399
82.331	397
82.381	397
82.432	402
82.482	399
82.532	415
82.582	422
82.633	425
82.683	439
82.734	449
82.784	457
82.834	464
82.884	463
82.934	479
82.985	481
83.035	476
83.085	482
83.135	477
83.185	472
83.235	466
83.286	444
83.336	450
83.386	440
83.436	426
83.486	423
83.538	415
83.588	408
83.638	403
83.688	392
83.738	398
83.788	398
83.839	396
83.889	406
83.939	412
83.989	419
84.039	429
84.089	426
84.140	448
84.190	457
84.240	460
84.290	471
84.340	475
84.391	482
84.442	483
84.492	468
84.542	479
84.592	475
84.642	464
84.693	461
84.743	452
84.793	443
84.843	434
84.893	416
84.943	419
84.994	410
85.044	400
85.094	400
85.144	398
85.194	398
85.245	399
85.295	398
85.346	410
85.396	417
85.446	421
85.496	435
85.547	443
85.597	453
85.647	461
85.697	457
85.747	475
85.797	479
85.848	477
85.898	481
85.948	478
85.998	477
86.048	471
86.099	452
86.149	455
86.200	447
86.250	433
86.300	429
86.350	420
86.401	414
86.451	407
86.501	394
86.551	400
86.601	400
86.651	396
86.702	404
86.752	409
86.802	417
86.852	423
86.902	424
86.953	441
87.003	448
87.053	453
87.104	464
87.154	469
87.204	476
87.255	478
87.305	468
87.355	478
87.405	475
87.455	469
87.506	465
87.556	455
87.606	450
87.656	442
87.706	426
87.756	426
87.807	418
87.857	409
87.907	407
87.957	403
88.008	402
88.058	403
88.109	399
88.159	410
88.209	415
88.259	418
88.309	429
88.360	437
88.410	443
88.460	452
88.510	452
88.560	464
88.610	468
88.661	469
88.711	476
88.761	466
88.811	474
88.861	471
88.912	458
88.963	461
89.013	452
89.063	441
89.113	439
89.163	431
89.214	424
89.264	419
89.314	407
89.364	409
89.414	407
89.464	404
89.515	407
89.565	410
89.615	413
89.665	418
89.715	418
89.765	431
89.817	438
89.867	444
89.917	452
89.967	453
90.017	464
90.068	469
90.118	462
90.168	473
90.218	472
90.268	472
90.318	468
90.369	451
90.419	456
90.469	451
90.519	438
90.569	438
90.619	430
90.670	422
90.721	419
90.771	407
90.821	409
90.871	408
90.922	402
90.972	409
91.022	409
91.072	414
91.122	420
91.172	416
91.223	433
91.273	439
91.323	441
91.373	453
91.423	459
91.474	465
91.524	469
91.574	459
91.625	473
91.675	472
91.725	465
91.776	468
91.826	461
91.876	457
91.926	450
91.976	433
92.026	435
92.077	429
92.127	418
92.177	417
92.227	412
92.277	410
92.328	407
92.378	402
92.428	408
92.478	411
92.529	410
92.579	420
92.630	425
92.680	433
92.730	441
92.780	440
92.830	454
92.880	461
92.931	460
92.981	471
93.031	470
93.081	474
93.131	473
93.182	459
93.232	468
93.282	463
93.332	453
93.382	450
93.433	441
93.484	435
93.534	428
93.584	413
93.634	415
93.684	410
93.735	404
93.785	406
93.835	405
93.885	408
93.935	411
93.985	406
94.036	421
94.086	428
94.136	432
94.186	441
94.236	449
94.286	457
94.338	464
94.388	461
94.438	475
94.488	476
94.538	474
94.589	475
94.639	468
94.689	468
94.739	462
94.789	445
94.839	447
94.890	438
94.940	430
94.990	424
95.040	418
95.090	411
95.140	407
95.191	397
95.242	403
95.292	403
95.342	404
95.392	410
95.443	417
95.493	423
95.543	430
95.593	432
95.643	448
95.693	456
95.744	462
95.794	468
95.844	466
95.894	477
95.944	479
95.994	471
96.045	476
96.095	471
96.146	466
96.196	459
96.246	447
96.297	444
96.347	435
96.397	421
96.447	419
96.497	412
96.547	405
96.598	402
96.648	399
96.698	399
96.748	403
96.798	400
96.848	412
96.899	418
96.949	425
97.000	435
97.050	439
97.100	453
97.151	461
97.201	462
97.251	475
97.301	478
97.351	481
97.401	482
97.452	467
97.502	476
97.552	471
97.602	457
97.652	457
97.703	444
97.753	436
97.803	428
97.853	411
97.904	414
97.954	406
98.005	394
98.055	399
98.105	398
98.155	400
98.205	403
98.255	400
98.306	415
98.356	423
98.406	426
98.456	443
98.506	451
98.557	460
98.607	468
98.657	465
98.707	480
98.757	483
98.808	477
98.859	483
98.909	478
98.959	474
99.009	467
99.059	449
99.109	449
99.160	439
99.210	424
99.260	420
99.310	412
99.360	404
99.411	400
99.461	388
99.511	395
99.561	395
99.611	396
99.661	404
99.713	411
99.763	421
99.813	430
99.863	430
99.913	450
99.963	459
100.014	464
100.064	476
100.114	480
100.164	485
100.214	486
100.265	475
100.315	483
100.365	475
100.415	467
100.465	461
100.515	450
100.566	440
100.617	431
100.667	413
100.717	412
100.767	404
100.818	394
100.868	395
100.918	394
100.968	394
101.018	397
101.068	396
101.119	410
101.169	418
101.219	425
101.269	438
101.319	447
101.369	460
101.420	469
101.470	467
101.521	482
101.571	486
101.621	486
101.672	488
101.722	481
101.772	479
101.822	471
101.872	454
101.922	453
101.973	443
102.023	428
102.073	421
102.123	415
102.173	404
102.223	397
102.274	388
102.324	391
102.374	392
102.425	392
102.475	402
102.526	410
102.576	418
102.626	428
102.676	429
102.726	449
102.776	459
102.827	468
102.877	478
102.927	474
102.977	488
103.027	490
103.077	481
103.128	485
103.178	480
103.228	471
103.278	464
103.329	447
103.380	442
103.430	429
103.480	413
103.530	410
103.580	403
103.630	394
103.681	391
103.731	383
103.781	391
103.831	394
103.881	394
103.931	408
103.982	418
104.032	427
104.082	439
104.132	440
104.182	460
104.234	470
104.284	472
104.334	485
104.384	487
104.434	490
104.484	489
104.535	474
104.585	480
104.635	472
104.685	457
104.735	453
104.786	440
104.836	431
104.886	419
104.936	402
104.986	403
105.036	396
105.087	386
105.138	390
105.188	391
105.238	393
105.288	400
105.338	401
105.389	418
105.439	427
105.489	433
105.539	452
105.589	460
105.640	471
105.690	479
105.740	475
105.790	490
105.840	491
105.890	486
105.941	487
105.991	480
106.042	473
106.092	463
106.142	442
106.192	441
106.243	429
106.293	414
106.343	408
106.393	401
106.443	394
106.494	390
106.544	384
106.594	389
106.644	393
106.694	394
106.744	407
106.795	416
106.845	428
106.896	439
106.946	443
106.996	462
107.047	472
107.097	478
107.147	488
107.197	490
107.247	492
107.297	491
107.348	476
107.398	481
107.448	473
107.498	461
107.548	453
107.598	438
107.649	428
107.699	418
107.749	400
107.800	398
107.850	392
107.901	384
107.951	388
108.001	389
108.051	393
108.101	399
108.151	400
108.202	417
108.252	428
108.302	437
108.352	452
108.402	461
108.452	474
108.503	482
108.553	478
108.603	492
108.653	492
108.704	490
108.755	487
108.805	477
108.855	473
108.905	463
108.955	443
109.005	439
109.056	427
109.106	412
109.156	407
109.206	399
109.256	393
109.306	389
109.357	384
109.407	389
109.457	393
109.507	396
109.557	408
109.609	419
109.659	428
109.709	441
109.759	445
109.809	464
109.859	473
109.910	479
109.960	489
110.010	482
110.060	494
110.110	492
110.160	479
110.211	481
110.261	471
110.311	461
110.361	450
110.411	434
110.462	425
110.513	414
110.563	400
110.613	397
110.663	391
110.713	386
110.764	386
110.814	383
110.864	393
110.914	401
110.964	402
111.015	419
111.065	431
111.115	444
111.165	455
111.215	455
111.265	477
111.316	483
111.366	484
111.417	494
111.467	491
111.517	492
111.567	487
111.618	468
111.668	471
111.718	460
111.768	441
111.818	436
111.869	424
111.919	413
111.969	403
112.019	387
112.069	389
112.119	386
112.170	381
112.220	388
112.270	394
112.321	401
112.371	412
112.421	409
112.472	434
112.522	445
112.572	452
112.622	470
112.672	479
112.723	488
112.773	494
112.823	484
112.873	496
112.923	493
112.973	483
113.024	481
113.074	468
113.124	460
113.174	446
113.225	424
113.275	419
113.326	409
113.376	394
113.426	391
113.476	386
113.526	383
113.577	383
113.627	381
113.677	392
113.727	400
113.777	408
113.827	424
113.878	435
113.928	449
113.978	463
114.028	464
114.078	485
114.130	493
114.180	493
114.230	499
114.280	498
114.330	496
114.380	488
114.431	469
114.481	468
114.531	456
114.581	439
114.631	428
114.681	414
114.732	403
114.782	393
114.832	378
114.882	380
114.932	377
114.983	374
115.034	384
115.084	391
115.134	400
115.184	413
115.234	420
115.285	442
115.335	456
115.385	467
115.435	482
115.485	487
115.535	499
115.586	504
115.636	495
115.686	503
115.736	496
115.786	487
115.837	477
115.887	460
115.938	449
115.988	434
116.038	412
116.088	405
116.139	393
116.189	380
116.239	377
116.289	374
116.339	374
116.389	377
116.440	377
116.490	393
116.540	404
116.590	416
116.640	435
116.691	445
116.741	466
116.792	478
116.842	483
116.892	499
116.942	506
116.993	509
117.043	508
117.093	492
117.143	497
117.193	486
117.243	465
117.294	458
117.344	442
117.394	424
117.444	410
117.494	399
117.545	384
117.595	375
117.645	364
117.696	367
117.746	369
117.796	372
117.847	383
117.897	397
117.947	410
117.997	426
118.047	438
118.098	460
118.148	473
118.198	489
118.248	501
118.298	495
118.348	514
118.399	513
118.449	504
118.499	505
118.549	495
118.600	482
118.650	465
118.701	437
118.751	430
118.801	415
118.851	394
118.901	386
118.952	375
119.002	367
119.052	364
119.102	359
119.152	369
119.202	376
119.253	384
119.303	401
119.353	417
119.403	435
119.453	453
119.504	458
119.555	486
119.605	499
119.655	502
119.705	516
119.755	516
119.806	516
119.856	510
119.906	486
119.956	490
120.006	473
120.056	452
120.107	438
120.157	421
120.207	404
120.257	388
120.307	369
120.357	367
120.409	362
120.459	354
120.509	363
120.559	371
120.609	382
120.660	393
120.710	402
120.760	429
120.810	446
120.860	461
120.910	482
120.961	494
121.011	508
121.061	516
121.111	508
121.161	520
121.211	516
121.262	504
121.313	496
121.363	479
121.413	464
121.463	446
121.514	419
121.564	410
121.614	392
121.664	375
121.714	368
121.764	363
121.815	358
121.865	361
121.915	362
121.965	375
122.015	387
122.066	400
122.116	421
122.166	438
122.217	459
122.267	477
122.317	482
122.368	506
122.418	516
122.468	521
122.518	524
122.568	515
122.618	514
122.669	501
122.719	478
122.769	471
122.819	453
122.869	431
122.920	414
122.970	399
123.020	381
123.070	369
123.121	356
123.171	356
123.222	356
123.272	356
123.322	369
123.372	389
123.422	397
123.472	415
123.523	428
123.573	453
123.623	471
123.673	490
123.723	505
123.774	502
123.824	524
123.874	522
123.924	516
123.974	518
124.025	507
124.076	496
124.126	478
124.176	447
124.226	440
124.276	419
124.327	392
124.377	385
124.427	371
124.477	358
124.527	354
124.577	351
124.628	356
124.678	364
124.728	369
124.778	390
124.828	407
124.878	426
124.930	447
124.980	455
125.030	485
125.080	501
125.130	507
125.181	523
125.231	526
125.281	528
125.331	523
125.381	498
125.431	501
125.482	484
125.532	461
125.582	447
125.632	426
125.682	405
125.732	390
125.783	368
125.834	362
125.884	355
125.934	348
125.984	353
126.035	359
126.085	369
126.135	384
126.185	393
126.235	419
126.285	441
126.336	455
126.386	481
126.436	495
126.486	511
126.536	523
126.586	514
126.637	530
126.687	526
126.738	513
126.788	506
126.838	489
126.889	473
126.939	453
126.989	422
127.039	412
127.089	393
127.139	373
127.190	365
127.240	357
127.290	351
127.340	352
127.390	350
127.440	365
127.491	378
127.541	392
127.592	414
127.642	432
127.692	456
127.743	476
127.793	483
127.843	508
127.893	519
127.943	522
127.993	531
128.044	525
128.094	521
128.144	511
128.194	485
128.244	479
128.295	458
128.345	436
128.395	418
128.445	399
128.496	382
128.546	367
128.597	352
128.647	351
128.697	350
128.747	348
128.797	361
128.847	374
128.898	389
128.948	407
128.998	419
129.048	448
129.098	468
129.149	484
129.199	503
129.249	510
129.299	525
129.349	530
129.400	518
129.451	524
129.501	515
129.551	500
129.601	485
129.651	464
129.701	445
129.752	425
129.802	398
129.852	386
129.902	373
129.952	357
130.003	353
130.053	353
130.103	353
130.153	358
130.203	365
130.253	384
130.305	401
130.355	418
130.405	440
130.455	460
130.505	481
130.555	497
130.606	502
130.656	522
130.706	526
130.756	526
130.806	526
130.857	503
130.907	505
130.957	490
131.007	464
131.057	453
131.107	430
131.158	410
131.209	393
131.259	383
131.309	364
131.359	356
131.410	347
131.460	353
131.510	358
131.560	364
131.610	379
131.660	398
131.711	414
131.761	435
131.811	448
131.861	475
131.911	489
131.961	505
132.012	517
132.062	508
132.113	527
132.163	525
132.213	512
132.264	509
132.314	494
132.364	478
132.414	459
132.464	429
132.514	420
132.565	401
132.615	378
132.665	370
132.715	362
132.765	355
132.815	354
132.866	352
132.916	364
132.966	375
133.017	385
133.067	408
133.118	425
133.168	447
133.218	467
133.268	472
133.318	501
133.368	512
133.419	513
133.469	524
133.519	523
133.569	521
133.619	511
133.669	486
133.720	485
133.770	465
133.820	440
133.870	425
133.921	407
133.972	391
134.022	377
134.072	360
134.122	359
134.172	355
134.222	353
134.273	363
134.323	373
134.373	385
134.423	402
134.473	412
134.523	439
134.574	458
134.624	472
134.674	493
134.724	502
134.774	517
134.826	523
134.876	509
134.926	521
134.976	513
135.026	501
135.076	488
135.127	469
135.177	452
135.227	435
135.277	408
135.327	399
135.378	384
135.428	368
135.478	363
135.528	359
135.578	359
135.628	361
135.679	366
135.730	382
135.780	398
135.830	410
135.880	432
135.930	449
135.981	469
136.031	484
136.081	489
136.131	511
136.181	517
136.232	519
136.282	520
136.332	508
136.382	505
136.432	493
136.482	467
136.533	461
136.583	442
136.634	420
136.684	407
136.734	393
136.784	379
136.835	369
136.885	358
136.935	362
136.985	363
137.035	365
137.086	379
137.136	393
137.186	408
137.236	424
137.286	434
137.336	460
137.387	476
137.437	488
137.488	502
137.538	506
137.588	516
137.639	517
137.689	505
137.739	506
137.789	494
137.839	481
137.889	466
137.940	446
137.990	433
138.040	417
138.090	396
138.140	388
138.190	378
138.241	368
138.291	368
138.341	377
138.392	371
138.442	379
138.493	384
138.543	403
138.593	418
138.643	432
138.693	450
138.743	459
138.794	481
138.844	492
138.894	493
138.944	507
138.994	508
139.044	510
139.095	505
139.145	485
139.195	485
139.245	472
139.296	452
139.347	443
139.397	427
139.447	411
139.497	400
139.547	383
139.597	381
139.648	374
139.698	370
139.748	376
139.798	381
139.848	390
139.898	400
139.949	404
139.999	426
140.049	441
140.099	448
140.149	469
140.201	479
140.251	490
140.301	498
140.351	488
140.401	502
140.451	499
140.502	488
140.552	487
140.602	475
140.652	464
140.702	452
140.752	429
140.803	424
140.853	413
140.903	396
140.953	392
141.003	386
141.054	384
141.105	384
141.155	378
141.205	391
141.255	399
141.305	404
141.356	420
141.406	433
141.456	444
141.506	457
141.556	459
141.607	478
141.657	484
141.707	488
141.757	493
141.807	491
141.857	491
141.908	485
141.958	468
142.009	468
142.059	457
142.109	442
142.159	434
142.210	422
142.260	413
142.310	404
142.360	390
142.410	393
142.461	390
142.511	388
142.561	395
142.611	399
142.661	406
142.711	415
142.762	416
142.812	435
142.862	446
142.913	453
142.963	466
143.013	472
143.064	480
143.114	485
143.164	475
143.214	485
143.264	481
143.315	476
143.365	471
143.415	462
143.465	454
143.515	445
143.565	425
143.616	424
143.666	418
143.716	406
143.766	403
143.817	399
143.867	398
143.918	398
143.968	395
144.018	405
144.068	410
144.118	416
144.169	427
144.219	433
144.269	445
144.319	453
144.369	454
144.419	469
144.470	473
144.520	476
144.570	479
144.620	471
144.670	478
144.722	474
144.772	462
144.822	462
144.872	453
144.922	444
144.972	436
145.023	426
145.073	421
145.123	414
145.173	404
145.223	406
145.273	405
145.324	401
145.374	405
145.424	407
145.474	413
145.524	419
145.575	417
145.626	435
145.676	441
145.726	448
145.776	456
145.826	455
145.877	468
145.927	472
145.977	467
146.027	475
146.077	473
146.127	471
146.178	467
146.228	449
146.278	456
146.328	449
146.378	436
146.429	434
146.479	427
146.530	421
146.580	416
146.630	407
146.680	409
146.731	407
146.781	401
146.831	409
146.881	413
146.931	416
146.981	422
147.032	420
147.082	436
147.132	443
147.182	443
147.232	456
147.283	462
147.333	466
147.384	471
147.434	462
147.484	472
147.534	471
147.585	464
147.635	465
147.685	459
147.735	454
147.785	448
147.835	431
147.886	435
147.936	427
147.986	417
148.036	417
148.086	413
148.137	410
148.187	409
148.237	402
148.288	411
148.338	414
148.388	412
148.439	425
148.489	428
148.539	437
148.589	443
148.639	440
148.690	458
148.740	462
148.790	464
148.840	470
148.890	471
148.940	473
148.991	471
149.041	459
149.091	465
149.141	459
149.192	451
149.242	449
149.293	439
149.343	435
149.393	427
149.443	413
149.493	416
149.544	411
149.594	404
149.644	408
149.694	407
149.744	410
149.794	413
149.845	412
149.895	423
149.945	430
149.995	433
150.045	444
150.096	450
150.147	458
150.197	464
150.247	459
150.297	471
150.347	474
150.398	472
150.448	474
150.498	466
150.548	467
150.598	461
150.648	445
150.699	447
150.749	439
150.799	428
150.849	424
150.899	418
150.949	413
151.001	409
151.051	400
151.101	406
151.151	405
151.201	406
151.252	413
151.302	417
151.352	422
151.402	431
151.452	432
151.502	447
151.553	455
151.603	460
151.653	469
151.703	465
151.753	476
151.803	478
151.854	470
151.905	476
151.955	471
152.005	462
152.055	460
152.106	447
152.156	444
152.206	435
152.256	420
152.306	420
152.356	412
152.407	405
152.457	403
152.507	403
152.557	402
152.607	403
152.658	401
152.708	412
152.758	417
152.809	426
152.859	436
152.909	439
152.960	453
153.010	462
153.060	462
153.110	474
153.160	478
153.210	479
153.261	482
153.311	467
153.361	477
153.411	471
153.461	458
153.512	456
153.562	447
153.612	438
153.662	429
153.713	412
153.763	413
153.814	406
153.864	397
153.914	400
153.964	398
154.014	400
154.064	403
154.115	401
154.165	415
154.215	423
154.265	426
154.315	441
154.366	449
154.416	459
154.466	468
154.516	463
154.566	479
154.617	483
154.668	478
154.718	482
154.768	478
154.818	474
154.868	468
154.919	450
154.969	452
155.019	440
155.069	425
155.119	423
155.169	414
155.220	407
155.270	403
155.320	392
155.370	397
155.420	397
155.470	396
155.522	405
155.572	412
155.622	420
155.672	430
155.722	431
155.773	449
155.823	460
155.873	464
155.923	475
155.973	478
156.023	484
156.074	486
156.124	471
156.174	482
156.224	476
156.274	466
156.324	462
156.375	451
156.426	442
156.476	432
156.526	416
156.576	414
156.627	406
156.677	397
156.727	398
156.777	395
156.827	396
156.877	395
156.928	398
156.978	410
157.028	419
157.078	425
157.128	438
157.178	445
157.229	459
157.279	467
157.330	462
157.380	481
157.430	484
157.481	484
157.531	485
157.581	478
157.631	478
157.681	472
157.731	454
157.782	454
157.832	443
157.882	432
157.932	424
157.982	417
158.032	406
158.083	401
158.133	392
158.184	394
158.234	395
158.284	395
158.335	402
158.385	411
158.435	417
158.485	425
158.535	430
158.585	446
158.636	455
158.686	462
158.736	474
158.786	471
158.836	483
158.887	487
158.937	478
158.987	484
159.037	478
159.088	472
159.138	464
159.189	449
159.239	445
159.289	435
159.339	418
159.389	416
159.439	407
159.490	400
159.540	397
159.590	397
159.640	394
159.690	397
159.741	395
159.791	408
159.841	415
159.891	424
159.941	435
159.992	439
160.043	456
160.093	466
160.143	465
160.193	480
160.243	485
160.293	487
160.344	487
160.394	475
160.444	481
160.494	474
160.544	459
160.595	456
160.645	445
160.695	436
160.745	426
160.795	406
160.845	407
160.897	400
160.947	389
160.997	393
161.047	394
161.097	396
161.147	400
161.198	400
161.248	414
161.298	424
161.348	428
161.398	445
161.449	455
161.499	465
161.549	474
161.599	470
161.649	486
161.699	489
161.750	482
161.801	488
161.851	479
161.901	476
161.951	466
162.002	448
162.052	448
162.102	436
162.152	420
162.202	414
162.252	406
162.303	400
162.353	395
162.403	386
162.453	392
162.503	395
162.553	394
162.604	405
162.654	413
162.705	422
162.755	433
162.805	436
162.856	456
162.906	466
162.956	470
163.006	482
163.056	485
163.106	490
163.157	490
163.207	477
163.257	484
163.307	477
163.357	464
163.407	458
163.458	445
163.508	436
163.558	425
163.609	408
163.659	406
163.710	397
163.760	390
163.810	391
163.860	392
163.910	393
163.960	396
164.011	400
164.061	412
164.111	422
164.161	430
164.211	444
164.261	455
164.312	468
164.362	477
164.412	474
164.462	487
164.513	491
164.564	490
164.614	489
164.664	480
164.714	477
164.764	468
164.814	450
164.865	447
164.915	435
164.965	421
165.015	414
165.065	406
165.115	397
165.166	392
165.216	384
165.266	390
165.316	391
165.366	389
165.418	403
165.468	413
165.518	423
165.568	434
165.618	436
165.668	458
165.719	468
165.769	477
165.819	485
165.869	479
165.919	492
165.970	491
166.020	482
166.070	484
166.120	477
166.170	468
166.220	458
166.271	442
166.322	433
166.372	422
166.422	406
166.472	403
166.522	396
166.573	388
166.623	388
166.673	383
166.723	391
166.773	396
166.824	397
166.874	413
166.924	423
166.974	435
167.024	447
167.074	449
167.125	470
167.175	478
167.226	480
167.276	491
167.326	493
167.376	494
167.427	491
167.477	475
167.527	477
167.577	468
167.627	450
167.678	445
167.728	431
167.778	420
167.828	411
167.878	392
167.928	393
167.979	389
168.029	381
168.080	388
168.130	391
168.180	396
168.231	404
168.281	406
168.331	425
168.381	437
168.431	444
168.481	461
168.532	471
168.582	482
168.632	488
168.682	481
168.732	495
168.782	493
168.833	485
168.883	486
168.933	475
168.984	466
169.034	454
169.085	432
169.135	432
169.185	419
169.235	404
169.285	399
169.335	393
169.386	388
169.436	387
169.486	379
169.536	390
169.586	395
169.636	402
169.687	414
169.737	425
169.787	440
169.837	451
169.888	452
169.939	474
169.989	483
170.039	485
170.089	494
170.139	493
170.189	495
170.240	491
170.290	471
170.340	476
170.390	466
170.440	450
170.490	442
170.541	428
170.591	418
170.641	407
170.691	391
170.741	391
170.793	386
170.843	380
170.893	387
170.943	390
170.993	397
171.043	405
171.094	409
171.144	428
171.194	441
171.244	450
171.294	463
171.344	471
171.395	484
171.445	490
171.495	487
171.545	496
171.595	494
171.646	488
171.697	483
171.747	471
171.797	464
171.847	452
171.897	430
171.948	428
171.998	416
172.048	403
172.098	397
172.148	395
172.199	387
172.249	387
172.299	384
172.349	392
172.399	399
172.449	402
172.500	417
172.550	428
172.601	441
172.651	454
172.701	458
172.751	477
172.802	484
172.852	490
172.902	494
172.952	485
173.002	494
173.053	489
173.103	475
173.153	472
173.203	463
173.253	448
173.303	438
173.354	423
173.404	414
173.454	404
173.505	389
173.555	390
173.605	386
173.656	384
173.706	388
173.756	395
173.806	399
173.856	409
173.907	414
173.957	432
174.007	443
174.057	456
174.107	467
174.157	467
174.208	487
174.258	493
174.308	490
174.358	495
174.409	491
174.459	488
174.510	481
174.560	459
174.610	461
174.660	448
174.710	432
174.761	423
174.811	411
174.861	401
174.911	394
174.961	382
175.011	386
175.062	385
175.112	384
175.162	394
175.212	401
175.262	411
175.314	422
175.364	426
175.414	446
175.464	459
175.514	465
175.564	480
175.615	486
175.665	493
175.715	495
175.765	484
175.815	492
175.865	487
175.916	473
175.966	470
176.016	456
176.066	444
176.116	434
176.167	414
176.218	410
176.268	400
176.318	388
176.368	388
176.418	386
176.469	387
176.519	389
176.569	388
176.619	403
176.669	413
176.719	420
176.770	436
176.820	447
176.870	461
176.920	472
176.970	471
177.021	489
177.071	493
177.122	492
177.172	495
177.222	490
177.272	486
177.323	478
177.373	458
177.423	456
177.473	444
177.523	428
177.573	419
177.624	407
177.674	400
177.724	393
177.774	381
177.824	388
177.875	387
177.925	386
177.976	396
178.026	404
178.076	415
178.126	426
178.177	430
178.227	450
178.277	461
178.327	469
178.377	484
178.427	485
178.478	493
178.528	496
178.578	483
178.628	491
178.678	484
178.729	474
178.779	466
178.829	452
178.880	442
178.930	430
178.980	412
179.031	407
179.081	400
179.131	390
179.181	389
179.231	388
179.282	387
179.332	392
179.382	392
179.432	405
179.482	415
179.532	424
179.583	439
179.633	447
179.683	463
179.733	474
179.784	474
179.834	488
179.885	492
179.935	491
179.985	494
180.035	479
180.085	482
180.136	474
180.186	457
180.236	453
180.286	441
180.336	428
180.386	418
180.437	407
180.487	399
180.537	393
180.587	384
180.637	388
180.688	389
180.739	390
180.789	399
180.839	407
180.889	417
180.939	428
180.990	434
181.040	452
181.090	463
181.140	473
181.190	481
181.240	479
181.291	492
181.341	493
181.391	483
181.441	488
181.491	481
181.541	473
181.593	463
181.643	443
181.693	440
181.743	428
181.793	411
181.844	407
181.894	399
181.944	394
181.994	389
182.044	381
182.094	390
182.145	394
182.195	394
182.245	409
182.295	418
182.345	429
182.395	441
182.446	443
182.497	464
182.547	473
182.597	476
182.647	488
182.698	489
182.748	492
182.798	492
182.848	475
182.898	481
182.948	473
182.999	456
183.049	452
183.099	437
183.149	427
183.199	417
183.250	402
183.300	401
183.350	395
183.401	387
183.451	389
183.501	393
183.552	395
183.602	402
183.652	404
183.702	420
183.752	432
183.802	438
183.853	453
183.903	462
183.953	473
184.003	481
184.053	473
184.104	490
184.154	490
184.204	486
184.254	485
184.305	476
184.355	471
184.406	460
184.456	442
184.506	440
184.556	427
184.606	416
184.656	410
184.707	402
184.757	396
184.807	391
184.857	387
184.907	393
184.958	397
185.008	397
185.058	410
185.108	418
185.158	430
185.209	443
185.260	443
185.310	464
185.360	473
185.410	479
185.460	483
185.511	485
185.561	489
185.611	487
185.661	475
185.711	478
185.761	469
185.812	458
185.862	450
185.912	437
185.962	429
186.012	419
186.062	402
186.114	403
186.164	399
186.214	392
186.264	394
186.314	399
186.365	398
186.415	405
186.465	405
186.515	421
186.565	429
186.615	440
186.666	452
186.716	453
186.766	470
186.816	477
186.866	475
186.916	487
186.967	487
187.018	485
187.068	482
187.118	469
187.168	470
187.219	460
187.269	444
187.319	441
187.369	430
187.419	420
187.469	412
187.520	399
187.570	400
187.620	396
187.670	390
187.720	396
187.770	399
187.821	404
187.871	412
187.922	415
187.972	430
188.022	439
188.073	442
188.123	458
188.173	467
188.223	476
188.273	483
188.323	471
188.374	487
188.424	485
188.474	477
188.524	477
188.574	468
188.624	462
188.675	451
188.725	433
188.776	431
188.826	423
188.876	408
188.927	407
188.977	400
189.027	398
189.077	396
189.127	389
189.177	400
189.228	404
189.278	406
189.328	419
189.378	433
189.428	438
189.479	448
189.529	446
189.579	467
189.629	474
189.680	474
189.730	484
189.781	484
189.831	486
189.881	482
189.931	467
189.981	471
190.031	463
190.082	448
190.132	444
190.182	435
190.232	424
190.282	414
190.333	402
190.383	402
190.433	397
190.483	390
190.533	398
190.584	399
190.635	402
190.685	407
190.735	410
190.785	426
190.835	438
190.885	442
190.936	456
190.986	464
191.036	473
191.086	479
191.136	473
191.187	486
191.237	486
191.287	480
191.337	479
191.387	470
191.437	465
191.489	456
191.539	436
191.589	437
191.639	427
191.689	412
191.739	408
191.790	403
191.840	398
191.890	396
191.940	389
191.990	398
192.041	401
192.091	404
192.141	414
192.191	424
192.241	435
192.291	446
192.342	446
192.393	464
192.443	472
192.493	476
192.543	484
192.594	482
192.644	487
192.694	485
192.744	472
192.794	474
192.844	466
192.895	454
192.945	447
192.995	435
193.045	426
193.095	417
193.145	401
193.196	402
193.246	397
193.297	390
193.347	394
193.397	399
193.448	400
193.498	406
193.548	406
193.598	424
193.648	432
193.698	439
193.749	454
193.799	459
193.849	473
193.899	479
193.949	478
193.999	489
194.050	488
194.100	485
194.150	483
194.201	466
194.251	469
194.302	458
194.352	441
194.402	437
194.452	426
194.502	416
194.552	407
194.603	399
194.653	395
194.703	392
194.753	386
194.803	394
194.853	398
194.904	404
194.954	412
195.004	415
195.054	433
195.105	445
195.156	449
195.206	465
195.256	472
195.306	481
195.356	486
195.406	480
195.457	490
195.507	488
195.557	477
195.607	477
195.657	467
195.707	457
195.758	448
195.808	426
195.858	426
195.908	414
195.958	402
196.010	399
196.060	393
196.110	391
196.160	390
196.210	385
196.260	397
196.311	403
196.361	407
196.411	422
196.461	433
196.511	445
196.562	456
196.612	456
196.662	477
196.712	483
196.762	484
196.812	492
196.863	490
196.914	491
196.964	485
197.014	464
197.064	468
197.114	458
197.165	441
197.215	435
197.265	422
197.315	412
197.365	404
197.416	389
197.466	391
197.516	387
197.566	384
197.616	392
197.666	395
197.717	403
197.767	411
197.818	413
197.868	434
197.918	446
197.968	453
198.019	469
198.069	476
198.119	486
198.169	491
198.219	483
198.270	494
198.320	491
198.370	482
198.420	478
198.470	467
198.520	458
198.571	446
198.621	422
198.672	420
198.722	411
198.772	396
198.823	393
198.873	390
198.923	384
198.973	387
199.023	380
199.073	394
199.124	402
199.174	409
199.224	426
199.274	435
199.324	448
199.374	461
199.425	463
199.475	481
199.525	490
199.576	491
199.626	495
199.677	492
199.727	492
199.777	486
199.827	467
199.877	468
199.927	455
199.978	440
200.028	431
200.078	419
200.128	408
200.178	398
200.228	384
200.279	386
200.329	383
200.379	381
200.429	389
200.480	397
200.531	403
200.581	413
200.631	418
200.681	438
200.731	450
200.781	461
200.832	474
200.882	475
200.932	491
200.982	494
201.032	487
201.082	498
201.133	491
201.183	485
201.233	477
201.283	458
201.333	454
201.385	441
201.435	421
201.485	415
201.535	404
201.585	393
201.635	388
201.686	383
201.736	382
201.786	384
201.836	384
201.886	395
201.936	403
201.987	414
202.037	429
202.087	435
202.137	454
202.187	467
202.238	472
202.289	488
202.339	493
202.389	498
202.439	500
202.489	487
202.540	492
202.590	485
202.640	469
202.690	464
202.740	451
202.791	439
202.841	423
202.891	400
202.941	401
202.991	392
203.041	380
203.092	382
203.142	380
203.193	383
203.243	388
203.293	389
203.343	406
203.394	418
203.444	426
203.494	445
203.544	457
203.594	471
203.645	482
203.695	479
203.745	497
203.795	500
203.845	497
203.895	498
203.946	491
203.996	484
204.046	473
204.097	450
204.147	446
204.197	434
204.248	416
204.298	409
204.348	398
204.398	389
204.448	384
204.499	376
204.549	380
204.599	384
204.649	384
204.699	398
204.749	408
204.800	421
204.850	432
204.900	439
204.950	461
205.001	474
205.051	480
205.102	493
205.152	496
205.202	501
205.252	501
205.302	487
205.353	491
205.403	481
205.453	466
205.503	459
205.553	442
205.603	432
205.654	418
205.704	398
205.754	396
205.804	387
205.854	378
205.906	381
205.956	382
206.006	384
206.056	393
206.106	393
206.156	412
206.207	425
206.257	435
206.307	452
206.357	463
206.407	478
206.457	487
206.508	485
206.558	499
206.608	500
206.658	499
206.708	496
206.759	484
206.810	479
206.860	467
206.910	446
206.960	439
207.010	426
207.061	410
207.111	402
207.161	396
207.211	385
207.261	381
207.311	373
207.362	381
207.412	387
207.462	386
207.512	405
207.562	415
207.613	431
207.663	443
207.714	448
207.764	470
207.814	481
207.864	489
207.915	498
207.965	490
208.015	501
208.065	498
208.115	485
208.165	484
208.216	475
208.266	462
208.316	449
208.366	431
208.416	422
208.467	409
208.517	393
208.568	389
208.618	383
208.668	378
208.718	380
208.769	383
208.819	388
208.869	397
208.919	402
208.969	420
209.019	433
209.070	448
209.120	462
209.170	463
209.220	483
209.270	492
209.321	490
209.371	502
209.421	500
209.472	497
209.522	492
209.572	471
209.623	472
209.673	458
209.723	438
209.773	433
209.823	416
209.874	407
209.924	397
209.974	379
210.024	383
210.074	381
210.124	376
210.175	384
210.225	391
210.275	400
210.325	411
210.376	416
210.426	437
210.477	451
210.527	457
210.577	476
210.627	484
210.677	493
210.728	498
210.778	489
210.828	499
210.878	494
210.928	481
210.978	480
211.029	467
211.079	454
211.129	443
211.179	419
211.229	416
211.280	404
211.331	392
211.381	388
211.431	383
211.481	384
211.531	383
211.582	384
211.632	395
211.682	404
211.732	410
211.782	427
211.832	439
211.883	453
211.933	464
211.983	466
212.033	486
212.083	492
212.133	492
212.185	497
212.235	493
212.285	492
212.335	484
212.385	462
212.436	464
212.486	452
212.536	434
212.586	427
212.636	415
212.686	405
212.737	396
212.787	384
212.837	386
212.887	386
212.937	384
212.987	392
213.038	399
213.089	407
213.139	418
213.189	419
213.239	442
213.290	453
213.340	462
213.390	476
213.440	481
213.490	490
213.540	494
213.591	484
213.641	490
213.691	486
213.741	480
213.791	472
213.842	458
213.892	449
213.942	438
213.993	419
214.043	415
214.093	406
214.144	396
214.194	392
214.244	393
214.294	388
214.344	390
214.394	389
214.445	401
214.495	410
214.545	414
214.595	431
214.645	439
214.696	453
214.746	465
214.796	467
214.846	483
214.897	486
214.947	490
214.998	493
215.048	478
215.098	484
215.148	479
215.198	461
215.248	460
215.299	448
215.349	436
215.399	428
215.449	415
215.499	409
215.550	400
215.600	390
215.650	392
215.700	391
215.750	392
215.801	398
215.852	399
215.902	412
215.952	421
216.002	426
216.052	443
216.103	452
216.153	464
216.203	473
216.253	468
216.303	485
216.353	488
216.404	483
216.454	486
216.504	481
216.554	476
216.604	469
216.654	448
216.706	448
216.756	439
216.806	422
216.856	418
216.906	409
216.957	401
217.007	397
217.057	390
217.107	393
217.157	396
217.207	393
217.258	405
217.308	413
217.358	422
217.408	431
217.458	432
217.508	453
217.559	462
217.610	466
217.660	478
217.710	481
217.760	486
217.811	487
217.861	473
217.911	481
217.961	475
218.011	464
218.061	459
218.112	448
218.162	439
218.212	429
218.262	412
218.312	412
218.362	404
218.413	394
218.463	394
218.514	396
218.564	397
218.614	400
218.665	398
218.715	413
218.765	421
218.815	426
218.865	442
218.915	447
218.966	461
219.016	469
219.066	466
219.116	481
219.166	484
219.216	484
219.267	486
219.317	478
219.368	476
219.418	469
219.468	450
219.519	451
219.569	440
219.619	426
219.669	421
219.719	412
219.769	405
219.820	400
219.870	389
219.920	395
219.970	396
220.020	396
220.071	405
220.121	412
220.171	421
220.221	430
220.272	430
220.322	449
220.373	459
220.423	466
220.473	475
220.523	478
220.573	485
220.623	486
220.674	477
220.724	483
220.774	477
220.824	468
220.874	463
220.925	447
220.975	443
221.025	432
221.075	414
221.125	413
221.176	406
221.227	396
221.277	396
221.327	395
221.377	395
221.427	398
221.477	396
221.528	410
221.578	418
221.628	425
221.678	438
221.728	445
221.779	459
221.829	468
221.879	468
221.929	481
221.979	485
222.029	486
222.081	486
222.131	476
222.181	479
222.231	471
222.281	457
222.331	454
222.382	442
222.432	432
222.482	422
222.532	413
222.582	405
222.633	399
222.683	392
222.733	394
222.783	393
222.833	396
222.883	402
222.934	407
222.985	417
223.035	427
223.085	430
223.135	449
223.186	458
223.236	468
223.286	477
223.336	471
223.386	487
223.436	489
223.487	481
223.537	485
223.587	479
223.637	473
223.687	464
223.737	443
223.788	444
223.838	433
223.889	418
223.939	413
223.989	405
224.040	398
224.090	394
224.140	384
224.190	393
224.240	395
224.290	396
224.341	408
224.391	417
224.441	426
224.491	438
224.541	439
224.591	460
224.642	468
224.692	471
224.742	483
224.793	486
224.843	490
224.894	489
224.944	474
224.994	481
225.044	474
225.094	459
225.144	455
225.195	443
225.245	433
225.295	422
225.345	405
225.395	404
225.445	397
225.496	390
225.546	390
225.596	393
225.646	395
225.697	402
225.748	401
225.798	415
225.848	427
225.898	434
225.948	448
225.998	456
226.049	468
226.099	476
226.149	473
226.199	488
226.249	488
226.299	486
226.350	487
226.400	477
226.450	475
226.500	465
226.550	446
226.602	445
226.652	433
226.702	419
226.752	414
226.802	405
226.852	399
226.903	395
226.953	387
227.003	393
227.053	396
227.103	398
227.154	408
227.204	415
227.254	425
227.304	437
227.354	439
227.404	458
227.455	467
227.506	473
227.556	482
227.606	482
227.656	487
227.706	488
227.757	477
227.807	481
227.857	474
227.907	464
227.957	455
228.008	444
228.058	434
228.108	425
228.158	406
228.208	407
228.258	400
228.309	390
228.359	394
228.410	398
228.460	396
228.510	401
228.560	401
228.611	416
228.661	425
228.711	433
228.761	446
228.811	451
228.862	466
228.912	474
228.962	473
229.012	486
229.062	485
229.112	486
229.163	485
229.213	470
229.264	474
229.314	465
229.364	449
229.415	447
229.465	436
229.515	424
229.565	417
229.615	407
229.665	401
229.716	395
229.766	389
229.816	395
229.866	397
229.916	400
229.966	407
230.017	407
230.067	424
230.117	434
230.168	439
230.218	456
230.269	464
230.319	473
230.369	481
230.419	477
230.469	487
230.519	488
230.570	478
230.620	482
230.670	473
230.720	467
230.770	457
230.820	436
230.871	436
230.921	425
230.971	410
231.021	406
231.072	401
231.123	394
231.173	392
231.223	384
231.273	395
231.323	399
231.373	400
231.424	415
231.474	422
231.524	434
231.574	445
231.624	444
231.674	466
231.725	475
231.775	478
231.825	488
231.875	488
231.925	491
231.977	488
232.027	470
232.077	477
232.127	468
232.177	453
232.227	447
232.278	435
232.328	424
232.378	413
232.428	398
232.478	398
232.528	393
232.579	386
232.629	389
232.679	393
232.729	398
232.779	404
232.830	406
232.881	423
232.931	434
232.981	441
233.031	458
233.081	466
233.132	479
233.182	485
233.232	481
233.282	493
233.332	493
233.383	488
233.433	485
233.483	476
233.533	468
233.583	458
233.633	436
233.684	434
233.734	422
233.785	406
233.835	402
233.885	395
233.935	390
233.986	387
234.036	384
234.086	390
234.136	396
234.186	400
234.237	412
234.287	423
234.337	436
234.387	448
234.437	452
234.487	471
234.538	481
234.588	487
234.638	494
234.689	492
234.739	495
234.789	491
234.840	477
234.890	478
234.940	469
234.990	454
235.040	444
235.091	431
235.141	419
235.191	408
235.241	394
235.291	392
235.341	387
235.392	379
235.442	386
235.492	395
235.542	396
235.593	404
235.643	409
235.694	426
235.744	439
235.794	450
235.844	464
235.894	463
235.945	483
235.995	492
236.045	486
236.095	497
236.145	496
236.195	492
236.246	486
236.296	469
236.346	466
236.396	454
236.446	435
236.498	430
236.548	417
236.598	405
236.648	397
236.698	391
236.748	386
236.799	385
236.849	380
236.899	390
236.949	397
236.999	404
237.049	416
237.100	419
237.150	441
237.200	453
237.250	459
237.300	477
237.351	484
237.402	492
237.452	497
237.502	485
237.552	496
237.602	490
237.653	479
237.703	476
237.753	463
237.803	452
237.853	438
237.903	418
237.954	414
238.004	404
238.054	390
238.104	389
238.154	385
238.205	384
238.255	385
238.306	385
238.356	397
238.406	406
238.456	413
238.507	430
238.557	443
238.607	456
238.657	469
238.707	467
238.757	488
238.808	495
238.858	492
238.908	498
238.958	494
239.008	491
239.059	483
239.109	463
239.160	463
239.210	450
239.260	432
239.310	424
239.361	411
239.411	400
239.461	393
239.511	380
239.561	384
239.611	383
239.662	382
239.712	391
239.762	399
239.812	411
239.862	421
239.913	423
239.963	447
240.013	458
240.064	468
240.114	481
240.164	486
240.215	497
240.265	499
240.315	488
240.365	496
240.415	490
240.466	478
240.516	472
240.566	458
240.616	447
240.666	434
240.716	413
240.767	409
240.817	399
240.867	386
240.917	386
240.968	383
241.018	382
241.069	385
241.119	386
241.169	400
241.219	411
241.269	419
241.320	436
241.370	447
241.420	462
241.470	474
241.520	474
241.570	492
241.621	497
241.671	497
241.721	498
241.771	490
241.821	489
241.872	479
241.923	461
241.973	458
242.023	443
242.073	427
242.123	418
242.174	406
242.224	396
242.274	389
242.324	378
242.374	382
242.424	383
242.475	384
242.525	394
242.575	406
242.625	414
242.675	427
242.725	434
242.777	455
242.827	464
242.877	476
242.927	488
242.977	483
243.028	500
243.078	501
243.128	491
243.178	494
243.228	486
243.278	476
243.329	466
243.379	447
243.429	441
243.479	428
243.529	405
243.579	403
243.630	393
243.681	384
243.731	382
243.781	383
243.831	383
243.882	388
243.932	390
243.982	406
244.032	417
244.082	430
244.132	445
244.183	447
244.233	472
244.283	482
244.333	484
244.383	499
244.434	501
244.484	502
244.534	501
244.585	481
244.635	486
244.685	474
244.736	456
244.786	449
244.836	435
244.886	421
244.936	408
244.986	390
245.037	390
245.087	382
245.137	374
245.187	379
245.237	383
245.288	389
245.338	398
245.388	402
245.438	421
245.489	436
245.539	444
245.590	464
245.640	475
245.690	487
245.740	496
245.790	490
245.840	505
245.891	504
245.941	496
245.991	493
246.041	482
246.091	472
246.142	459
246.192	434
246.242	428
246.292	415
246.342	398
246.393	393
246.444	383
246.494	379
246.544	376
246.594	373
246.644	383
246.695	390
246.745	396
246.795	413
246.845	425
246.895	441
246.945	456
246.996	458
247.046	484
247.096	492
247.146	498
247.196	506
247.246	503
247.298	505
247.348	499
247.398	478
247.448	481
247.498	467
247.549	450
247.599	439
247.649	423
247.699	410
247.749	398
247.799	382
247.850	380
247.900	376
247.950	372
248.000	378
248.050	386
248.100	392
248.151	403
248.202	410
248.252	432
248.302	447
248.352	458
248.403	475
248.453	483
248.503	497
248.553	503
248.603	497
248.653	508
248.704	503
248.754	496
248.804	488
248.854	474
248.904	464
248.954	448
249.005	424
249.055	419
249.106	405
249.156	390
249.206	384
249.257	383
249.307	375
249.357	375
249.407	374
249.457	386
249.507	397
249.558	403
249.608	422
249.658	434
249.708	453
249.758	466
249.808	472
249.859	491
249.909	498
249.960	507
250.010	507
250.060	495
250.111	502
250.161	494
250.211	473
250.261	471
250.311	456
250.361	441
250.412	426
250.462	411
250.512	399
250.562	389
250.612	376
250.663	375
250.713	375
250.763	374
250.813	381
250.864	391
250.914	401
250.965	414
251.015	422
251.065	444
251.115	459
251.165	473
251.215	486
251.266	483
251.316	504
251.366	508
251.416	502
251.466	506
251.517	498
251.567	491
251.617	479
251.667	456
251.717	450
251.768	434
251.819	413
251.869	407
251.919	392
251.969	384
252.019	377
252.069	369
252.120	374
252.170	378
252.220	378
252.270	393
252.320	406
252.371	419
252.421	436
252.471	440
252.521	466
252.571	480
252.621	486
252.673	501
252.723	505
252.773	510
252.823	509
252.873	491
252.923	497
252.974	486
253.024	468
253.074	459
253.124	442
253.174	427
253.225	413
253.275	393
253.325	390
253.375	381
253.425	370
253.475	373
253.526	375
253.577	380
253.627	388
253.677	392
253.727	411
253.778	426
253.828	437
253.878	457
253.928	469
253.978	485
254.028	497
254.079	492
254.129	508
254.179	509
254.229	504
254.279	501
254.329	489
254.380	481
254.430	467
254.481	443
254.531	437
254.581	422
254.632	404
254.682	396
254.732	386
254.782	378
254.832	374
254.882	368
254.933	376
254.983	383
255.033	388
255.083	403
255.133	417
255.183	433
255.234	446
255.284	454
255.334	477
255.385	488
255.435	496
255.486	505
255.536	503
255.586	508
255.636	503
255.686	489
255.736	486
255.787	475
255.837	457
255.887	446
255.937	431
255.987	418
256.037	402
256.088	386
256.138	383
256.188	377
256.238	370
256.289	375
256.340	386
256.390	387
256.440	397
256.490	401
256.540	424
256.590	438
256.641	452
256.691	468
256.741	471
256.791	492
256.841	501
256.891	496
256.942	507
256.992	504
257.042	500
257.092	493
257.142	471
257.194	468
257.244	456
257.294	433
257.344	426
257.394	411
257.444	398
257.495	389
257.545	383
257.595	378
257.645	376
257.695	372
257.746	382
257.796	391
257.846	402
257.896	414
257.946	421
257.996	444
258.047	459
258.098	464
258.148	484
258.198	493
258.248	501
258.298	505
258.349	493
258.399	503
258.449	497
258.499	481
258.549	477
258.600	462
258.650	450
258.700	435
258.750	412
258.800	407
258.850	397
258.901	384
258.951	380
259.002	378
259.052	379
259.102	381
259.152	381
259.203	396
259.253	408
259.303	416
259.353	435
259.403	447
259.454	463
259.504	476
259.554	472
259.604	496
259.654	501
259.704	498
259.755	504
259.805	498
259.856	493
259.906	483
259.956	461
260.007	459
260.057	444
260.107	424
260.157	416
260.207	404
260.257	394
260.308	386
260.358	375
260.408	378
260.458	380
260.508	378
260.558	392
260.609	400
260.659	411
260.709	426
260.760	429
260.810	453
260.861	466
260.911	475
260.961	489
261.011	494
261.061	500
261.111	503
261.162	490
261.212	497
261.262	489
261.312	475
261.362	467
261.412	451
261.463	440
261.513	426
261.563	404
261.613	401
261.664	392
261.715	380
261.765	381
261.815	380
261.865	382
261.915	387
261.965	388
262.016	405
262.066	417
262.116	426
262.166	443
262.216	456
262.266	470
262.317	481
262.367	480
262.417	496
262.467	500
262.517	500
262.569	500
262.619	489
262.669	486
262.719	476
262.769	456
262.819	449
262.870	434
262.920	420
262.970	411
263.020	401
263.070	390
263.120	383
263.171	377
263.221	381
263.271	384
263.321	386
263.371	398
263.422	410
263.473	420
263.523	434
263.573	440
263.623	460
263.673	471
263.724	480
263.774	492
263.824	486
263.874	500
263.924	499
263.975	490
264.025	490
264.075	483
264.125	471
264.175	459
264.225	441
264.276	433
264.326	420
264.377	402
264.427	399
264.477	389
264.527	384
264.578	382
264.628	383
264.678	384
264.728	392
264.778	397
264.829	411
264.879	423
264.929	436
264.979	451
265.029	455
265.079	475
265.130	485
265.180	486
265.230	498
265.281	499
265.331	499
265.381	495
265.432	477
265.482	480
265.532	468
265.582	450
265.632	443
265.683	425
265.733	417
265.783	406
265.833	388
265.883	389
265.933	385
265.984	377
266.034	383
266.084	387
266.134	395
266.185	403
266.235	406
266.286	427
266.336	439
266.386	450
266.436	466
266.486	477
266.537	487
266.587	493
266.637	485
266.687	501
266.737	498
266.787	488
266.838	486
266.888	475
266.938	465
266.988	452
267.038	429
267.090	426
267.140	413
267.190	397
267.240	394
267.290	387
267.340	383
267.391	382
267.441	377
267.491	389
267.541	395
267.591	402
267.641	418
267.692	429
267.742	443
267.792	458
267.842	461
267.892	481
267.943	487
267.994	493
268.044	502
268.094	498
268.144	497
268.194	492
268.245	476
268.295	475
268.345	464
268.395	444
268.445	436
268.495	421
268.546	410
268.596	399
268.646	384
268.696	385
268.746	382
268.797	376
268.847	384
268.898	390
268.948	399
268.998	409
269.048	414
269.099	434
269.149	449
269.199	458
269.249	476
269.299	482
269.349	494
269.400	499
269.450	491
269.500	503
269.550	497
269.600	490
269.651	483
269.701	467
269.752	458
269.802	445
269.852	421
269.902	416
269.953	406
270.003	393
270.053	386
270.103	383
270.153	380
270.203	379
270.254	378
270.304	391
270.354	401
270.404	408
270.454	425
270.505	436
270.555	453
270.605	467
270.656	469
270.706	489
270.756	496
270.807	501
270.857	503
270.907	490
270.957	498
271.007	490
271.058	472
271.108	469
271.158	454
271.208	440
271.258	426
271.308	413
271.359	401
271.409	391
271.459	380
271.509	380
271.560	378
271.610	378
271.661	385
271.711	397
271.761	404
271.811	415
271.861	424
271.912	443
271.962	458
272.012	472
272.062	483
272.112	482
272.162	499
272.213	504
272.263	498
272.313	501
272.363	495
272.413	488
272.464	477
272.515	455
272.565	450
272.615	435
272.665	416
272.715	407
272.766	397
272.816	388
