#Creator: pendulumdriveEventBuffer
#Creation time: Thu Apr 11 16:06:28 2019
#Time	Pos
#[s]	[au]
0.051	418
0.101	415
0.151	400
0.202	379
0.252	375
0.303	367
0.353	361
0.403	359
0.453	352
0.503	365
0.553	372
0.604	376
0.654	396
0.704	409
0.754	425
0.804	439
0.855	441
0.905	467
0.955	475
1.005	478
1.055	489
1.106	489
1.157	488
1.207	484
1.257	463
1.307	465
1.357	452
1.407	433
1.458	426
1.508	411
1.558	397
1.608	386
1.658	370
1.709	370
1.759	367
1.809	360
1.859	368
1.909	373
1.959	381
2.011	391
2.061	394
2.111	416
2.161	430
2.211	438
2.261	455
2.312	464
2.362	475
2.412	481
2.462	469
2.512	486
2.563	483
2.613	471
2.663	469
2.713	455
2.763	447
2.813	434
2.864	411
2.915	408
2.965	397
3.015	384
3.065	379
3.116	373
3.166	371
3.216	370
3.266	367
3.316	380
3.366	387
3.417	392
3.467	409
3.517	418
3.567	432
3.617	445
3.667	446
3.718	465
3.768	472
3.819	475
3.869	480
3.919	475
3.970	477
4.020	472
4.070	450
4.120	454
4.170	443
4.220	428
4.271	419
4.321	407
4.371	398
4.421	388
4.471	372
4.521	377
4.572	373
4.622	372
4.672	378
4.723	383
4.773	392
4.824	400
4.874	404
4.924	422
4.974	432
5.024	445
5.074	456
5.125	455
5.175	471
5.225	473
5.275	468
5.325	477
5.375	472
5.426	468
5.476	461
5.526	439
5.576	441
5.627	430
5.678	411
5.728	409
5.778	398
5.828	389
5.878	384
5.928	371
5.979	377
6.029	378
6.079	375
6.129	386
6.179	394
6.229	402
6.280	412
6.330	411
6.380	433
6.430	443
6.480	446
6.532	462
6.582	466
6.632	472
6.682	474
6.732	459
6.782	472
6.833	465
6.883	452
6.933	450
6.983	441
7.033	431
7.084	421
7.134	400
7.184	401
7.234	394
7.284	381
7.334	383
7.385	380
7.436	381
7.486	383
7.536	378
7.586	395
7.636	399
7.687	406
7.737	421
7.787	430
7.837	441
7.887	452
7.938	445
7.988	466
8.038	469
8.088	466
8.138	473
8.188	468
8.239	464
8.289	459
8.340	440
8.390	441
8.440	431
8.490	417
8.541	413
8.591	404
8.641	396
8.691	390
8.741	377
8.792	382
8.842	383
8.892	380
8.942	389
8.992	394
9.042	402
9.093	410
9.143	410
9.193	430
9.244	439
9.294	444
9.344	456
9.395	459
9.445	468
9.495	471
9.545	456
9.595	469
9.646	464
9.696	456
9.746	453
9.796	441
9.846	434
9.896	424
9.947	406
9.997	405
10.047	398
10.097	388
10.148	388
10.199	383
10.249	384
10.299	385
10.349	378
10.399	393
10.449	400
10.500	404
10.550	418
10.600	425
10.650	437
10.700	447
10.750	445
10.801	462
10.851	467
10.901	469
10.951	472
11.001	461
11.053	467
11.103	462
11.153	445
11.203	447
11.253	437
11.303	424
11.354	416
11.404	406
11.454	399
11.504	392
11.554	380
11.604	384
11.655	380
11.705	380
11.755	386
11.805	383
11.855	397
11.907	406
11.957	406
12.007	425
12.057	437
12.107	445
12.157	455
12.208	454
12.258	468
12.308	472
12.358	462
12.408	472
12.458	468
12.509	464
12.559	457
12.609	441
12.659	438
12.709	428
12.760	408
12.811	408
12.861	399
12.911	389
12.961	384
13.011	375
13.062	380
13.112	380
13.162	378
13.212	389
13.262	396
13.312	404
13.363	415
13.413	414
13.463	435
13.513	444
13.563	447
13.614	463
13.664	468
13.715	474
13.765	476
13.815	460
13.865	470
13.916	465
13.966	450
14.016	449
14.066	438
14.116	429
14.167	418
14.217	399
14.267	398
14.317	390
14.367	376
14.417	380
14.468	378
14.518	379
14.568	382
14.619	379
14.669	395
14.719	403
14.770	408
14.820	423
14.870	434
14.920	446
14.970	455
15.021	448
15.071	470
15.121	476
15.171	472
15.221	475
15.271	471
15.322	467
15.372	459
15.422	436
15.472	440
15.523	430
15.573	414
15.624	406
15.674	398
15.724	389
15.774	383
15.824	370
15.875	376
15.925	377
15.975	376
16.025	386
16.075	393
16.125	403
16.176	413
16.226	414
16.276	436
16.326	447
16.376	454
16.428	465
16.478	468
16.528	475
16.578	478
16.628	467
16.678	474
16.729	466
16.779	456
16.829	452
16.879	438
16.929	429
16.979	418
17.030	397
17.080	397
17.130	389
17.180	377
17.230	377
17.280	375
17.332	376
17.382	381
17.432	379
17.482	393
17.532	402
17.583	410
17.633	425
17.683	434
17.733	447
17.783	457
17.833	456
17.884	472
17.934	476
17.984	477
18.034	477
18.084	463
18.135	468
18.185	460
18.236	440
18.286	442
18.336	428
18.386	413
18.437	406
18.487	397
18.537	388
18.587	380
18.637	371
18.687	376
18.738	375
18.788	378
18.838	385
18.888	395
18.938	404
18.989	414
19.039	418
19.089	437
19.140	447
19.190	457
19.240	466
19.291	462
19.341	477
19.391	477
19.441	469
19.491	474
19.541	467
19.592	460
19.642	450
19.692	426
19.742	428
19.792	417
19.843	398
19.893	396
19.943	387
19.993	382
20.044	377
20.094	364
20.145	376
20.195	379
20.245	380
20.295	393
20.345	403
20.396	415
20.446	425
20.496	422
20.546	448
20.596	460
20.646	460
20.697	473
20.747	476
20.797	479
20.847	478
20.897	457
20.948	467
20.999	459
21.049	441
21.099	439
21.149	425
21.199	415
21.250	404
21.300	385
21.350	385
21.400	379
21.450	370
21.500	374
21.551	375
21.601	379
21.651	385
21.701	386
21.751	404
21.801	417
21.853	422
21.903	439
21.953	447
22.003	461
22.053	469
22.104	463
22.154	479
22.204	479
22.254	474
22.304	476
22.354	465
22.405	460
22.455	448
22.505	424
22.555	425
22.605	413
22.655	398
22.706	393
22.757	381
22.807	377
22.857	374
22.907	365
22.958	373
23.008	378
23.058	381
23.108	395
23.158	404
23.208	416
23.259	429
23.309	432
23.359	454
23.409	464
23.459	469
23.509	479
23.560	477
23.610	484
23.661	481
23.711	466
23.761	467
23.812	458
23.862	444
23.912	435
23.962	421
24.012	409
24.062	398
24.113	380
24.163	378
24.213	375
24.263	368
24.313	371
24.364	391
24.414	378
24.464	384
24.514	388
24.565	406
24.615	421
24.666	432
24.716	445
24.766	466
24.816	468
24.866	476
24.916	472
24.967	485
25.017	484
25.067	480
25.117	476
25.167	457
25.218	458
25.268	446
25.318	424
25.368	420
25.419	406
25.469	392
25.520	385
25.570	381
25.620	371
25.670	368
25.720	363
25.770	371
25.821	378
25.871	384
25.921	397
25.971	399
26.021	423
26.072	436
26.122	441
26.172	460
26.222	471
26.272	480
26.323	485
26.374	475
26.424	487
26.474	482
26.524	467
26.574	468
26.624	454
26.675	442
26.725	429
26.775	403
26.825	402
26.875	391
26.926	374
26.976	373
27.026	368
27.076	365
27.126	368
27.176	364
27.228	379
27.278	388
27.328	393
27.378	413
27.428	426
27.479	439
27.529	453
27.579	449
27.629	475
27.679	483
27.729	480
27.780	489
27.830	485
27.880	482
27.930	475
27.980	447
28.030	452
28.081	440
28.132	418
28.182	413
28.232	398
28.282	385
28.333	377
28.383	361
28.433	368
28.483	366
28.533	360
28.583	372
28.634	380
28.684	391
28.734	403
28.784	406
28.834	430
28.884	444
28.935	452
28.985	469
29.036	475
29.086	484
29.136	487
29.187	476
29.237	486
29.287	480
29.337	466
29.387	460
29.437	447
29.488	436
29.538	421
29.588	400
29.638	395
29.688	384
29.738	371
29.789	369
29.839	367
29.889	365
29.940	368
29.990	366
30.041	383
30.091	395
30.141	401
30.191	420
30.241	433
30.291	447
30.342	459
30.392	459
30.442	479
30.492	486
30.542	485
30.592	488
30.643	479
30.693	478
30.743	469
30.793	448
30.844	445
30.895	431
30.945	413
30.995	404
31.045	391
31.095	382
31.145	373
31.196	362
31.246	366
31.296	367
31.346	364
31.396	377
31.447	389
31.497	397
31.547	410
31.597	416
31.647	438
31.697	451
31.749	462
31.799	474
31.849	471
31.899	488
31.949	488
31.999	478
32.050	482
32.100	475
32.150	464
32.200	455
32.250	435
32.301	426
32.351	413
32.401	394
32.451	387
32.501	378
32.551	368
32.602	367
32.653	367
32.703	367
32.753	372
32.803	372
32.853	390
32.904	401
32.954	414
33.004	429
33.054	431
33.104	455
33.155	467
33.205	469
33.255	484
33.305	486
33.355	489
33.405	487
33.456	467
33.506	472
33.557	463
33.607	441
33.657	437
33.708	423
33.758	408
33.808	397
33.858	376
33.908	376
33.958	370
34.009	360
34.059	366
34.109	369
34.159	375
34.209	383
34.259	384
34.310	405
34.360	419
34.410	424
34.461	446
34.511	457
34.562	470
34.612	478
34.662	471
34.712	487
34.762	487
34.812	478
34.863	478
34.913	467
34.963	458
35.013	446
35.063	422
35.113	419
35.164	406
35.214	388
35.264	382
35.314	375
35.365	370
35.416	368
35.466	357
35.516	370
35.566	378
35.616	381
35.666	396
35.717	407
35.767	423
35.817	436
35.867	437
35.917	460
35.967	470
36.018	473
36.068	483
36.118	483
36.168	485
36.218	481
36.270	462
36.320	465
36.370	455
36.420	436
36.470	428
36.520	415
36.571	404
36.621	392
36.671	374
36.721	375
36.771	370
36.821	364
36.872	370
36.922	374
36.972	381
37.022	389
37.072	394
37.123	413
37.174	425
37.224	433
37.274	450
37.324	458
37.374	472
37.425	478
37.475	468
37.525	484
37.575	481
37.625	475
37.676	471
37.726	458
37.776	450
37.826	439
37.876	420
37.926	414
37.977	401
38.028	388
38.078	383
38.128	379
38.178	372
38.228	371
38.279	365
38.329	377
38.379	383
38.429	389
38.479	404
38.530	433
38.580	428
38.630	439
38.680	441
38.730	461
38.780	469
38.831	473
38.881	480
38.932	466
38.982	479
39.032	474
39.082	457
39.133	459
39.183	448
39.233	434
39.283	424
39.333	411
39.384	403
39.434	392
39.484	377
39.534	380
39.584	376
39.634	373
39.685	378
39.735	375
39.785	388
39.836	397
39.886	398
39.936	416
39.987	428
40.037	438
40.087	449
40.137	443
40.187	466
40.238	473
40.288	467
40.338	477
40.388	473
40.438	470
40.488	464
40.539	443
40.589	446
40.639	436
40.689	418
40.740	414
40.791	404
40.841	394
40.891	388
40.941	374
40.991	380
41.041	379
41.092	374
41.142	384
41.192	390
41.242	399
41.292	408
41.342	408
41.393	429
41.443	437
41.493	441
41.543	457
41.593	462
41.645	469
41.695	473
41.745	461
41.795	471
41.845	468
41.895	454
41.946	455
41.996	444
42.046	435
42.096	424
42.146	406
42.196	407
42.247	399
42.297	384
42.347	386
42.397	382
42.447	381
42.498	383
42.549	377
42.599	391
42.649	398
42.699	402
42.749	417
42.800	425
42.850	436
42.900	445
42.950	443
43.000	461
43.050	466
43.101	464
43.151	470
43.201	466
43.251	467
43.301	462
43.352	439
43.402	447
43.453	438
43.503	422
43.553	418
43.603	407
43.654	401
43.704	394
43.754	379
43.804	386
43.854	383
43.904	380
43.955	386
44.005	391
44.055	398
44.105	404
44.155	406
44.206	424
44.256	434
44.306	440
44.357	452
44.407	457
44.457	465
44.508	469
44.558	457
44.608	470
44.658	467
44.708	459
44.759	456
44.809	445
44.859	439
44.909	429
44.959	410
45.009	410
45.060	401
45.110	392
45.160	389
45.210	383
45.261	384
45.311	384
45.362	377
45.412	390
45.462	397
45.512	400
45.562	414
45.613	421
45.663	431
45.713	441
45.763	440
45.813	458
45.863	463
45.914	466
45.964	471
46.014	460
46.064	471
46.115	464
46.165	446
46.216	450
46.266	440
46.316	430
46.366	422
46.416	411
46.467	403
46.517	396
46.567	384
46.617	384
46.667	383
46.717	380
46.768	384
46.818	383
46.868	394
46.918	402
46.968	401
47.020	420
47.070	429
47.120	438
47.170	450
47.220	447
47.270	464
47.321	469
47.371	463
47.421	473
47.471	470
47.521	465
47.571	461
47.622	439
47.672	444
47.722	433
47.772	416
47.822	414
47.872	404
47.924	394
47.974	387
48.024	373
48.074	382
48.124	380
48.175	374
48.225	386
48.275	393
48.325	400
48.375	409
48.425	405
48.476	429
48.526	439
48.576	442
48.626	459
48.676	463
48.727	471
48.777	474
48.828	460
48.878	473
48.928	469
48.978	455
49.029	454
49.079	444
49.129	435
49.179	423
49.229	401
49.279	403
49.330	392
49.380	382
49.430	381
49.480	378
49.530	379
49.581	380
49.631	375
49.681	389
49.732	398
49.782	403
49.832	418
49.883	429
49.933	441
49.983	451
50.033	446
50.083	469
50.133	472
50.184	472
50.234	477
50.284	472
50.334	471
50.384	464
50.435	443
50.485	445
50.535	434
50.585	417
50.636	411
50.686	401
50.737	391
50.787	384
50.837	374
50.887	375
50.937	376
50.988	372
51.038	382
51.088	387
51.138	397
51.188	407
51.238	410
51.289	430
51.339	442
51.389	449
51.439	463
51.489	467
51.540	476
51.591	479
51.641	466
51.691	477
51.741	470
51.791	461
51.842	455
51.892	441
51.942	432
51.992	422
52.042	400
52.092	399
52.143	389
52.193	379
52.243	377
52.293	379
52.343	374
52.393	376
52.445	374
52.495	388
52.545	397
52.595	405
52.645	420
52.696	427
52.746	443
52.796	454
52.846	454
52.896	471
52.946	477
52.997	479
53.047	482
53.097	463
53.147	472
53.197	465
53.247	445
53.298	446
53.349	432
53.399	419
53.449	409
53.499	399
53.550	389
53.600	382
53.650	369
53.700	372
53.750	373
53.800	376
53.851	382
53.901	383
53.951	398
54.001	408
54.051	412
54.101	433
54.152	443
54.202	454
54.253	464
54.303	461
54.353	477
54.404	479
54.454	471
54.504	477
54.554	472
54.604	464
54.654	454
54.705	430
54.755	432
54.805	420
54.855	402
54.905	398
54.956	390
55.006	383
55.056	377
55.106	366
55.157	375
55.207	378
55.258	376
55.308	391
55.358	397
55.408	409
55.458	422
55.508	420
55.559	445
55.609	455
55.659	457
55.709	472
55.759	473
55.810	480
55.860	478
55.910	463
55.960	470
56.011	462
56.061	448
56.112	444
56.162	430
56.212	420
56.262	408
56.312	388
56.362	389
56.413	382
56.463	370
56.513	375
56.563	375
56.613	378
56.664	384
56.714	384
56.764	400
56.814	410
56.864	416
56.915	434
56.966	441
57.016	456
57.066	463
57.116	457
57.166	475
57.216	478
57.267	473
57.317	475
57.367	466
57.417	462
57.467	454
57.518	430
57.568	430
57.618	417
57.668	405
57.718	398
57.768	389
57.820	383
57.870	377
57.920	368
57.970	377
58.020	380
58.071	379
58.121	391
58.171	401
58.221	412
58.271	423
58.321	424
58.372	445
58.422	454
58.472	460
58.522	470
58.572	471
58.622	477
58.673	476
58.724	459
58.774	468
58.824	459
58.874	448
58.925	440
58.975	427
59.025	419
59.075	408
59.125	388
59.175	388
59.226	382
59.276	376
59.326	376
59.376	395
59.426	380
59.476	385
59.527	384
59.577	400
59.628	410
59.678	420
59.728	434
59.779	439
59.829	455
59.879	464
59.929	461
59.979	475
60.029	476
60.080	476
60.130	474
60.180	458
60.230	461
60.280	451
60.330	430
60.381	429
60.431	417
60.481	405
60.532	397
60.582	383
60.633	382
60.683	377
60.733	368
60.783	376
60.833	379
60.883	384
60.934	392
60.984	399
61.034	411
61.084	424
61.134	426
61.184	446
61.235	455
61.285	465
61.335	473
61.385	463
61.436	477
61.487	477
61.537	466
61.587	469
61.637	459
61.687	449
61.737	441
61.788	416
61.838	416
61.888	404
61.938	390
61.988	387
62.039	380
62.089	377
62.139	375
62.189	367
62.239	379
62.289	385
62.341	385
62.391	402
62.441	411
62.491	424
62.541	436
62.591	433
62.642	458
62.692	466
62.742	466
62.792	477
62.842	477
62.893	478
62.943	475
62.993	455
63.043	461
63.093	451
63.143	434
63.194	428
63.245	415
63.295	406
63.345	395
63.395	376
63.445	379
63.496	376
63.546	368
63.596	374
63.646	378
63.696	385
63.747	391
63.797	392
63.847	413
63.897	424
63.947	432
63.997	448
64.048	457
64.098	467
64.149	474
64.199	462
64.249	480
64.300	478
64.350	470
64.400	469
64.450	457
64.500	450
64.550	438
64.601	417
64.651	415
64.701	403
64.751	388
64.801	384
64.851	378
64.902	373
64.952	373
65.002	365
65.053	378
65.103	384
65.154	388
65.204	403
65.254	413
65.304	425
65.354	438
65.404	441
65.455	462
65.505	469
65.555	473
65.605	480
65.655	477
65.705	479
65.756	475
65.806	457
65.856	460
65.906	449
65.957	436
66.008	426
66.058	411
66.108	403
66.158	391
66.208	375
66.258	377
66.309	373
66.359	368
66.409	374
66.459	382
66.509	385
66.559	393
66.610	394
66.660	415
66.710	427
66.760	438
66.810	451
66.862	451
66.912	471
66.962	478
67.012	467
67.062	480
67.112	479
67.163	474
67.213	468
67.263	447
67.313	448
67.363	435
67.413	416
67.464	411
67.514	400
67.564	389
67.614	384
67.664	367
67.715	372
67.766	374
67.816	368
67.866	379
67.916	386
67.966	394
68.017	406
68.067	407
68.117	430
68.167	441
68.217	443
68.268	462
68.318	469
68.368	476
68.418	479
68.468	465
68.518	478
68.569	473
68.620	458
68.670	457
68.720	445
68.770	432
68.820	422
68.871	400
68.921	401
68.971	391
69.021	376
69.071	379
69.122	374
69.172	374
69.222	377
69.272	372
69.322	388
69.372	396
69.423	401
69.473	418
69.524	429
69.574	442
69.624	451
69.674	449
69.725	469
69.775	473
69.825	471
69.875	479
69.925	473
69.976	470
70.026	464
70.076	442
70.126	445
70.176	434
70.226	417
70.277	411
70.327	399
70.377	392
70.428	384
70.478	368
70.528	376
70.579	376
70.629	374
70.679	382
70.729	390
70.779	399
70.830	407
70.880	410
70.930	430
70.980	440
71.030	448
71.080	460
71.131	465
71.181	472
71.231	474
71.281	463
71.332	473
71.383	470
71.433	458
71.483	454
71.533	443
71.583	433
71.633	421
71.684	402
71.734	401
71.784	393
71.834	384
71.884	381
71.934	378
71.985	378
72.035	380
72.085	377
72.135	391
72.185	399
72.237	404
72.287	419
72.337	427
72.387	440
72.437	450
72.487	448
72.538	466
72.588	470
72.638	470
72.688	475
72.738	467
72.788	468
72.839	462
72.889	442
72.939	444
72.989	433
73.039	420
73.090	413
73.141	401
73.191	395
73.241	387
73.291	376
73.341	380
73.392	380
73.442	378
73.492	385
73.542	394
73.592	399
73.642	408
73.693	411
73.743	429
73.793	438
73.843	448
73.893	457
73.944	447
73.994	470
74.045	473
74.095	464
74.145	471
74.195	465
74.246	460
74.296	453
74.346	437
74.396	434
74.446	424
74.496	405
74.547	405
74.597	396
74.647	387
74.697	383
74.747	375
74.798	380
74.848	382
74.898	378
74.949	392
74.999	397
75.049	405
75.100	417
75.150	423
75.200	437
75.250	447
75.300	449
75.351	463
75.401	469
75.451	471
75.501	473
75.551	456
75.601	467
75.652	462
75.702	446
75.752	446
75.802	435
75.853	425
75.903	415
75.954	395
76.004	397
76.054	390
76.104	378
76.154	381
76.205	380
76.255	380
76.305	386
76.355	378
76.405	398
76.455	406
76.506	410
76.556	425
76.606	435
76.656	446
76.707	455
76.757	450
76.808	470
76.858	473
76.908	468
76.958	472
77.008	468
77.059	463
77.109	456
77.159	433
77.209	437
77.259	425
77.309	408
77.360	406
77.410	395
77.460	388
77.510	382
77.560	370
77.612	378
77.662	378
77.712	376
77.762	388
77.812	395
77.862	405
77.913	416
77.963	416
78.013	438
78.063	449
78.113	453
78.163	466
78.214	470
78.264	475
78.314	477
78.364	464
78.414	474
78.464	466
78.516	452
78.566	449
78.616	435
78.666	425
78.716	413
78.767	394
78.817	393
78.867	386
78.917	376
78.967	376
79.017	374
79.068	375
79.118	378
79.168	376
79.218	394
79.268	404
79.319	412
79.369	427
79.420	437
79.470	451
79.520	461
79.570	454
79.621	476
79.671	479
79.721	478
79.771	479
79.821	469
79.871	465
79.922	458
79.972	438
80.022	437
80.072	424
80.122	408
80.173	400
80.223	389
80.273	382
80.324	375
80.374	364
80.424	370
80.475	372
80.525	376
80.575	385
80.625	419
80.675	406
80.725	419
80.776	419
80.826	442
80.876	452
80.926	462
80.976	474
81.027	467
81.077	483
81.127	483
81.177	471
81.228	475
81.278	467
81.329	457
81.379	447
81.429	429
81.479	421
81.529	408
81.580	387
81.630	387
81.680	379
81.730	370
81.780	370
81.830	367
81.881	372
81.931	377
81.981	377
82.031	395
82.081	407
82.132	418
82.183	431
82.233	431
82.283	456
82.333	467
82.383	466
82.434	482
82.484	481
82.534	484
82.584	480
82.634	462
82.684	468
82.735	456
82.785	438
82.835	431
82.885	418
82.935	406
82.985	395
83.037	375
83.087	376
83.137	372
83.187	361
83.237	369
83.288	372
83.338	378
83.388	387
83.438	388
83.488	409
83.538	422
83.589	429
83.639	447
83.689	458
83.739	470
83.789	476
83.839	466
83.890	485
83.941	483
83.991	471
84.041	475
84.091	463
84.142	454
84.192	442
84.242	417
84.292	415
84.342	404
84.392	385
84.443	382
84.493	375
84.543	371
84.593	371
84.643	362
84.693	374
84.744	380
84.794	384
84.845	400
84.895	411
84.945	424
84.996	437
85.046	434
85.096	461
85.146	470
85.196	470
85.246	482
85.297	480
85.347	482
85.397	479
85.447	460
85.497	461
85.548	452
85.598	436
85.648	426
85.698	413
85.749	401
85.799	390
85.850	372
85.900	377
85.950	372
86.000	366
86.050	371
86.100	375
86.151	384
86.201	391
86.251	391
86.301	413
86.351	425
86.402	436
86.452	451
86.502	457
86.552	471
86.603	477
86.653	471
86.704	482
86.754	480
86.804	474
86.854	469
86.904	456
86.954	449
87.005	437
87.055	416
87.105	411
87.155	399
87.205	385
87.256	382
87.306	375
87.356	371
87.406	370
87.456	364
87.507	377
87.558	383
87.608	389
87.658	405
87.708	415
87.758	429
87.808	441
87.859	440
87.909	464
87.959	472
88.009	477
88.059	480
88.110	469
88.160	479
88.210	474
88.260	454
88.310	458
88.360	446
88.412	432
88.462	422
88.512	409
88.562	399
88.612	388
88.663	374
88.713	374
88.763	372
88.813	369
88.863	374
88.913	381
88.964	386
89.014	397
89.064	400
89.114	420
89.164	430
89.214	442
89.265	456
89.316	454
89.366	473
89.416	478
89.466	470
89.517	479
89.567	477
89.617	473
89.667	465
89.717	442
89.767	445
89.818	432
89.868	412
89.918	408
89.968	397
90.018	389
90.068	380
90.119	367
90.169	372
90.220	372
90.270	370
90.320	381
90.371	388
90.421	398
90.471	408
90.521	408
90.571	432
90.621	444
90.672	448
90.722	465
90.772	470
90.822	477
90.872	480
90.922	466
90.973	476
91.023	471
91.073	458
91.124	453
91.174	442
91.225	432
91.275	420
91.325	398
91.375	397
91.425	387
91.475	375
91.526	376
91.576	373
91.626	374
91.676	377
91.726	372
91.776	391
91.827	398
91.877	405
91.927	423
91.977	433
92.028	445
92.079	456
92.129	452
92.179	472
92.229	477
92.279	474
92.329	479
92.380	472
92.430	470
92.480	462
92.530	441
92.580	441
92.631	429
92.681	414
92.731	407
92.781	396
92.831	388
92.881	381
92.933	368
92.983	374
93.033	373
93.083	374
93.133	384
93.183	386
93.234	401
93.284	411
93.334	428
93.384	435
93.434	444
93.485	453
93.535	464
93.585	466
93.635	477
93.685	479
93.735	466
93.786	474
93.837	468
93.887	458
93.937	452
93.987	438
94.037	429
94.088	418
94.138	398
94.188	396
94.238	386
94.288	376
94.339	376
94.389	379
94.439	375
94.489	378
94.539	376
94.589	391
94.640	401
94.690	408
94.741	425
94.791	430
94.841	448
94.892	457
94.942	455
94.992	474
95.042	476
95.092	477
95.142	478
95.193	461
95.243	468
95.293	460
95.343	440
95.393	440
95.443	429
95.494	416
95.544	404
95.594	395
95.645	385
95.695	380
95.746	369
95.796	374
95.846	375
95.896	376
95.946	385
95.996	387
96.047	402
96.097	413
96.147	417
96.197	436
96.247	446
96.297	457
96.348	466
96.398	455
96.448	477
96.498	478
96.549	469
96.600	474
96.650	466
96.700	459
96.750	449
96.800	424
96.850	427
96.901	414
96.951	398
97.001	394
97.051	387
97.101	379
97.151	375
97.202	364
97.252	375
97.302	379
97.352	378
97.402	394
97.454	401
97.504	413
97.554	425
97.604	424
97.654	449
97.704	457
97.755	461
97.805	473
97.855	474
97.905	478
97.955	477
98.005	460
98.056	467
98.106	459
98.156	444
98.206	438
98.256	425
98.307	415
98.358	404
98.408	386
98.458	386
98.508	380
98.558	371
98.609	374
98.659	373
98.709	381
98.759	387
98.809	386
98.860	402
98.910	413
98.960	420
99.010	437
99.060	445
99.110	457
99.161	465
99.212	460
99.262	476
99.312	477
99.362	470
99.412	474
99.463	463
99.513	459
99.563	448
99.613	425
99.663	427
99.714	415
99.764	400
99.814	394
99.864	387
99.914	380
99.964	376
100.015	368
100.065	376
100.116	380
100.166	384
100.216	394
100.266	403
100.317	414
100.367	426
100.417	428
100.467	449
100.517	458
100.568	463
100.618	473
100.668	472
100.718	479
100.768	477
100.818	462
100.869	465
100.919	458
100.969	445
101.020	437
101.070	423
101.120	415
101.171	402
101.221	385
101.271	386
101.321	380
101.371	374
101.422	375
101.472	379
101.522	378
101.572	386
101.622	387
101.672	404
101.723	416
101.773	426
101.823	439
101.873	442
101.924	459
101.975	467
102.025	461
102.075	477
102.125	477
102.175	477
102.225	473
102.276	456
102.326	457
102.376	447
102.426	426
102.476	424
102.526	412
102.577	400
102.627	393
102.677	379
102.727	378
102.777	375
102.829	366
102.879	376
102.929	379
102.979	386
103.029	394
103.079	391
103.130	416
103.180	427
103.230	432
103.280	453
103.330	460
103.380	469
103.431	476
103.481	461
103.531	481
103.581	477
103.631	466
103.682	465
103.733	456
103.783	446
103.833	435
103.883	411
103.933	411
103.984	400
104.034	384
104.084	382
104.134	376
104.184	373
104.234	372
104.285	365
104.335	379
104.385	386
104.435	390
104.485	406
104.536	417
104.586	430
104.637	441
104.687	438
104.737	463
104.787	471
104.838	471
104.888	479
104.938	478
104.988	479
105.038	473
105.088	453
105.139	458
105.189	444
105.239	427
105.289	421
105.339	409
105.390	399
105.440	388
105.490	372
105.541	374
105.591	372
105.641	365
105.692	373
105.742	379
105.792	387
105.842	396
105.892	398
105.943	419
105.993	432
106.043	440
106.093	455
106.143	463
106.193	473
106.244	479
106.294	469
106.344	482
106.394	479
106.445	468
106.495	465
106.546	451
106.596	444
106.646	432
106.696	409
106.746	406
106.797	394
106.847	380
106.897	380
106.947	374
106.997	371
107.047	371
107.098	366
107.148	381
107.198	387
107.248	393
107.299	409
107.349	420
107.400	434
107.450	446
107.500	447
107.550	468
107.600	473
107.651	477
107.701	482
107.751	477
107.801	478
107.851	472
107.901	452
107.952	454
108.002	441
108.052	425
108.102	417
108.152	404
108.204	394
108.254	385
108.304	370
108.354	373
108.404	370
108.454	368
108.505	374
108.555	382
108.605	388
108.655	400
108.705	402
108.755	425
108.806	437
108.856	444
108.906	459
108.956	459
109.006	475
109.056	480
109.108	472
109.158	481
109.208	477
109.258	470
109.308	461
109.359	444
109.409	439
109.459	427
109.509	406
109.559	404
109.609	393
109.660	384
109.710	377
109.760	375
109.810	372
109.860	372
109.911	368
109.961	383
110.012	391
110.062	400
110.112	413
110.162	415
110.213	437
110.263	449
110.313	452
110.363	469
110.413	475
110.463	480
110.514	481
110.564	465
110.614	476
110.664	469
110.714	453
110.765	449
110.815	437
110.865	426
110.916	414
110.966	393
111.016	392
111.067	383
111.117	370
111.167	374
111.217	371
111.267	373
111.317	376
111.368	372
111.418	391
111.468	402
111.518	410
111.568	427
111.619	436
111.669	450
111.719	461
111.769	455
111.820	476
111.870	480
111.921	475
111.971	479
112.021	473
112.071	468
112.121	459
112.172	435
112.222	437
112.272	424
112.322	406
112.372	400
112.422	390
112.473	382
112.523	376
112.573	364
112.623	372
112.673	373
112.724	373
112.775	384
112.825	395
112.875	405
112.925	417
112.975	418
113.026	441
113.076	453
113.126	458
113.176	472
113.226	475
113.276	480
113.327	481
113.377	467
113.427	473
113.477	467
113.527	452
113.577	447
113.629	431
113.679	422
113.729	411
113.779	390
113.829	386
113.880	381
113.930	370
113.980	371
114.030	371
114.080	373
114.130	379
114.181	376
114.231	396
114.281	406
114.331	416
114.381	431
114.431	441
114.482	455
114.533	465
114.583	461
114.633	479
114.683	481
114.734	480
114.784	479
114.834	468
114.884	466
114.934	455
114.984	434
115.035	432
115.085	420
115.135	404
115.185	396
115.235	415
115.285	378
115.336	372
115.386	364
115.437	370
115.487	373
115.537	374
115.588	385
115.638	423
115.688	409
115.738	420
115.788	424
115.838	447
115.889	458
115.939	466
115.989	476
116.039	469
116.089	484
116.140	483
116.190	471
116.240	474
116.290	464
116.341	454
116.391	443
116.442	425
116.492	417
116.542	403
116.592	384
116.642	383
116.692	376
116.743	368
116.793	368
116.843	367
116.893	373
116.943	379
116.994	381
117.044	399
117.094	411
117.144	424
117.195	437
117.245	439
117.296	462
117.346	471
117.396	470
117.446	485
117.496	485
117.546	484
117.597	482
117.647	461
117.697	463
117.747	452
117.797	432
117.848	426
117.898	411
117.948	400
117.998	389
118.048	370
118.099	372
118.150	368
118.200	360
118.250	368
118.300	373
118.350	380
118.400	390
118.451	392
118.501	414
118.551	428
118.601	437
118.651	454
118.702	464
118.752	474
118.802	481
118.852	472
118.902	486
118.952	484
119.004	472
119.054	472
119.104	459
119.154	449
119.204	436
119.255	412
119.305	409
119.355	397
119.405	380
119.455	377
119.505	371
119.556	369
119.606	365
119.656	362
119.706	374
119.756	381
119.806	388
119.857	404
119.908	418
119.958	432
120.008	445
120.058	444
120.109	468
120.159	476
120.209	478
120.259	486
120.309	483
120.359	483
120.410	478
120.460	455
120.510	458
120.560	445
120.610	428
120.660	419
120.711	404
120.761	394
120.812	383
120.862	368
120.912	369
120.963	366
121.013	363
121.063	370
121.113	375
121.163	385
121.213	396
121.264	400
121.314	422
121.364	436
121.414	445
121.464	461
121.514	466
121.565	480
121.615	485
121.665	475
121.716	484
121.766	481
121.817	474
121.867	466
121.917	449
121.967	441
122.017	429
122.067	406
122.118	402
122.168	390
122.218	377
122.268	373
122.318	399
122.368	366
122.419	368
122.469	365
122.519	378
122.569	388
122.620	396
122.671	412
122.721	422
122.771	439
122.821	452
122.871	453
122.921	473
122.972	479
123.022	485
123.072	486
123.122	471
123.172	479
123.223	472
123.273	452
123.323	452
123.373	437
123.423	424
123.473	411
123.525	399
123.575	388
123.625	380
123.675	366
123.725	368
123.775	367
123.826	368
123.876	373
123.926	375
123.976	392
124.026	402
124.077	408
124.127	428
124.177	440
124.227	454
124.277	465
124.327	459
124.378	480
124.429	484
124.479	477
124.529	483
124.579	476
124.629	470
124.680	460
124.730	435
124.780	436
124.830	423
124.880	401
124.931	397
124.981	387
125.031	378
125.081	373
125.131	362
125.181	369
125.232	372
125.282	369
125.333	382
125.383	394
125.433	406
125.484	418
125.534	420
125.584	444
125.634	454
125.684	460
125.734	474
125.785	478
125.835	484
125.885	482
125.935	466
125.985	475
126.035	467
126.086	452
126.136	444
126.186	431
126.237	420
126.287	407
126.338	387
126.388	386
126.438	378
126.488	368
126.538	370
126.588	370
126.639	373
126.689	379
126.739	377
126.789	397
126.839	408
126.889	416
126.940	434
126.990	443
127.040	458
127.090	467
127.141	457
127.192	480
127.242	480
127.292	475
127.342	478
127.392	469
127.442	465
127.493	454
127.543	429
127.593	431
127.643	418
127.693	402
127.743	394
127.794	383
127.844	380
127.894	373
127.944	364
127.994	373
128.046	374
128.096	376
128.146	390
128.196	399
128.246	410
128.296	422
128.347	425
128.397	447
128.447	457
128.497	464
128.547	474
128.597	473
128.648	480
128.698	479
128.748	465
128.798	470
128.848	461
128.899	449
128.950	441
129.000	426
129.050	417
129.100	405
129.150	388
129.201	388
129.251	380
129.301	372
129.351	374
129.401	398
129.452	378
129.502	385
129.552	384
129.602	402
129.652	413
129.702	420
129.753	436
129.804	441
129.854	457
129.904	464
129.954	463
130.004	477
130.055	476
130.105	474
130.155	473
130.205	459
130.255	461
130.306	449
130.356	430
130.406	427
130.456	415
130.506	403
130.556	395
130.607	383
130.657	381
130.708	377
130.758	368
130.808	376
130.858	380
130.909	384
130.959	393
131.009	391
131.059	413
131.109	425
131.160	429
131.210	447
131.260	457
131.310	466
131.360	473
131.410	462
131.461	477
131.511	477
131.561	465
131.612	467
131.662	457
131.712	448
131.763	439
131.813	416
131.863	415
131.913	403
131.963	388
132.014	387
132.064	379
132.114	374
132.164	374
132.214	366
132.264	378
132.315	386
132.365	388
132.415	403
132.465	414
132.516	426
132.567	437
132.617	436
132.667	459
132.717	468
132.767	468
132.817	479
132.868	477
132.918	478
132.968	474
133.018	456
133.068	459
133.118	449
133.169	432
133.219	425
133.269	413
133.319	401
133.369	392
133.421	375
133.471	378
133.521	373
133.571	368
133.621	375
133.671	377
133.722	385
133.772	392
133.822	395
133.872	417
133.922	429
133.972	434
134.023	452
134.073	459
134.123	470
134.173	477
134.223	470
134.274	481
134.325	479
134.375	471
134.425	468
134.475	457
134.525	448
134.576	435
134.626	414
134.676	411
134.726	399
134.776	384
134.826	381
134.877	375
134.927	371
134.977	370
135.027	364
135.077	378
135.128	385
135.178	390
135.229	405
135.279	415
135.329	431
135.379	443
135.430	440
135.480	466
135.530	473
135.580	477
135.630	484
135.680	478
135.731	482
135.781	476
135.831	452
135.881	457
135.931	447
135.982	430
136.032	421
136.082	407
136.133	397
136.183	388
136.233	372
136.284	373
136.334	370
136.384	365
136.434	372
136.484	408
136.535	386
136.585	397
136.635	398
136.685	420
136.735	433
136.785	444
136.836	458
136.886	458
136.936	476
136.986	482
137.037	474
137.087	484
137.138	480
137.188	473
137.238	466
137.288	447
137.338	444
137.389	431
137.439	410
137.489	405
137.539	393
137.589	380
137.639	375
137.690	375
137.740	368
137.790	370
137.840	366
137.891	378
137.941	387
137.992	395
138.042	409
138.092	415
138.142	436
138.192	450
138.243	450
138.293	471
138.343	477
138.393	483
138.443	486
138.493	471
138.544	481
138.594	474
138.644	456
138.694	454
138.744	440
138.796	426
138.846	414
138.896	391
138.946	391
138.996	381
139.046	368
139.097	369
139.147	367
139.197	368
139.247	373
139.297	372
139.347	389
139.398	401
139.448	406
139.498	426
139.548	439
139.598	453
139.648	463
139.700	458
139.750	480
139.800	483
139.850	479
139.900	483
139.951	477
140.001	472
140.051	462
140.101	438
140.151	438
140.201	425
140.252	402
140.302	398
140.352	388
140.402	379
140.452	373
140.503	361
140.553	367
140.604	367
140.654	368
140.704	383
140.754	392
140.805	404
140.855	415
140.905	420
140.955	443
141.005	455
141.055	460
141.106	475
141.156	479
141.206	485
141.256	485
141.306	471
141.357	478
141.407	469
141.457	454
141.508	448
141.558	433
141.608	421
141.659	408
141.709	388
141.759	386
141.809	376
141.859	368
141.909	367
141.960	367
142.010	369
142.060	376
142.110	376
142.160	394
142.211	406
142.261	416
142.311	432
142.361	443
142.412	458
142.462	469
142.513	464
142.563	481
142.613	484
142.663	482
142.713	482
142.764	471
142.814	468
142.864	456
142.914	436
142.964	431
143.014	418
143.065	402
143.115	394
143.165	406
143.215	376
143.265	370
143.316	361
143.367	368
143.417	372
143.467	374
143.517	387
143.567	399
143.618	409
143.668	422
143.718	426
143.768	449
143.818	460
143.868	470
143.919	479
143.969	471
144.019	485
144.069	485
144.119	467
144.169	474
144.221	464
144.271	453
144.321	441
144.371	425
144.421	415
144.472	403
144.522	385
144.572	382
144.622	374
144.672	368
144.722	370
144.773	367
144.823	374
144.873	381
144.923	384
144.973	401
145.023	411
145.074	424
145.125	438
145.175	439
145.225	462
145.275	471
145.326	469
145.376	482
145.426	482
145.476	482
145.526	478
145.576	456
145.627	462
145.677	450
145.727	432
145.777	426
145.827	415
145.877	402
145.928	391
145.978	373
146.029	376
146.079	372
146.129	363
146.180	373
146.230	378
146.280	384
146.330	394
146.380	392
146.430	416
146.481	428
146.531	433
146.581	450
146.631	460
146.681	470
146.732	476
146.782	467
146.832	481
146.882	480
146.933	467
146.983	468
147.034	457
147.084	449
147.134	437
147.184	413
147.234	413
147.284	402
147.335	386
147.385	384
147.435	378
147.485	374
147.535	374
147.586	368
147.636	381
147.686	387
147.736	390
147.787	407
147.837	416
147.888	428
147.938	441
147.988	440
148.038	461
148.088	467
148.138	469
148.189	476
148.239	474
148.289	476
148.339	471
148.389	452
148.440	455
148.490	446
148.540	432
148.590	425
148.640	413
148.691	405
148.742	394
148.792	378
148.842	380
148.892	380
148.942	372
148.992	381
149.043	385
149.093	390
149.143	399
149.193	397
149.243	418
149.294	428
149.344	434
149.394	449
149.444	454
149.494	465
149.544	470
149.596	461
149.646	473
149.696	471
149.746	464
149.796	462
149.847	449
149.897	447
149.947	436
149.997	415
150.047	416
150.097	405
150.148	394
150.198	391
150.248	387
150.298	383
150.348	381
150.398	377
150.449	387
150.500	393
150.550	396
150.600	408
150.650	439
150.701	427
150.751	437
150.801	437
150.851	455
150.901	461
150.951	464
151.002	469
151.052	459
151.102	469
151.152	465
151.202	451
151.252	454
151.303	445
151.353	435
151.404	428
151.454	415
151.504	409
151.555	401
151.605	386
151.655	389
151.705	386
151.755	384
151.805	385
151.856	383
151.906	392
151.956	398
152.006	400
152.056	416
152.106	424
152.157	432
152.207	443
152.257	435
152.308	455
152.358	463
152.409	454
152.459	466
152.509	465
152.559	464
152.609	461
152.659	440
152.710	447
152.760	439
152.810	424
152.860	422
152.910	412
152.960	406
153.011	398
153.061	384
153.111	389
153.161	388
153.212	382
153.263	390
153.313	393
153.363	398
153.413	405
153.463	400
153.513	421
153.564	429
153.614	431
153.664	446
153.714	451
153.764	458
153.815	463
153.865	453
153.915	465
153.965	465
154.015	456
154.065	457
154.117	447
154.167	443
154.217	433
154.267	411
154.317	417
154.367	410
154.418	398
154.468	397
154.518	392
154.568	390
154.618	389
154.669	380
154.719	393
154.769	395
154.819	398
154.869	411
154.919	415
154.970	425
155.021	436
155.071	430
155.121	449
155.171	455
155.221	454
155.272	464
155.322	462
155.372	464
155.422	462
155.472	448
155.523	452
155.573	445
155.623	433
155.673	429
155.723	419
155.773	413
155.824	406
155.874	389
155.925	394
155.975	390
156.025	384
156.076	389
156.126	391
156.176	395
156.226	400
156.276	397
156.326	413
156.377	422
156.427	428
156.477	439
156.527	443
156.577	456
156.627	460
156.678	452
156.728	466
156.778	466
156.829	461
156.879	462
156.930	452
156.980	449
157.030	441
157.080	424
157.130	424
157.180	415
157.231	402
157.281	399
157.331	395
157.381	389
157.431	386
157.481	379
157.532	387
157.582	389
157.632	392
157.682	402
157.733	409
157.784	420
157.834	427
157.884	428
157.934	446
157.984	455
158.034	460
158.085	466
158.135	461
158.185	471
158.235	469
158.285	456
158.335	461
158.386	451
158.436	445
158.486	434
158.536	415
158.586	416
158.638	408
158.688	390
158.738	389
158.788	385
158.838	381
158.888	381
158.939	375
158.989	386
159.039	392
159.089	392
159.139	407
159.189	417
159.240	427
159.290	438
159.340	435
159.390	457
159.440	464
159.491	462
159.542	473
159.592	473
159.642	473
159.692	469
159.742	451
159.793	456
159.843	446
159.893	430
159.943	425
159.993	414
160.044	405
160.094	395
160.144	377
160.194	381
160.244	378
160.294	369
160.345	378
160.396	383
160.446	389
160.496	397
160.546	395
160.596	416
160.647	427
160.697	432
160.747	449
160.797	457
160.847	467
160.898	473
160.948	464
160.998	479
161.048	478
161.098	466
161.148	466
161.199	456
161.249	448
161.300	436
161.350	416
161.400	414
161.450	403
161.501	388
161.551	385
161.601	379
161.651	376
161.701	374
161.752	368
161.802	381
161.852	387
161.902	390
161.952	405
162.002	414
162.053	429
162.103	440
162.153	441
162.204	462
162.254	469
162.304	472
162.355	481
162.405	479
162.455	479
162.505	475
162.555	457
162.606	459
162.656	447
162.706	429
162.756	424
162.806	411
162.856	401
162.907	389
162.957	374
163.007	376
163.057	372
163.108	366
163.159	373
163.209	378
163.259	386
163.309	395
163.359	397
163.409	418
163.460	430
163.510	441
163.560	455
163.610	461
163.660	475
163.710	481
163.761	473
163.811	483
163.861	480
163.911	474
163.961	469
164.013	453
164.063	446
164.113	433
164.163	412
164.213	409
164.263	396
164.314	384
164.364	379
164.414	377
164.464	369
164.514	370
164.564	363
164.615	378
164.665	385
164.715	394
164.765	408
164.815	417
164.866	434
164.917	448
164.967	449
165.017	470
165.067	478
165.117	483
165.168	486
165.218	473
165.268	482
165.318	476
165.368	458
165.418	457
165.469	443
165.519	429
165.569	417
165.619	399
165.669	392
165.720	381
165.770	369
165.821	369
165.871	366
165.921	366
165.971	370
166.022	371
166.072	388
166.122	399
166.172	406
166.222	424
166.272	438
166.323	454
166.373	465
166.423	462
166.473	481
166.523	486
166.574	481
166.624	487
166.674	481
166.725	476
166.775	465
166.825	437
166.876	440
166.926	426
166.976	404
167.026	399
167.076	387
167.127	377
167.177	370
167.227	356
167.277	365
167.327	366
167.377	366
167.428	379
167.478	389
167.528	402
167.578	416
167.629	419
167.679	445
167.730	458
167.780	464
167.830	480
167.880	483
167.930	491
167.981	491
168.031	474
168.081	482
168.131	472
168.181	457
168.231	449
168.282	435
168.332	421
168.382	406
168.432	384
168.483	381
168.533	373
168.584	362
168.634	364
168.684	363
168.734	366
168.784	373
168.835	374
168.885	394
168.935	406
168.985	416
169.035	435
169.085	447
169.136	463
169.186	474
169.236	470
169.286	489
169.336	492
169.388	485
169.438	487
169.488	478
169.538	471
169.588	458
169.638	432
169.689	429
169.739	415
169.789	397
169.839	390
169.889	379
169.939	369
169.990	364
170.040	354
170.090	363
170.140	367
170.190	369
170.240	385
170.292	399
170.342	413
170.392	425
170.442	431
170.492	454
170.543	466
170.593	474
170.643	485
170.693	485
170.743	492
170.793	490
170.844	473
170.894	478
170.944	466
170.994	451
171.044	440
171.095	423
171.145	411
171.196	397
171.246	378
171.296	374
171.346	367
171.397	360
171.447	363
171.497	367
171.547	370
171.597	378
171.647	381
171.698	401
171.748	414
171.798	429
171.848	444
171.898	451
171.949	470
171.999	480
172.049	476
172.100	490
172.150	489
172.200	486
172.251	482
172.301	460
172.351	463
172.401	449
172.451	426
172.501	421
172.552	407
172.602	392
172.652	383
172.702	367
172.752	368
172.803	364
172.853	358
172.903	368
172.953	374
173.004	381
173.054	394
173.105	399
173.155	421
173.205	436
173.255	441
173.305	461
173.356	473
173.406	482
173.456	487
173.506	474
173.556	488
173.606	484
173.657	471
173.707	470
173.757	455
173.807	444
173.857	431
173.908	406
173.959	405
174.009	393
174.059	373
174.109	373
174.159	369
174.210	366
174.260	367
174.310	361
174.360	378
174.410	388
174.460	392
174.511	412
174.561	423
174.611	439
174.661	452
174.711	451
174.761	473
174.813	481
174.863	478
174.913	487
174.963	483
175.013	481
175.064	474
175.114	451
175.164	452
175.214	440
175.264	422
175.314	415
175.365	402
175.415	390
175.465	382
175.515	366
175.565	370
175.615	369
175.666	365
175.717	376
175.767	382
175.817	392
175.867	402
175.918	404
175.968	430
176.018	443
176.068	449
176.118	463
176.168	470
176.219	481
176.269	484
176.319	470
176.369	483
176.419	477
176.469	467
176.520	461
176.570	447
176.621	437
176.671	424
176.721	402
176.772	399
176.822	389
176.872	376
176.922	375
176.972	371
177.022	370
177.073	373
177.123	371
177.173	387
177.223	396
177.273	400
177.324	419
177.374	431
177.424	444
177.474	457
177.525	456
177.575	475
177.626	480
177.676	481
177.726	484
177.776	477
177.826	476
177.876	467
177.927	443
177.977	448
178.027	432
178.077	417
178.127	409
178.178	395
178.228	387
178.278	380
178.328	364
178.379	371
178.429	371
178.480	370
178.530	380
178.580	388
178.630	398
178.680	409
178.730	413
178.781	433
178.831	446
178.881	456
178.931	468
178.981	465
179.032	481
179.082	484
179.132	473
179.182	480
179.232	472
179.283	464
179.334	455
179.384	436
179.434	431
179.484	419
179.534	397
179.584	396
179.635	386
179.685	376
179.735	372
179.785	375
179.835	372
179.886	374
179.936	374
179.986	390
180.036	400
180.086	410
180.136	422
180.188	431
180.238	449
180.288	461
180.338	460
180.388	479
180.439	481
180.489	483
180.539	483
180.589	465
180.639	473
180.689	464
180.740	446
180.790	442
180.840	429
180.890	416
180.940	404
180.990	384
181.041	384
181.092	377
181.142	368
181.192	371
181.242	371
181.293	376
181.343	383
181.393	380
181.443	401
181.493	414
181.543	419
181.594	439
181.644	450
181.694	463
181.744	473
181.794	464
181.844	484
181.895	483
181.945	478
181.996	479
182.046	469
182.096	463
182.147	451
182.197	429
182.247	425
182.297	415
182.347	396
182.397	391
182.448	381
182.498	376
182.548	371
182.598	362
182.648	372
182.698	376
182.749	378
182.799	393
182.849	403
182.900	416
182.950	429
183.001	430
183.051	454
183.101	465
183.151	467
183.201	480
183.251	478
183.302	486
183.352	483
183.402	466
183.452	470
183.502	460
183.552	445
183.603	437
183.653	423
183.703	413
183.753	400
183.804	380
183.855	382
183.905	375
183.955	368
184.005	370
184.055	373
184.105	377
184.156	385
184.206	386
184.256	406
184.306	417
184.356	427
184.407	444
184.457	453
184.507	467
184.557	475
184.607	470
184.657	484
184.709	484
184.759	479
184.809	477
184.859	463
184.909	459
184.959	447
185.010	425
185.060	422
185.110	408
185.160	394
185.210	388
185.261	382
185.311	371
185.361	370
185.411	364
185.461	373
185.511	377
185.562	381
185.613	397
185.663	407
185.713	422
185.763	434
185.813	434
185.864	458
185.914	466
185.964	477
186.014	483
186.064	475
186.115	485
186.165	482
186.215	465
186.265	468
186.315	457
186.365	444
186.416	432
186.466	415
186.517	405
186.567	394
186.617	376
186.668	376
186.718	371
186.768	368
186.818	369
186.868	367
186.918	380
186.969	389
187.019	392
187.069	411
187.119	423
187.169	437
187.219	451
187.270	450
187.320	472
187.370	480
187.421	477
187.471	486
187.522	485
187.572	482
187.622	473
187.672	448
187.722	454
187.772	441
187.823	420
187.873	415
187.923	401
187.973	391
188.023	382
188.073	365
188.124	368
188.174	370
188.224	362
188.274	374
188.325	381
188.376	390
188.426	402
188.476	400
188.526	428
188.576	442
188.626	448
188.677	466
188.727	473
188.777	482
188.827	486
188.877	474
188.927	486
188.978	480
189.028	468
189.078	463
189.128	448
189.178	436
189.230	424
189.280	400
189.330	398
189.380	385
189.430	374
189.480	372
189.531	367
189.581	366
189.631	369
189.681	369
189.731	382
189.781	392
189.832	400
189.882	420
189.932	431
189.982	446
190.032	458
190.083	457
190.134	478
190.184	484
190.234	484
190.284	488
190.334	482
190.385	479
190.435	470
190.485	447
190.535	447
190.585	433
190.636	414
190.686	405
190.736	393
190.786	383
190.836	374
190.886	362
190.937	366
190.988	366
191.038	364
191.088	375
191.138	383
191.188	396
191.239	408
191.289	409
191.339	436
191.389	450
191.439	459
191.490	475
191.540	478
191.590	487
191.640	490
191.690	476
191.740	484
191.791	477
191.841	466
191.892	455
191.942	439
191.992	429
192.042	416
192.093	394
192.143	390
192.193	380
192.243	368
192.293	367
192.344	391
192.394	367
192.444	371
192.494	371
192.544	388
192.594	399
192.645	409
192.695	426
192.745	435
192.796	454
192.846	465
192.896	465
192.947	482
192.997	486
193.047	488
193.097	487
193.147	471
193.198	475
193.248	465
193.298	442
193.348	440
193.398	426
193.448	410
193.499	399
193.549	383
193.599	379
193.649	373
193.700	362
193.751	365
193.801	371
193.851	372
193.901	382
193.951	387
194.001	403
194.052	414
194.102	422
194.152	442
194.202	455
194.252	467
194.302	476
194.353	466
194.403	485
194.453	486
194.503	476
194.553	478
194.605	469
194.655	460
194.705	449
194.755	424
194.805	423
194.855	410
194.906	392
194.956	388
195.006	379
195.056	374
195.106	370
195.156	360
195.207	373
195.257	380
195.307	379
195.357	395
195.407	406
195.458	419
195.509	432
195.559	432
195.609	455
195.659	465
195.709	465
195.760	479
195.810	478
195.860	482
195.910	478
195.960	462
196.010	466
196.061	456
196.111	438
196.161	434
196.211	419
196.261	409
196.312	400
196.362	380
196.413	383
196.463	377
196.513	368
196.563	374
196.614	378
196.664	383
196.714	390
196.764	391
196.814	410
196.864	421
196.915	428
196.965	444
197.015	451
197.065	463
197.115	470
197.166	463
197.216	476
197.266	476
197.317	469
197.367	468
197.417	459
197.468	452
197.518	444
197.568	422
197.618	422
197.668	410
197.719	396
197.769	394
197.819	385
197.869	381
197.919	378
197.969	371
198.020	383
198.070	386
198.120	387
198.170	401
198.221	410
198.271	422
198.322	432
198.372	432
198.422	451
198.472	459
198.522	462
198.573	471
198.623	469
198.673	472
198.723	470
198.773	451
198.823	459
198.874	450
198.924	439
198.974	432
199.024	419
199.075	412
199.125	403
199.176	388
199.226	389
199.276	385
199.326	381
199.376	382
199.427	385
199.477	389
199.527	395
199.577	394
199.627	411
199.677	420
199.728	428
199.778	438
199.828	439
199.878	457
199.928	463
199.980	458
200.030	470
200.080	470
200.130	465
200.180	465
200.230	450
200.281	451
200.331	441
200.381	426
200.431	424
200.481	414
200.531	404
200.582	398
200.632	383
200.682	387
200.732	384
200.782	377
200.832	385
200.884	389
200.934	392
200.984	402
201.034	407
201.084	419
201.135	429
201.185	430
201.235	447
201.285	454
201.335	461
201.385	467
201.436	455
201.486	471
201.536	468
201.586	456
201.636	459
201.687	451
201.737	444
201.788	435
201.838	413
201.888	416
201.938	407
201.989	392
202.039	393
202.089	387
202.139	384
202.189	383
202.239	373
202.290	388
202.340	392
202.390	392
202.440	409
202.490	417
202.541	426
202.591	436
202.641	429
202.692	455
202.742	460
202.792	458
202.843	470
202.893	469
202.943	470
202.993	467
203.043	446
203.093	455
203.144	446
203.194	432
203.244	427
203.294	417
203.344	408
203.395	399
203.445	385
203.495	388
203.545	384
203.596	376
203.646	383
203.697	385
203.747	391
203.797	397
203.847	394
203.897	414
203.948	425
203.998	428
204.048	444
204.098	449
204.148	461
204.198	467
204.249	457
204.299	473
204.349	471
204.399	464
204.449	462
204.500	454
204.551	448
204.601	438
204.651	418
204.701	419
204.751	408
204.802	395
204.852	391
204.902	385
204.952	381
205.002	379
205.052	372
205.103	382
205.153	387
205.203	390
205.253	403
205.303	411
205.353	423
205.405	434
205.455	433
205.505	455
205.555	463
205.605	466
205.656	473
205.706	471
205.756	476
205.806	471
205.856	453
205.906	459
205.957	449
206.007	436
206.057	429
206.107	438
206.157	405
206.207	397
206.258	382
206.309	381
206.359	376
206.409	370
206.459	375
206.510	383
206.560	385
206.610	391
206.660	394
206.710	412
206.760	422
206.811	432
206.861	447
206.911	449
206.961	467
207.011	473
207.061	469
207.112	480
207.162	478
207.213	475
207.263	470
207.313	452
207.364	451
207.414	439
207.464	418
207.514	415
207.564	403
207.614	390
207.665	383
207.715	379
207.765	372
207.815	371
207.865	364
207.916	376
207.966	383
208.016	389
208.066	402
208.117	407
208.167	426
208.218	440
208.268	438
208.318	461
208.368	469
208.418	476
208.468	483
208.519	463
208.569	482
208.619	477
208.669	463
208.719	460
208.770	449
208.820	437
208.870	424
208.920	400
208.971	399
209.021	388
209.072	373
209.122	373
209.172	368
209.222	368
209.272	369
209.322	365
209.373	381
209.423	391
209.473	394
209.523	415
209.573	428
209.624	444
209.674	456
209.724	451
209.774	477
209.824	481
209.875	478
209.926	485
209.976	480
210.026	478
210.076	469
210.126	444
210.176	448
210.227	434
210.277	414
210.327	407
210.377	394
210.427	385
210.478	375
210.528	361
210.578	365
210.628	364
210.678	362
210.728	374
210.780	383
210.830	394
210.880	406
210.930	409
210.980	434
211.031	447
211.081	457
211.131	471
211.181	477
211.231	485
211.281	488
211.332	474
211.382	484
211.432	477
211.482	464
211.532	455
211.582	440
211.633	429
211.684	416
211.734	390
211.784	390
211.834	380
211.885	364
211.935	366
211.985	363
212.035	364
212.085	368
212.135	366
212.186	386
212.236	396
212.286	404
212.336	423
212.386	438
212.436	452
212.487	466
212.537	464
212.588	485
212.638	488
212.688	487
212.739	489
212.789	479
212.839	476
212.889	465
212.939	442
212.989	440
213.040	424
213.090	407
213.140	396
213.190	404
213.240	374
213.290	367
213.341	356
213.391	361
213.441	364
213.492	365
213.542	377
213.593	407
213.643	402
213.693	414
213.743	420
213.793	445
213.843	458
213.894	468
213.944	480
213.994	474
214.044	491
214.094	492
214.144	478
214.195	482
214.245	473
214.295	462
214.345	449
214.396	429
214.447	419
214.497	403
214.547	384
214.597	380
214.647	369
214.697	362
214.748	360
214.798	359
214.848	365
214.898	370
214.948	372
214.999	392
215.049	406
215.099	420
215.149	435
215.199	437
215.249	464
215.301	475
215.351	476
215.401	490
215.451	491
215.501	491
215.551	488
215.602	466
215.652	470
215.702	456
215.752	436
215.802	428
215.853	411
215.903	397
215.953	385
216.003	366
216.053	366
216.103	361
216.154	352
216.205	360
216.255	365
216.305	375
216.355	383
216.405	386
216.456	411
216.506	427
216.556	436
216.606	457
216.656	468
216.707	480
216.757	487
216.807	480
216.857	490
216.907	490
216.957	477
217.008	476
217.058	463
217.109	451
217.159	436
217.209	406
217.260	406
217.310	392
217.360	374
217.410	370
217.460	363
217.510	358
217.561	358
217.611	352
217.661	369
217.711	378
217.761	384
217.811	403
217.862	417
217.912	433
217.962	449
218.013	451
218.063	475
218.114	484
218.164	486
218.214	493
218.264	491
218.314	489
218.364	481
218.415	459
218.465	460
218.515	444
218.565	425
218.615	415
218.665	396
218.716	385
218.766	374
218.816	357
218.866	358
218.917	358
218.968	353
219.018	363
219.068	371
219.118	382
219.168	394
219.218	401
219.269	425
219.319	441
219.369	452
219.419	469
219.469	476
219.519	488
219.570	493
219.620	484
219.670	493
219.720	485
219.770	475
219.822	465
219.872	446
219.922	438
219.972	421
220.022	396
220.072	391
220.123	379
220.173	365
220.223	361
220.273	363
220.323	355
220.373	359
220.424	356
220.474	373
220.524	387
220.574	398
220.624	416
220.675	426
220.726	449
220.776	463
220.826	464
220.876	486
220.926	492
220.977	496
221.027	496
221.077	477
221.127	485
221.177	474
221.228	451
221.278	446
221.328	429
221.378	412
221.428	398
221.478	383
221.529	371
221.580	361
221.630	349
221.680	353
221.730	355
221.780	357
221.831	366
221.881	379
221.931	393
221.981	408
222.031	417
222.082	442
222.132	456
222.182	472
222.232	485
222.282	473
222.332	497
222.383	498
222.433	485
222.484	490
222.534	480
222.584	468
222.634	454
222.685	425
222.735	421
222.785	405
222.835	384
222.885	374
222.936	364
222.986	356
223.036	351
223.086	342
223.136	354
223.186	361
223.237	365
223.287	385
223.337	400
223.388	416
223.438	434
223.488	438
223.539	466
223.589	479
223.639	483
223.689	496
223.739	497
223.790	499
223.840	496
223.890	473
223.940	476
223.990	462
224.040	441
224.091	430
224.141	411
224.191	395
224.241	382
224.292	359
224.343	359
224.393	353
224.443	345
224.493	352
224.543	358
224.593	364
224.644	375
224.694	381
224.744	408
224.794	425
224.844	438
224.894	458
224.945	470
224.995	484
225.045	494
225.095	484
225.145	501
225.197	497
225.247	487
225.297	482
225.347	466
225.397	454
225.447	438
225.498	411
225.548	404
225.598	387
225.648	370
225.698	364
225.748	356
225.799	351
225.849	351
225.899	348
225.949	360
225.999	372
226.050	380
226.101	398
226.151	415
226.201	433
226.251	450
226.301	453
226.352	478
226.402	485
226.452	493
226.502	499
226.552	491
226.602	493
226.653	485
226.703	462
226.753	463
226.803	445
226.853	427
226.904	412
226.954	397
227.005	383
227.055	370
227.105	353
227.155	355
227.206	352
227.256	350
227.306	359
227.356	373
227.406	379
227.456	392
227.507	400
227.557	424
227.607	440
227.657	453
227.707	469
227.758	466
227.808	490
227.858	494
227.909	485
227.959	495
228.009	487
228.060	476
228.110	468
228.160	444
228.210	438
228.260	422
228.311	398
228.361	391
228.411	377
228.461	364
228.511	361
228.561	351
228.612	355
228.662	358
228.712	358
228.762	374
228.813	388
228.863	398
228.914	414
228.964	425
229.014	448
229.064	461
229.114	464
229.165	482
229.215	486
229.265	492
229.315	491
229.365	471
229.415	481
229.466	471
229.516	451
229.566	445
229.616	430
229.667	416
229.717	401
229.768	379
229.818	377
229.868	369
229.918	356
229.968	360
230.019	361
230.069	364
230.119	373
230.169	373
230.219	394
230.269	408
230.320	414
230.370	435
230.420	447
230.470	462
230.520	472
230.572	465
230.622	484
230.672	485
230.722	477
230.772	482
230.822	472
230.873	464
230.923	452
230.973	425
231.023	425
231.073	412
231.123	394
231.174	388
231.224	379
231.274	373
231.324	369
231.374	356
231.424	368
231.476	373
231.526	373
231.576	389
231.626	399
231.676	413
231.727	425
231.777	426
231.827	450
231.877	460
231.927	462
231.977	475
232.028	476
232.078	480
232.128	478
232.178	461
232.228	466
232.279	457
232.329	441
232.380	435
232.430	422
232.480	411
232.530	399
232.581	381
232.631	382
232.681	377
232.731	368
232.781	372
232.831	375
232.882	379
232.932	386
232.982	387
233.032	405
233.082	416
233.133	421
233.183	437
233.233	446
233.284	458
233.334	464
233.384	457
233.435	472
233.485	472
233.535	468
233.585	466
233.635	457
233.685	452
233.736	442
233.786	420
233.836	422
233.886	412
233.936	400
233.987	394
234.037	387
234.087	383
234.137	380
234.188	373
234.238	382
234.289	385
234.339	386
234.389	399
234.439	422
234.489	418
234.540	425
234.590	424
234.640	446
234.690	450
234.740	457
234.790	464
234.841	455
234.891	467
234.941	464
234.991	452
235.041	456
235.092	449
235.143	440
235.193	434
235.243	420
235.293	415
235.343	406
235.394	391
235.444	393
235.494	388
235.544	384
235.594	385
235.644	375
235.695	389
235.745	393
235.795	393
235.845	406
235.895	414
235.945	423
235.997	432
236.047	431
236.097	448
236.147	453
236.197	448
236.248	462
236.298	462
236.348	461
236.398	460
236.448	440
236.498	449
236.549	442
236.599	427
236.649	426
236.699	417
236.749	411
236.799	403
236.850	388
236.901	393
236.951	389
237.001	382
237.051	389
237.102	388
237.152	393
237.202	396
237.252	393
237.302	412
237.352	419
237.403	421
237.453	436
237.503	442
237.553	450
237.603	455
237.653	444
237.704	461
237.754	461
237.805	454
237.855	457
237.905	451
237.956	446
238.006	439
238.056	417
238.106	423
238.156	414
238.206	400
238.257	400
238.307	395
238.357	391
238.407	387
238.457	378
238.508	386
238.558	390
238.608	389
238.658	401
238.709	407
238.759	416
238.810	423
238.860	423
238.910	441
238.960	446
239.010	448
239.060	459
239.111	459
239.161	464
239.211	463
239.261	449
239.311	456
239.362	450
239.412	438
239.462	435
239.512	425
239.563	418
239.613	409
239.664	388
239.714	394
239.764	388
239.814	380
239.864	383
239.914	383
239.965	386
240.015	391
240.065	387
240.115	403
240.165	413
240.216	416
240.266	432
240.316	437
240.366	449
240.416	458
240.467	451
240.518	466
240.568	469
240.618	464
240.668	467
240.718	458
240.768	455
240.819	446
240.869	427
240.919	429
240.969	417
241.019	404
241.070	399
241.120	390
241.170	384
241.220	380
241.270	372
241.320	378
241.372	383
241.422	381
241.472	392
241.522	399
241.572	410
241.623	421
241.673	422
241.723	442
241.773	450
241.823	458
241.873	468
241.924	462
241.974	474
242.024	475
242.074	459
242.124	466
242.174	459
242.225	448
242.276	439
242.326	424
242.376	417
242.426	406
242.477	386
242.527	385
242.577	380
242.627	372
242.677	373
242.727	367
242.778	376
242.828	382
242.878	380
242.928	399
242.978	410
243.028	421
243.079	435
243.129	431
243.180	457
243.230	466
243.280	464
243.331	478
243.381	479
243.431	479
243.481	475
243.531	454
243.581	461
243.632	450
243.682	431
243.732	425
243.782	412
243.832	401
243.882	390
243.933	373
243.983	374
244.033	370
244.084	360
244.134	369
244.185	374
244.235	380
244.285	389
244.335	389
244.385	412
244.435	425
244.486	431
244.536	450
244.586	460
244.636	470
244.686	479
244.736	466
244.787	484
244.837	483
244.887	469
244.937	469
244.988	459
245.039	448
245.089	435
245.139	408
245.189	409
245.239	397
245.289	378
245.340	376
245.390	370
245.440	366
245.490	365
245.540	357
245.591	372
245.641	380
245.691	385
245.741	402
245.791	414
245.841	429
245.893	442
245.943	443
245.993	466
246.043	475
246.093	476
246.143	487
246.194	482
246.244	483
246.294	477
246.344	457
246.394	459
246.445	447
246.495	428
246.545	419
246.595	403
246.645	393
246.695	381
246.746	362
246.797	368
246.847	363
246.897	356
246.947	365
246.997	373
247.048	382
247.098	393
247.148	393
247.198	419
247.248	433
247.299	444
247.349	460
247.399	466
247.449	479
247.499	485
247.549	477
247.600	487
247.650	482
247.701	474
247.751	467
247.801	451
247.852	442
247.902	428
247.952	403
248.002	400
248.052	387
248.102	373
248.153	369
248.203	391
248.253	363
248.303	363
248.353	360
248.403	375
248.454	384
248.504	392
248.554	409
248.605	420
248.655	438
248.706	452
248.756	454
248.806	474
248.856	480
248.906	487
248.956	490
249.007	474
249.057	482
249.107	475
249.157	455
249.207	451
249.257	436
249.308	421
249.358	408
249.408	391
249.458	383
249.509	373
249.560	360
249.610	361
249.660	361
249.710	361
249.760	369
249.810	371
249.861	388
249.911	399
249.961	408
250.011	429
250.061	443
250.111	456
250.162	468
250.212	464
250.262	487
250.312	487
250.362	481
250.414	486
250.464	478
250.514	470
250.564	461
250.614	431
250.664	432
250.715	417
250.765	396
250.815	389
250.865	378
250.915	370
250.965	364
251.016	352
251.066	361
251.116	365
251.166	364
251.216	381
251.267	392
251.318	405
251.368	420
251.418	422
251.468	449
251.518	462
251.569	466
251.619	482
251.669	485
251.719	489
251.769	489
251.820	466
251.870	478
251.920	467
251.970	448
252.020	441
252.070	425
252.121	412
252.172	398
252.222	378
252.272	375
252.322	366
252.372	357
252.423	360
252.473	361
252.523	365
252.573	374
252.623	376
252.674	397
252.724	412
252.774	420
252.824	441
252.874	452
252.924	466
252.975	477
253.025	471
253.076	489
253.126	489
253.176	483
253.226	483
253.277	471
253.327	464
253.377	450
253.427	424
253.477	421
253.528	406
253.578	388
253.628	381
253.678	371
253.728	364
253.778	360
253.829	352
253.879	363
253.929	368
253.980	372
254.030	388
254.080	401
254.131	416
254.181	432
254.231	432
254.281	459
254.331	470
254.382	475
254.432	486
254.482	484
254.532	489
254.582	485
254.632	468
254.683	470
254.733	459
254.783	442
254.833	430
254.884	415
254.935	402
254.985	388
255.035	368
255.085	370
255.135	363
255.185	356
255.236	361
255.286	371
255.336	371
255.386	382
255.436	385
255.486	407
255.537	421
255.587	434
255.637	450
255.687	453
255.737	473
255.789	482
255.839	477
255.889	489
255.939	487
255.989	483
256.039	476
256.090	455
256.140	455
256.190	442
256.240	417
256.290	411
256.340	397
256.391	384
256.441	374
256.491	359
256.541	362
256.591	360
256.642	358
256.693	369
256.743	377
256.793	384
256.843	398
256.893	407
256.944	427
256.994	440
257.044	447
257.094	466
257.144	475
257.194	483
257.245	487
257.295	473
257.345	486
257.395	481
257.445	463
257.496	462
257.546	448
257.597	435
257.647	422
257.697	393
257.747	394
257.798	382
257.848	364
257.898	367
257.948	363
257.998	364
258.048	366
258.099	363
258.149	379
258.199	392
258.249	398
258.299	417
258.350	429
258.400	445
258.450	457
258.501	453
258.551	476
258.601	482
258.652	480
258.702	485
258.752	482
258.802	478
258.852	468
258.903	441
258.953	445
259.003	431
259.053	410
259.103	404
259.153	391
259.204	381
259.254	373
259.304	360
259.354	365
259.405	366
259.455	362
259.506	375
259.556	384
259.606	395
259.656	406
259.706	411
259.757	434
259.807	446
259.857	455
259.907	471
259.957	475
260.007	483
260.058	484
260.108	470
260.158	480
260.208	474
260.259	456
260.309	454
260.360	438
260.410	429
260.460	414
260.510	391
260.560	392
260.611	380
260.661	368
260.711	369
260.761	367
260.811	368
260.861	373
260.912	371
260.962	388
261.012	399
261.062	408
261.112	424
261.164	435
261.214	450
261.264	461
261.314	459
261.364	478
261.414	481
261.465	480
261.515	482
261.565	473
261.615	470
261.665	461
261.715	437
261.766	437
261.816	424
261.866	404
261.916	399
261.966	387
262.016	378
262.068	373
262.118	361
262.168	368
262.218	369
262.268	370
262.319	383
262.369	391
262.419	403
262.469	416
262.519	416
262.569	441
262.620	451
262.670	461
262.720	471
262.770	467
262.820	482
262.871	482
262.921	470
262.972	475
263.022	466
263.072	456
263.122	447
263.173	429
263.223	421
263.273	409
263.323	390
263.373	387
263.423	378
263.474	370
263.524	370
263.574	373
263.624	370
263.674	376
263.725	378
263.775	394
263.825	405
263.876	416
263.926	429
263.976	431
264.027	454
264.077	464
264.127	464
264.177	480
264.227	480
264.277	481
264.328	479
264.378	459
264.428	467
264.478	455
264.528	436
264.579	433
264.629	417
264.679	406
264.729	393
264.780	375
264.830	377
264.881	373
264.931	362
264.981	369
265.031	372
265.081	378
265.132	386
265.182	386
265.232	408
265.282	420
265.332	426
265.382	445
265.433	454
265.483	466
265.533	473
265.583	462
265.633	480
265.684	480
265.735	471
265.785	472
265.835	461
265.885	452
265.935	441
265.986	419
266.036	416
266.086	405
266.136	388
266.186	383
266.236	377
266.287	372
266.337	372
266.387	362
266.437	372
266.487	379
266.537	384
266.589	398
266.639	409
266.689	422
266.739	434
266.789	434
266.840	457
266.890	465
266.940	468
266.990	478
267.040	477
267.090	479
267.141	475
267.191	457
267.241	462
267.291	451
267.341	436
267.391	428
267.442	414
267.493	405
267.543	393
267.593	376
267.643	379
267.694	373
267.744	368
267.794	372
267.844	376
267.894	382
267.944	389
267.995	392
268.045	412
268.095	423
268.145	432
268.195	446
268.245	453
268.296	465
268.346	474
268.397	466
268.447	477
268.497	478
268.548	471
268.598	468
268.648	455
268.698	451
268.748	437
268.798	414
268.849	416
268.899	404
268.949	390
268.999	386
269.049	379
269.100	376
269.150	374
269.200	368
269.250	379
269.301	384
269.351	389
269.402	402
269.452	411
269.502	422
269.552	436
269.602	436
269.652	457
269.703	464
269.753	468
269.803	475
269.853	465
269.903	475
269.954	471
270.004	456
270.054	459
270.104	449
270.155	433
270.205	426
270.256	414
270.306	404
270.356	395
270.406	379
270.456	380
270.506	377
270.557	374
270.607	377
270.657	383
270.707	385
270.757	394
270.808	394
270.858	413
270.908	421
270.958	434
271.008	445
271.059	446
271.110	463
271.160	468
271.210	464
271.260	474
271.310	471
271.360	469
271.411	464
271.461	443
271.511	448
271.561	436
271.611	418
271.662	417
271.712	406
271.762	398
271.812	389
271.862	372
271.912	380
271.964	378
272.014	373
272.064	382
272.114	388
272.164	394
272.215	402
272.265	401
272.315	424
272.365	432
272.415	437
272.465	451
272.516	459
272.566	468
272.616	471
272.666	458
272.716	472
272.766	468
272.817	456
272.868	456
272.918	446
272.968	438
273.018	428
273.069	408
273.119	408
273.169	399
273.219	386
273.269	386
273.319	382
273.370	380
273.420	381
273.470	376
273.520	388
273.570	396
273.620	398
273.671	411
273.721	421
273.772	431
273.822	442
273.872	437
273.923	457
273.973	464
274.023	460
274.073	469
274.123	467
274.173	467
274.224	463
274.274	446
274.324	448
274.374	439
274.424	426
274.474	420
274.525	409
274.575	402
274.625	394
274.676	380
274.726	384
274.777	381
274.827	376
274.877	384
274.927	387
274.977	395
275.027	402
275.078	401
275.128	420
275.178	430
275.228	436
275.278	449
275.328	454
275.379	464
275.429	466
275.479	458
275.529	470
275.580	467
275.631	461
275.681	457
275.731	445
275.781	439
275.831	430
275.881	412
275.932	411
275.982	402
276.032	392
276.082	389
276.132	403
276.183	379
276.233	381
276.283	376
276.333	387
276.383	392
276.433	396
276.485	409
276.535	415
276.585	430
276.635	438
276.685	437
276.735	457
276.786	463
276.836	468
276.886	471
276.936	461
276.986	470
277.037	466
277.087	450
277.137	452
277.187	442
277.237	432
277.287	422
277.338	407
277.389	402
277.439	394
277.489	380
277.539	382
277.589	378
277.640	376
277.690	379
277.740	375
277.790	390
277.840	400
277.891	401
277.941	417
277.991	429
278.041	438
278.091	450
278.141	443
278.192	468
278.242	470
278.293	465
278.343	476
278.393	471
278.444	467
278.494	463
278.544	440
278.594	443
278.644	433
278.694	416
278.745	411
278.795	400
278.845	392
278.895	384
278.945	370
278.995	376
279.046	375
279.096	370
279.146	381
279.197	388
279.247	397
279.298	407
279.348	408
279.398	430
279.448	442
279.498	446
279.548	462
279.599	468
279.649	475
279.699	477
279.749	464
279.799	476
279.849	470
279.900	457
279.950	454
280.000	441
280.050	433
280.101	419
280.152	397
280.202	395
280.252	388
280.302	376
280.352	375
280.402	373
280.453	370
280.503	373
280.553	369
280.603	388
280.653	397
280.703	402
280.754	420
280.804	431
280.854	445
280.904	456
280.954	454
281.006	474
281.056	479
281.106	476
281.156	481
281.206	475
281.256	473
281.307	465
281.357	442
281.407	442
281.457	430
281.507	413
281.557	406
281.608	394
281.658	384
281.708	376
281.758	361
281.808	369
281.859	369
281.910	370
281.960	380
282.010	386
282.060	397
282.110	408
282.161	412
282.211	435
282.261	448
282.311	458
282.361	469
282.412	473
282.462	483
282.512	485
282.562	470
282.612	480
282.662	472
282.713	463
282.764	453
282.814	437
282.864	427
282.914	414
282.964	393
283.015	390
283.065	380
283.115	368
283.165	368
283.215	367
283.266	369
283.316	372
283.366	372
283.416	389
283.466	398
283.516	408
283.567	425
283.617	433
283.668	452
283.718	463
283.768	462
283.818	482
283.869	484
283.919	484
283.969	484
284.019	468
284.069	471
284.120	463
284.170	438
284.220	439
284.270	423
284.320	408
284.370	398
284.421	383
284.471	376
284.521	370
284.572	360
284.622	365
284.672	368
284.723	370
284.773	380
284.823	383
284.873	403
284.923	416
284.974	420
285.024	444
285.074	455
285.124	467
285.174	476
285.224	468
285.275	486
285.325	486
285.375	477
285.425	479
285.476	469
285.527	459
285.577	448
285.627	420
285.677	419
285.727	407
285.777	388
285.828	384
285.878	374
285.928	368
285.978	367
286.028	356
286.078	368
286.129	373
286.179	376
286.229	391
286.279	405
286.329	420
286.381	434
286.431	432
286.481	459
286.531	470
286.581	472
286.631	484
286.682	485
286.732	487
286.782	483
286.832	464
286.882	467
286.932	456
286.983	437
287.033	430
287.083	415
287.133	403
287.183	391
287.234	372
287.285	373
287.335	367
287.385	360
287.435	367
287.485	371
287.536	378
287.586	386
287.636	387
287.686	412
287.736	425
287.786	433
287.837	451
287.887	461
287.937	470
287.987	479
288.037	470
288.088	486
