#Creator: pendulumdriveEventBuffer
#Creation time: Thu Apr 11 16:06:28 2019
#Time	Pos
#[s]	[au]
0.050	534
0.100	536
0.150	563
0.201	566
0.251	559
0.301	553
0.351	528
0.401	506
0.451	476
0.502	432
0.553	411
0.603	376
0.653	341
0.703	317
0.754	299
0.804	282
0.854	274
0.904	266
0.954	279
1.004	293
1.055	312
1.105	345
1.155	375
1.205	410
1.255	442
1.305	462
1.356	503
1.407	526
1.457	541
1.507	555
1.557	553
1.608	558
1.658	549
1.708	516
1.758	507
1.808	476
1.858	442
1.909	413
1.959	381
2.009	353
2.059	326
2.109	298
2.159	291
2.210	284
2.260	276
2.311	286
2.361	303
2.411	319
2.462	344
2.512	363
2.562	406
2.612	436
2.662	465
2.712	493
2.763	498
2.813	534
2.863	544
2.913	535
2.963	549
3.013	540
3.064	526
3.114	506
3.164	466
3.215	449
3.265	419
3.316	377
3.366	361
3.416	336
3.466	309
3.516	303
3.566	309
3.617	292
3.667	295
3.717	300
3.767	324
3.817	345
3.868	368
3.918	400
3.968	423
4.018	457
4.068	482
4.119	494
4.170	521
4.220	530
4.270	538
4.320	538
4.370	513
4.420	518
4.471	502
4.521	470
4.571	454
4.621	425
4.671	397
4.722	372
4.772	339
4.822	330
4.872	317
4.922	301
4.972	305
5.024	308
5.074	314
5.124	329
5.174	338
5.224	370
5.274	395
5.325	413
5.375	445
5.425	466
5.475	490
5.525	505
5.576	502
5.626	524
5.676	524
5.726	511
5.776	510
5.826	492
5.877	477
5.928	454
5.978	417
6.028	407
6.078	384
6.128	356
6.179	345
6.229	333
6.279	324
6.329	319
6.379	314
6.430	326
6.480	338
6.530	348
6.580	372
6.630	392
6.680	416
6.731	439
6.781	444
6.832	478
6.882	493
6.932	497
6.983	510
7.033	507
7.083	509
7.133	501
7.183	472
7.233	472
7.284	452
7.334	429
7.384	411
7.434	390
7.484	373
7.534	355
7.585	336
7.635	336
7.685	331
7.736	326
7.786	336
7.837	346
7.887	358
7.937	374
7.987	382
8.037	412
8.087	431
8.138	448
8.188	468
8.238	478
8.288	493
8.338	500
8.388	490
8.439	501
8.489	493
8.539	480
8.589	470
8.640	449
8.691	435
8.741	417
8.791	388
8.841	383
8.891	366
8.941	350
8.992	344
9.042	345
9.092	338
9.142	342
9.192	340
9.242	362
9.293	374
9.343	387
9.393	409
9.443	420
9.493	444
9.545	458
9.595	460
9.645	483
9.695	490
9.745	493
9.795	494
9.846	475
9.896	482
9.946	470
9.996	445
10.046	440
10.096	423
10.147	404
10.197	390
10.247	377
10.297	364
10.347	353
10.398	340
10.449	346
10.499	348
10.549	348
10.599	362
10.649	375
10.700	388
10.750	402
10.800	408
10.850	435
10.900	449
10.951	461
11.001	473
11.051	467
11.101	485
11.151	487
11.201	474
11.252	479
11.303	471
11.353	458
11.403	446
11.453	423
11.503	415
11.554	400
11.604	379
11.654	374
11.704	364
11.754	356
11.805	353
11.855	344
11.905	356
11.955	362
12.005	364
12.055	382
12.106	395
12.156	409
12.207	423
12.257	424
12.307	452
12.357	462
12.408	464
12.458	478
12.508	478
12.558	481
12.608	477
12.659	453
12.709	463
12.759	450
12.809	432
12.859	425
12.909	411
12.960	398
13.010	387
13.060	368
13.111	368
13.161	364
13.212	356
13.262	360
13.312	363
13.362	371
13.412	379
13.462	377
13.513	401
13.563	413
13.613	418
13.663	438
13.713	447
13.763	459
13.814	466
13.864	458
13.914	473
13.964	472
14.015	464
14.066	464
14.116	453
14.166	446
14.216	435
14.266	410
14.316	410
14.367	400
14.417	384
14.467	379
14.517	373
14.567	369
14.617	366
14.668	358
14.718	371
14.768	375
14.818	378
14.868	394
14.920	402
14.970	414
15.020	425
15.070	427
15.120	448
15.170	455
15.221	458
15.271	467
15.321	465
15.371	467
15.421	464
15.471	448
15.522	452
15.572	442
15.622	429
15.672	422
15.722	409
15.773	400
15.824	391
15.874	373
15.924	376
15.974	372
16.024	366
16.075	371
16.125	373
16.175	379
16.225	385
16.275	384
16.325	405
16.376	415
16.426	424
16.476	435
16.526	438
16.576	455
16.627	461
16.677	454
16.728	466
16.778	464
16.828	461
16.878	458
16.929	441
16.979	443
17.029	431
17.079	414
17.129	412
17.180	401
17.230	387
17.280	383
17.330	379
17.380	372
17.430	370
17.481	362
17.531	373
17.581	379
17.632	384
17.682	395
17.732	399
17.783	415
17.833	426
17.883	428
17.933	447
17.983	454
18.034	461
18.084	466
18.134	453
18.184	467
18.234	465
18.284	450
18.335	453
18.385	442
18.435	432
18.485	421
18.536	397
18.586	400
18.637	388
18.687	374
18.737	374
18.787	369
18.837	368
18.888	367
18.938	361
18.988	376
19.038	385
19.088	388
19.138	405
19.189	416
19.239	428
19.289	441
19.339	436
19.389	459
19.440	466
19.491	464
19.541	473
19.591	469
19.641	468
19.691	461
19.742	439
19.792	443
19.842	431
19.892	413
19.942	407
19.992	395
20.043	384
20.093	375
20.143	357
20.193	364
20.243	362
20.293	356
20.345	368
20.395	374
20.445	383
20.495	394
20.545	393
20.596	420
20.646	433
20.696	438
20.746	455
20.796	465
20.846	473
20.897	477
20.947	464
20.997	475
21.047	470
21.097	456
21.148	454
21.198	440
21.249	430
21.299	415
21.349	389
21.399	385
21.450	378
21.500	362
21.550	360
21.600	358
21.650	357
21.700	360
21.751	356
21.801	374
21.851	384
21.901	391
21.951	411
22.002	422
22.052	439
22.103	453
22.153	451
22.203	474
22.253	479
22.304	480
22.354	483
22.404	477
22.454	473
22.504	464
22.554	440
22.605	439
22.655	423
22.705	406
22.755	395
22.805	380
22.856	369
22.906	360
22.956	347
23.007	352
23.057	353
23.107	352
23.158	363
23.208	375
23.258	388
23.308	402
23.358	406
23.408	433
23.459	447
23.509	459
23.559	473
23.609	467
23.659	488
23.710	489
23.760	477
23.810	483
23.860	473
23.911	459
23.961	449
24.012	426
24.062	416
24.112	400
24.162	376
24.212	371
24.263	358
24.313	348
24.363	347
24.413	351
24.463	350
24.513	355
24.564	356
24.614	379
24.664	393
24.714	408
24.764	428
24.815	431
24.866	459
24.916	473
24.966	474
25.016	490
25.066	493
25.117	495
25.167	490
25.217	465
25.267	471
25.317	456
25.367	432
25.418	423
25.468	404
25.518	386
25.568	371
25.618	351
25.668	349
25.720	342
25.770	332
25.820	342
25.870	348
25.920	356
25.971	370
26.021	376
26.071	404
26.121	422
26.171	432
26.221	459
26.272	471
26.322	487
26.372	496
26.422	484
26.472	501
26.522	498
26.573	484
26.624	480
26.674	462
26.724	446
26.774	428
26.825	396
26.875	389
26.925	371
26.975	352
27.025	345
27.075	339
27.126	333
27.176	333
27.226	333
27.276	350
27.326	362
27.376	372
27.427	399
27.477	417
27.528	438
27.578	457
27.628	462
27.679	490
27.729	499
27.779	501
27.829	509
27.879	501
27.929	498
27.980	486
28.030	458
28.080	453
28.130	432
28.180	406
28.231	391
28.281	371
28.331	355
28.381	342
28.432	325
28.482	329
28.533	328
28.583	326
28.633	342
28.683	355
28.733	373
28.783	394
28.834	403
28.884	436
28.934	456
28.984	472
29.034	492
29.085	498
29.135	512
29.185	514
29.235	499
29.285	506
29.336	493
29.387	475
29.437	457
29.487	435
29.537	415
29.587	393
29.637	363
29.688	355
29.738	340
29.788	325
29.838	324
29.888	333
29.939	327
29.989	336
30.039	342
30.089	366
30.139	387
30.189	405
30.241	431
30.291	444
30.341	475
30.391	491
30.441	490
30.492	516
30.542	517
30.592	516
30.642	512
30.692	483
30.742	485
30.793	465
30.843	434
30.893	420
30.943	397
30.993	374
31.043	356
31.094	347
31.145	327
31.195	322
31.245	312
31.295	323
31.346	330
31.396	340
31.446	361
31.496	367
31.546	403
31.596	425
31.647	441
31.697	470
31.747	487
31.797	504
31.847	514
31.897	503
31.948	520
31.998	516
32.049	495
32.099	490
32.149	470
32.200	450
32.250	427
32.300	393
32.350	382
32.400	362
32.450	337
32.501	329
32.551	323
32.601	316
32.651	321
32.701	320
32.751	338
32.802	355
32.852	369
32.903	396
32.953	420
33.003	443
33.054	465
33.104	468
33.154	503
33.204	511
33.254	510
33.304	521
33.355	514
33.405	508
33.455	494
33.505	460
33.555	457
33.605	433
33.656	404
33.706	388
33.756	367
33.807	348
33.857	334
33.908	316
33.958	319
34.008	320
34.058	320
34.108	336
34.158	351
34.209	370
34.259	391
34.309	402
34.359	437
34.409	461
34.460	474
34.510	496
34.560	504
34.610	516
34.660	519
34.711	500
34.762	510
34.812	497
34.862	474
34.912	459
34.962	437
35.012	416
35.063	394
35.113	354
35.163	353
35.213	338
35.263	320
35.314	320
35.364	322
35.414	325
35.464	333
35.514	340
35.564	366
35.616	386
35.666	404
35.716	432
35.766	451
35.816	475
35.866	492
35.917	491
35.967	515
36.017	518
36.067	513
36.117	512
36.168	495
36.218	485
36.268	465
36.318	432
36.368	420
36.418	397
36.469	372
36.520	358
36.570	343
36.620	330
36.670	323
36.720	312
36.771	324
36.821	331
36.871	340
36.921	361
36.971	380
37.022	403
37.072	427
37.122	438
37.172	470
37.222	487
37.272	501
37.323	512
37.373	500
37.424	518
37.474	512
37.524	491
37.575	488
37.625	468
37.675	446
37.725	427
37.775	403
37.825	382
37.876	362
37.926	338
37.976	333
38.026	325
38.076	314
38.126	323
38.177	335
38.227	341
38.277	357
38.328	369
38.378	397
38.429	420
38.479	442
38.529	465
38.579	469
38.629	499
38.679	509
38.730	507
38.780	518
38.830	512
38.880	507
38.930	493
38.980	459
39.031	454
39.081	432
39.131	401
39.181	387
39.232	370
39.283	348
39.333	336
39.383	321
39.433	322
39.483	321
39.533	320
39.584	338
39.634	355
39.684	370
39.734	392
39.784	402
39.834	437
39.885	459
39.935	471
39.985	495
40.035	504
40.085	514
40.137	517
40.187	498
40.237	508
40.287	496
40.337	471
40.387	460
40.438	437
40.488	416
40.538	394
40.588	365
40.638	355
40.688	340
40.739	324
40.789	324
40.839	324
40.889	327
40.939	335
40.990	342
41.041	368
41.091	387
41.141	402
41.191	432
41.241	450
41.292	470
41.342	488
41.392	482
41.442	511
41.492	514
41.543	509
41.593	508
41.643	494
41.693	483
41.743	465
41.793	430
41.844	424
41.895	402
41.945	376
41.995	362
42.045	348
42.095	335
42.146	328
42.196	320
42.246	326
42.296	335
42.346	340
42.397	363
42.447	380
42.497	401
42.547	423
42.597	431
42.647	464
42.698	482
42.748	491
42.799	506
42.849	507
42.899	514
42.949	510
43.000	482
43.050	488
43.100	470
43.150	448
43.200	432
43.251	407
43.301	388
43.351	369
43.401	344
43.451	340
43.501	332
43.552	322
43.602	329
43.652	335
43.703	345
43.753	359
43.804	366
43.854	395
43.904	416
43.954	434
44.004	458
44.054	470
44.105	492
44.155	501
44.205	496
44.255	512
44.305	508
44.355	499
44.406	491
44.456	462
44.506	457
44.556	436
44.607	405
44.658	396
44.708	375
44.758	356
44.808	346
44.858	343
44.908	331
44.959	330
45.009	326
45.059	342
45.109	355
45.159	368
45.209	389
45.260	407
45.310	431
45.360	451
45.410	457
45.460	485
45.512	495
45.562	505
45.612	509
45.662	491
45.712	503
45.762	493
45.813	469
45.863	462
45.913	442
45.963	421
46.013	403
46.063	375
46.114	366
46.164	351
46.214	334
46.264	333
46.314	331
46.365	332
46.416	341
46.466	347
46.516	368
46.566	384
46.616	393
46.667	424
46.717	442
46.767	463
46.817	478
46.867	473
46.917	499
46.968	505
47.018	498
47.068	502
47.118	493
47.168	483
47.219	467
47.269	434
47.320	429
47.370	409
47.420	384
47.470	373
47.521	357
47.571	345
47.621	338
47.671	326
47.721	334
47.772	339
47.822	342
47.872	362
47.922	378
47.972	397
48.022	418
48.073	425
48.123	456
48.173	472
48.224	480
48.274	497
48.324	501
48.375	507
48.425	504
48.475	483
48.525	487
48.575	472
48.626	450
48.676	436
48.726	415
48.776	396
48.826	379
48.876	353
48.927	349
48.977	340
49.027	330
49.077	334
49.128	339
49.178	346
49.229	358
49.279	364
49.329	391
49.379	409
49.429	422
49.480	448
49.530	463
49.580	481
49.630	493
49.680	488
49.730	505
49.781	503
49.831	497
49.881	491
49.931	473
49.981	462
50.032	443
50.083	414
50.133	404
50.183	386
50.233	364
50.283	355
50.334	346
50.384	337
50.434	334
50.484	328
50.534	342
50.584	352
50.635	361
50.685	384
50.735	402
50.785	422
50.835	442
50.885	448
50.937	477
50.987	489
51.037	497
51.087	505
51.137	500
51.188	502
51.238	494
51.288	471
51.338	468
51.388	450
51.438	428
51.489	411
51.539	393
51.589	375
51.639	359
51.689	338
51.740	339
51.790	334
51.841	329
51.891	339
51.941	355
51.991	362
52.042	377
52.092	387
52.142	415
52.192	435
52.242	451
52.292	470
52.343	473
52.393	497
52.443	502
52.493	496
52.543	505
52.594	499
52.644	487
52.695	473
52.745	447
52.795	438
52.845	419
52.896	389
52.946	381
52.996	364
53.046	348
53.096	341
53.146	335
53.197	334
53.247	337
53.297	338
53.347	357
53.397	371
53.448	388
53.498	408
53.548	415
53.599	448
53.649	466
53.699	472
53.750	494
53.800	500
53.850	506
53.900	506
53.950	482
54.000	493
54.051	480
54.101	456
54.151	445
54.201	425
54.251	405
54.302	387
54.352	358
54.402	353
54.452	344
54.503	329
54.553	333
54.604	335
54.654	340
54.704	351
54.754	355
54.804	382
54.855	401
54.905	414
54.955	441
55.005	458
55.055	477
55.105	491
55.156	485
55.206	506
55.256	508
55.306	499
55.356	498
55.407	482
55.458	470
55.508	454
55.558	420
55.608	412
55.658	393
55.709	368
55.759	359
55.809	347
55.859	338
55.909	333
55.959	324
56.010	337
56.060	346
56.110	356
56.160	376
56.210	394
56.260	414
56.312	435
56.362	442
56.412	471
56.462	486
56.512	495
56.563	506
56.613	505
56.663	508
56.713	501
56.763	478
56.813	477
56.864	460
56.914	435
56.964	419
57.014	398
57.064	380
57.114	362
57.165	342
57.216	339
57.266	334
57.316	325
57.366	334
57.417	345
57.467	355
57.517	369
57.567	379
57.617	408
57.667	430
57.718	448
57.768	467
57.818	471
57.868	496
57.918	507
57.968	498
58.019	510
58.069	504
58.120	492
58.170	483
58.220	452
58.271	446
58.321	425
58.371	393
58.421	385
58.471	365
58.521	346
58.572	340
58.622	341
58.672	329
58.722	331
58.772	332
58.823	349
58.873	364
58.923	378
58.973	402
59.024	419
59.074	444
59.125	466
59.175	469
59.225	496
59.275	505
59.325	512
59.375	513
59.426	493
59.476	500
59.526	489
59.576	460
59.626	453
59.677	430
59.727	407
59.777	390
59.827	357
59.877	354
59.928	341
59.979	326
60.029	327
60.079	327
60.129	332
60.179	344
60.229	348
60.280	376
60.330	396
60.380	408
60.430	439
60.480	459
60.531	479
60.581	494
60.631	489
60.681	513
60.731	515
60.781	505
60.833	506
60.883	491
60.933	478
60.983	460
61.033	420
61.084	416
61.134	394
61.184	368
61.234	357
61.284	343
61.334	331
61.385	326
61.435	320
61.485	330
61.535	341
61.585	346
61.635	370
61.686	390
61.737	413
61.787	435
61.837	441
61.887	474
61.938	492
61.988	497
62.038	514
62.088	514
62.138	516
62.188	510
62.239	484
62.289	483
62.339	464
62.389	436
62.439	421
62.489	398
62.540	378
62.590	358
62.641	339
62.691	332
62.741	325
62.792	314
62.842	326
62.892	337
62.942	349
62.992	365
63.042	376
63.093	406
63.143	429
63.193	446
63.243	472
63.293	485
63.343	505
63.394	514
63.444	502
63.495	519
63.545	514
63.595	498
63.646	489
63.696	467
63.746	450
63.796	425
63.846	393
63.896	381
63.947	361
63.997	340
64.047	332
64.097	325
64.147	321
64.197	323
64.248	324
64.298	343
64.348	359
64.399	376
64.449	401
64.500	422
64.550	447
64.600	469
64.650	475
64.700	504
64.750	515
64.801	518
64.851	522
64.901	509
64.951	508
65.001	494
65.052	462
65.102	456
65.152	431
65.202	404
65.252	386
65.303	363
65.354	346
65.404	334
65.454	317
65.504	319
65.554	321
65.604	322
65.655	339
65.705	363
65.755	374
65.805	397
65.855	410
65.906	444
65.956	463
66.006	483
66.056	503
66.106	497
66.156	522
66.208	525
66.258	508
66.308	512
66.358	496
66.408	479
66.458	459
66.509	429
66.559	412
66.609	389
66.659	358
66.709	348
66.760	334
66.810	320
66.860	318
66.910	315
66.960	325
67.010	335
67.061	344
67.112	369
67.162	390
67.212	414
67.262	440
67.312	447
67.363	484
67.413	501
67.463	503
67.513	522
67.563	523
67.614	523
67.664	515
67.714	486
67.764	485
67.814	464
67.864	432
67.915	418
67.965	393
68.016	368
68.066	351
68.116	328
68.167	324
68.217	318
68.267	312
68.317	320
68.367	332
68.417	345
68.468	365
68.518	378
68.568	411
68.618	434
68.668	452
68.718	481
68.769	495
68.819	512
68.869	520
68.920	508
68.970	524
69.021	517
69.071	500
69.121	489
69.171	467
69.221	447
69.271	422
69.322	388
69.372	375
69.422	355
69.472	334
69.522	326
69.572	319
69.623	316
69.673	320
69.723	322
69.773	343
69.824	360
69.875	376
69.925	405
69.975	429
70.025	453
70.075	477
70.125	480
70.176	511
70.226	520
70.276	521
70.326	527
70.376	515
70.426	509
70.477	493
70.527	462
70.577	451
70.627	426
70.677	396
70.729	380
70.779	358
70.829	340
70.879	327
70.929	312
70.979	315
71.030	318
71.080	320
71.130	339
71.180	357
71.230	378
71.280	401
71.331	416
71.381	451
71.431	472
71.481	490
71.531	509
71.582	513
71.633	526
71.683	527
71.733	509
71.783	513
71.833	495
71.884	476
71.934	455
71.984	428
72.034	407
72.084	382
72.135	354
72.185	343
72.235	330
72.285	316
72.335	316
72.385	329
72.436	324
72.487	337
72.537	346
72.587	375
72.637	394
72.687	418
72.738	446
72.788	458
72.838	490
72.888	506
72.938	508
72.989	526
73.039	527
73.089	524
73.139	515
73.189	484
73.239	482
73.290	460
73.340	427
73.391	411
73.441	386
73.491	356
73.541	347
73.592	339
73.642	321
73.692	316
73.742	308
73.792	321
73.843	334
73.893	346
73.943	370
73.993	383
74.043	417
74.093	443
74.144	453
74.194	487
74.244	503
74.295	518
74.345	525
74.396	503
74.446	525
74.496	516
74.546	495
74.596	485
74.646	463
74.697	440
74.747	416
74.797	380
74.847	368
74.897	349
74.947	328
74.998	322
75.048	317
75.098	315
75.148	320
75.199	324
75.250	346
75.300	366
75.350	382
75.400	413
75.450	436
75.500	462
75.551	483
75.601	488
75.651	517
75.701	525
75.751	521
75.801	527
75.852	515
75.902	507
75.952	489
76.002	456
76.052	445
76.104	419
76.154	390
76.204	373
76.254	351
76.304	334
76.354	323
76.405	310
76.455	313
76.505	319
76.555	322
76.605	343
76.655	362
76.706	385
76.756	409
76.806	422
76.856	458
76.906	480
76.957	494
77.008	515
77.058	520
77.108	529
77.158	529
77.208	506
77.259	509
77.309	492
77.359	465
77.409	450
77.459	422
77.509	399
77.560	376
77.610	347
77.660	336
77.710	324
77.760	312
77.811	313
77.861	318
77.912	325
77.962	340
78.012	352
78.062	381
78.113	405
78.163	425
78.213	455
78.263	472
78.313	497
78.364	513
78.414	510
78.464	528
78.514	528
78.564	522
78.614	512
78.665	489
78.715	476
78.765	453
78.816	417
78.866	403
78.916	379
78.967	352
79.017	340
79.067	332
79.117	318
79.167	313
79.218	308
79.268	325
79.318	337
79.368	352
79.418	376
79.468	399
79.519	424
79.569	450
79.619	462
79.669	494
79.720	508
79.770	522
79.821	526
79.871	511
79.921	525
79.971	515
80.021	486
80.072	481
80.122	456
80.172	432
80.222	408
80.272	383
80.322	361
80.373	343
80.423	322
80.473	319
80.523	315
80.573	313
80.624	323
80.675	335
80.725	352
80.775	373
80.825	386
80.875	421
80.926	445
80.976	470
81.026	490
81.076	491
81.126	521
81.176	526
81.227	517
81.277	525
81.327	515
81.377	501
81.427	483
81.477	448
81.529	438
81.579	413
81.629	378
81.679	366
81.729	346
81.780	330
81.830	320
81.880	309
81.930	315
81.980	321
82.030	325
82.081	349
82.131	369
82.181	392
82.231	417
82.281	428
82.332	466
82.382	487
82.433	498
82.483	519
82.533	524
82.583	531
82.634	528
82.684	499
82.734	505
82.784	487
82.834	454
82.884	441
82.935	413
82.985	392
83.035	367
83.085	340
83.135	331
83.186	320
83.236	308
83.287	314
83.337	319
83.387	328
83.437	347
83.488	356
83.538	387
83.588	411
83.638	432
83.688	463
83.738	482
83.789	504
83.839	517
83.889	511
83.939	531
83.989	529
84.040	515
84.090	508
84.140	486
84.191	469
84.241	445
84.291	408
84.342	395
84.392	372
84.442	345
84.492	333
84.542	323
84.592	315
84.643	314
84.693	313
84.743	327
84.793	342
84.843	357
84.894	383
84.944	407
84.994	434
85.044	459
85.095	469
85.145	502
85.196	516
85.246	522
85.296	531
85.346	521
85.396	524
85.447	511
85.497	480
85.547	473
85.597	449
85.647	420
85.697	398
85.748	375
85.798	353
85.848	338
85.898	316
85.948	315
85.999	313
86.050	310
86.100	325
86.150	345
86.200	358
86.250	381
86.301	396
86.351	432
86.401	455
86.451	479
86.501	500
86.551	494
86.602	527
86.652	533
86.702	518
86.752	527
86.802	512
86.852	493
86.904	476
86.954	445
87.004	425
87.054	400
87.104	369
87.155	354
87.205	337
87.255	320
87.305	314
87.355	319
87.405	313
87.456	322
87.506	328
87.556	356
87.606	378
87.656	402
87.706	430
87.757	443
87.808	479
87.858	500
87.908	504
87.958	527
88.009	532
88.059	533
88.109	527
88.159	500
88.209	500
88.259	479
88.310	448
88.360	428
88.410	403
88.460	376
88.510	353
88.560	328
88.611	321
88.661	313
88.712	302
88.762	311
88.812	319
88.863	336
88.913	353
88.963	366
89.013	401
89.063	427
89.113	448
89.164	479
89.214	498
89.264	518
89.314	529
89.364	518
89.415	537
89.465	531
89.515	513
89.565	503
89.616	479
89.666	458
89.717	431
89.767	393
89.817	379
89.867	356
89.917	331
89.967	322
90.018	312
90.068	305
90.118	308
90.168	312
90.218	330
90.269	351
90.319	368
90.369	398
90.419	424
90.469	451
90.520	478
90.571	485
90.621	519
90.671	529
90.721	534
90.771	539
90.821	528
90.872	523
90.922	507
90.972	467
91.022	460
91.072	434
91.123	402
91.173	381
91.223	358
91.273	336
91.323	321
91.373	304
91.425	306
91.475	308
91.525	308
91.575	328
91.625	349
91.676	369
91.726	394
91.776	412
91.826	449
91.876	474
91.926	494
91.977	516
92.027	521
92.077	537
92.127	539
92.177	521
92.227	525
92.278	509
92.329	483
92.379	465
92.429	434
92.479	409
92.530	385
92.580	350
92.630	340
92.680	323
92.730	306
92.780	307
92.831	315
92.881	314
92.931	326
92.981	338
93.031	367
93.081	391
93.132	416
93.182	446
93.233	461
93.283	495
93.333	513
93.384	515
93.434	535
93.484	537
93.534	534
93.584	525
93.634	493
93.685	490
93.735	467
93.785	428
93.835	413
93.885	386
93.935	358
93.986	339
94.036	319
94.087	312
94.137	307
94.187	302
94.238	313
94.288	324
94.338	340
94.388	366
94.438	383
94.488	416
94.539	443
94.589	461
94.639	494
94.689	511
94.739	527
94.789	535
94.840	516
94.890	536
94.940	527
94.991	502
95.041	491
95.092	466
95.142	441
95.192	415
95.242	379
95.292	362
95.342	342
95.393	320
95.443	313
95.493	306
95.543	304
95.593	312
95.644	316
95.694	342
95.744	364
95.794	381
95.844	416
95.895	442
95.946	470
95.996	493
96.046	495
96.096	528
96.146	535
96.196	531
96.247	539
96.297	527
96.347	513
96.397	494
96.447	455
96.498	443
96.548	415
96.598	384
96.648	362
96.698	341
96.748	323
96.800	310
96.850	300
96.900	304
96.950	310
97.000	316
97.050	339
97.101	363
97.151	386
97.201	414
97.251	431
97.301	470
97.352	493
97.402	508
97.452	530
97.502	534
97.552	542
97.602	541
97.653	515
97.704	516
97.754	495
97.804	465
97.854	445
97.904	415
97.955	388
98.005	363
98.055	332
98.105	322
98.155	309
98.206	298
98.256	302
98.306	309
98.356	320
98.406	338
98.456	352
98.507	386
98.557	413
98.608	437
98.658	469
98.708	490
98.759	515
98.809	530
98.859	525
98.909	543
98.959	542
99.009	530
99.060	519
99.110	492
99.160	475
99.210	447
99.260	408
99.310	390
99.361	364
99.411	334
99.461	323
99.512	313
99.562	304
99.613	301
99.663	300
99.713	317
99.763	337
99.813	354
99.863	385
99.914	409
99.964	442
100.014	468
100.064	481
100.114	514
100.164	529
100.215	540
100.265	544
100.315	519
100.365	534
100.416	519
100.467	487
100.517	475
100.567	447
100.617	416
100.667	390
100.717	367
100.768	339
100.818	321
100.868	304
100.918	302
100.968	300
101.018	301
101.069	317
101.119	343
101.169	357
101.219	382
101.269	401
101.321	440
101.371	465
101.421	494
101.471	514
101.521	510
101.571	541
101.622	543
101.672	532
101.722	537
101.772	518
101.822	498
101.872	476
101.923	435
101.973	418
102.023	389
102.073	354
102.123	339
102.174	320
102.225	305
102.275	301
102.325	295
102.375	303
102.425	315
102.476	326
102.526	355
102.576	381
102.626	410
102.676	441
102.727	454
102.777	495
102.827	516
102.877	523
102.927	542
102.977	543
103.028	546
103.079	537
103.129	503
103.179	501
103.229	476
103.279	441
103.330	417
103.380	388
103.430	362
103.480	338
103.530	313
103.581	308
103.631	300
103.681	292
103.731	302
103.781	315
103.831	332
103.882	356
103.932	369
103.983	412
104.033	441
104.083	460
104.133	495
104.184	513
104.234	533
104.284	543
104.334	531
104.384	546
104.435	537
104.485	514
104.535	503
104.585	475
104.635	449
104.685	417
104.736	378
104.786	364
104.836	339
104.887	312
104.937	307
104.988	301
105.038	298
105.088	301
105.138	308
105.188	332
105.238	356
105.289	377
105.339	411
105.389	440
105.439	470
105.489	494
105.539	502
105.590	532
105.640	542
105.690	543
105.740	546
105.791	532
105.842	523
105.892	503
105.942	466
105.992	450
106.042	419
106.092	386
106.143	364
106.193	341
106.243	321
106.293	308
106.343	296
106.393	298
106.444	304
106.494	309
106.544	332
106.594	355
106.644	381
106.696	409
106.746	428
106.796	467
106.846	490
106.896	511
106.946	530
106.997	531
107.047	546
107.097	544
107.147	525
107.197	523
107.247	502
107.298	477
107.348	452
107.398	421
107.448	393
107.498	367
107.549	337
107.600	326
107.650	312
107.700	298
107.750	301
107.800	318
107.851	315
107.901	331
107.951	345
108.001	379
108.051	407
108.101	430
108.152	463
108.202	476
108.252	510
108.302	526
108.352	525
108.403	544
108.453	540
108.504	537
108.554	522
108.604	487
108.654	481
108.705	455
108.755	417
108.805	397
108.855	372
108.905	346
108.956	329
109.006	311
109.056	306
109.106	305
109.156	302
109.206	316
109.257	332
109.307	352
109.357	377
109.408	393
109.458	432
109.508	459
109.559	474
109.609	507
109.659	520
109.709	534
109.759	540
109.810	521
109.860	534
109.910	522
109.960	495
110.010	482
110.060	455
110.111	428
110.161	401
110.211	366
110.261	351
110.312	331
110.362	313
110.413	309
110.463	308
110.513	307
110.563	318
110.613	325
110.664	353
110.714	375
110.764	393
110.814	429
110.864	455
110.914	481
110.965	502
111.015	505
111.065	533
111.115	537
111.165	535
111.216	534
111.267	519
111.317	506
111.367	484
111.417	444
111.467	434
111.518	405
111.568	374
111.618	356
111.668	337
111.718	322
111.768	312
111.819	304
111.869	310
111.919	318
111.969	326
112.019	351
112.069	373
112.121	398
112.171	425
112.221	438
112.271	476
112.321	497
112.372	512
112.422	529
112.472	529
112.522	538
112.572	532
112.622	509
112.673	506
112.723	484
112.773	457
112.823	436
112.873	407
112.924	384
112.974	361
113.025	336
113.075	326
113.125	317
113.175	304
113.226	312
113.276	319
113.326	331
113.376	349
113.426	360
113.476	395
113.527	420
113.577	444
113.627	471
113.677	488
113.727	512
113.778	524
113.828	515
113.879	534
113.929	530
113.979	519
114.029	506
114.080	482
114.130	465
114.180	440
114.230	402
114.280	389
114.330	366
114.381	342
114.431	330
114.481	331
114.531	312
114.581	313
114.632	313
114.682	331
114.732	347
114.783	364
114.833	391
114.883	415
114.934	442
114.984	465
115.034	475
115.084	506
115.134	519
115.184	526
115.235	532
115.285	512
115.335	522
115.385	507
115.435	479
115.486	468
115.536	444
115.586	418
115.636	394
115.687	373
115.737	350
115.788	334
115.838	316
115.888	316
115.938	315
115.988	320
116.039	330
116.089	339
116.139	365
116.189	387
116.239	402
116.289	439
116.340	461
116.390	485
116.440	503
116.490	498
116.540	525
116.591	531
116.642	517
116.692	523
116.742	507
116.792	492
116.842	471
116.893	434
116.943	423
116.993	399
117.043	368
117.093	357
117.143	339
117.194	328
117.244	319
117.294	310
117.344	321
117.394	330
117.444	338
117.496	363
117.546	383
117.596	409
117.646	433
117.696	443
117.747	480
117.797	498
117.847	508
117.897	524
117.947	525
117.997	529
118.048	523
118.098	495
118.148	495
118.198	475
118.248	447
118.298	427
118.349	402
118.400	379
118.450	360
118.500	333
118.550	329
118.601	320
118.651	314
118.701	320
118.751	330
118.801	341
118.851	360
118.902	372
118.952	404
119.002	428
119.052	448
119.102	474
119.152	490
119.203	511
119.253	522
119.304	511
119.354	528
119.404	523
119.455	508
119.505	498
119.555	474
119.605	457
119.655	432
119.705	398
119.756	384
119.806	363
119.856	340
119.906	331
119.956	324
120.007	318
120.057	320
120.107	320
120.157	339
120.208	356
120.258	372
120.309	400
120.359	421
120.409	447
120.459	472
120.509	479
120.559	509
120.610	519
120.660	523
120.710	528
120.760	517
120.810	516
120.861	500
120.911	472
120.961	462
121.011	436
121.061	408
121.112	391
121.163	371
121.213	347
121.263	333
121.313	320
121.363	319
121.413	320
121.464	322
121.514	336
121.564	361
121.614	373
121.664	395
121.715	408
121.765	443
121.815	465
121.865	486
121.915	504
121.965	500
122.017	525
122.067	527
122.117	513
122.167	517
122.217	502
122.268	486
122.318	465
122.368	431
122.418	418
122.468	394
122.518	366
122.569	352
122.619	337
122.669	324
122.719	321
122.769	315
122.819	325
122.870	335
122.921	344
122.971	368
123.021	389
123.071	412
123.122	437
123.172	445
123.222	482
123.272	498
123.322	503
123.372	524
123.423	525
123.473	525
123.523	519
123.573	490
123.623	490
123.673	469
123.724	440
123.774	424
123.825	399
123.875	376
123.925	357
123.976	334
124.026	329
124.076	322
124.126	315
124.176	323
124.226	333
124.277	346
124.327	364
124.377	376
124.427	408
124.477	432
124.527	449
124.578	478
124.628	493
124.679	511
124.729	521
124.779	509
124.830	525
124.880	519
124.930	500
124.980	494
125.030	471
125.080	453
125.131	429
125.181	394
125.231	383
125.281	361
125.331	340
125.381	332
125.432	326
125.482	321
125.532	323
125.583	323
125.633	344
125.684	361
125.734	376
125.784	404
125.834	426
125.884	451
125.934	473
125.985	478
126.035	508
126.085	518
126.135	520
126.185	526
126.236	516
126.286	512
126.336	496
126.386	465
126.436	457
126.487	433
126.538	402
126.588	387
126.638	365
126.688	348
126.738	335
126.788	320
126.839	322
126.889	323
126.939	324
126.989	342
127.039	359
127.090	377
127.140	400
127.190	413
127.240	447
127.290	468
127.340	487
127.392	504
127.442	511
127.492	523
127.542	526
127.592	510
127.642	514
127.693	499
127.743	481
127.793	460
127.843	436
127.893	415
127.944	392
127.994	362
128.044	352
128.094	337
128.144	324
128.194	322
128.245	333
128.296	328
128.346	338
128.396	344
128.446	372
128.496	393
128.547	414
128.597	442
128.647	453
128.697	484
128.747	501
128.798	502
128.848	522
128.898	523
128.948	520
128.998	517
129.048	486
129.099	486
129.149	465
129.200	434
129.250	421
129.300	397
129.351	369
129.401	357
129.451	349
129.501	329
129.551	325
129.601	316
129.652	326
129.702	337
129.752	348
129.802	367
129.852	383
129.902	411
129.953	434
130.003	448
130.053	478
130.104	495
130.154	510
130.205	519
130.255	506
130.305	523
130.355	517
130.405	496
130.455	491
130.506	470
130.556	449
130.606	427
130.656	390
130.706	383
130.756	362
130.807	339
130.857	335
130.907	326
130.957	324
131.008	326
131.059	325
131.109	347
131.159	364
131.209	376
131.259	407
131.309	428
131.360	453
131.410	472
131.460	473
131.510	506
131.560	515
131.610	515
131.661	522
131.711	514
131.761	507
131.811	495
131.861	462
131.913	455
131.963	431
132.013	403
132.063	388
132.113	367
132.163	350
132.214	337
132.264	323
132.314	325
132.364	326
132.414	326
132.464	345
132.515	360
132.565	380
132.615	401
132.665	414
132.715	446
132.766	466
132.817	481
132.867	502
132.917	510
132.967	520
133.017	522
133.068	504
133.118	511
133.168	496
133.218	475
133.268	461
133.319	435
133.369	414
133.419	393
133.469	364
133.519	353
133.569	339
133.620	324
133.671	326
133.721	329
133.771	331
133.821	342
133.871	350
133.922	375
133.972	395
134.022	413
134.072	441
134.122	459
134.173	482
134.223	499
134.273	497
134.323	519
134.373	521
134.423	517
134.474	513
134.524	495
134.575	484
134.625	465
134.675	432
134.725	421
134.776	399
134.826	372
134.876	359
134.926	343
134.976	334
135.027	326
135.077	320
135.127	330
135.177	339
135.227	348
135.277	371
135.328	391
135.378	412
135.428	433
135.479	445
135.529	477
135.580	495
135.630	507
135.680	516
135.730	504
135.780	521
135.830	515
135.881	492
135.931	489
135.981	469
136.031	444
136.081	427
136.131	403
136.182	383
136.232	363
136.282	338
136.332	336
136.383	329
136.434	322
136.484	328
136.534	343
136.584	349
136.634	366
136.684	377
136.735	406
136.785	428
136.835	452
136.885	471
136.935	471
136.985	504
137.036	513
137.086	510
137.136	522
137.186	515
137.236	507
137.288	493
137.338	459
137.388	457
137.438	432
137.488	402
137.538	388
137.589	369
137.639	350
137.689	338
137.739	324
137.789	326
137.839	327
137.890	329
137.940	345
137.990	361
138.040	380
138.090	400
138.141	409
138.192	445
138.242	466
138.292	477
138.342	501
138.392	509
138.443	519
138.493	521
138.543	501
138.593	510
138.643	496
138.693	471
138.744	462
138.794	438
138.844	416
138.894	395
138.944	366
138.995	357
139.045	343
139.096	330
139.146	328
139.196	327
139.246	333
139.297	342
139.347	350
139.397	374
139.447	395
139.497	410
139.548	439
139.598	458
139.648	480
139.698	496
139.748	495
139.798	518
139.849	521
139.899	512
139.949	512
140.000	495
140.050	485
140.100	466
140.151	433
140.201	423
140.251	400
140.301	374
140.351	362
140.402	348
140.452	336
140.502	330
140.552	322
140.602	332
140.652	342
140.703	348
140.753	369
140.803	388
140.853	411
140.904	432
140.954	443
141.005	476
141.055	490
141.105	501
141.155	515
141.205	511
141.256	520
141.306	515
141.356	487
141.406	489
141.456	472
141.506	448
141.557	429
141.607	407
141.657	386
141.707	366
141.757	344
141.808	339
141.859	332
141.909	324
141.959	331
142.009	343
142.059	350
142.110	365
142.160	376
142.210	404
142.260	426
142.310	446
142.360	469
142.411	474
142.461	502
142.511	511
142.561	502
142.611	519
142.661	513
142.713	506
142.763	493
142.813	463
142.863	455
142.913	434
142.964	404
143.014	392
143.064	373
143.114	352
143.164	343
143.214	341
143.265	330
143.315	331
143.365	328
143.415	345
143.465	361
143.516	376
143.566	399
143.617	415
143.667	442
143.717	464
143.767	472
143.818	498
143.868	507
143.918	516
143.968	519
144.018	500
144.068	509
144.119	497
144.169	469
144.219	462
144.269	440
144.319	418
144.370	398
144.420	371
144.471	360
144.521	346
144.571	331
144.621	331
144.672	330
144.722	333
144.772	344
144.822	348
144.872	374
144.922	394
144.973	408
145.023	436
145.073	455
145.123	476
145.173	493
145.224	489
145.274	515
145.324	518
145.375	510
145.425	511
145.475	498
145.526	486
145.576	468
145.626	434
145.676	425
145.726	404
145.776	377
145.827	365
145.877	351
145.927	339
145.977	332
146.027	324
146.078	333
146.128	340
146.178	348
146.228	369
146.279	387
146.329	408
146.380	429
146.430	438
146.480	471
146.530	488
146.580	498
146.631	512
146.681	512
146.731	519
146.781	513
146.831	488
146.881	491
146.932	473
146.982	448
147.032	433
147.082	411
147.132	390
147.183	370
147.234	346
147.284	342
147.334	335
147.384	324
147.434	332
147.485	339
147.535	349
147.585	364
147.635	373
147.685	402
147.735	423
147.786	442
147.836	466
147.886	479
147.936	499
147.986	510
148.036	499
148.088	518
148.138	514
148.188	504
148.238	495
148.288	474
148.339	461
148.389	439
148.439	409
148.489	396
148.539	375
148.589	354
148.640	345
148.690	342
148.740	331
148.790	331
148.840	333
148.890	346
148.941	359
148.992	372
149.042	397
149.092	415
149.142	441
149.193	462
149.243	468
149.293	494
149.343	505
149.393	513
149.443	519
149.494	496
149.544	510
149.594	498
149.644	473
149.694	465
149.744	444
149.795	421
149.845	401
149.896	383
149.946	363
149.996	349
150.047	332
150.097	332
150.147	331
150.197	330
150.247	341
150.297	351
150.348	371
150.398	391
150.448	404
150.498	434
150.548	454
150.599	475
150.649	493
150.699	489
150.749	514
150.800	519
150.850	506
150.901	514
150.951	502
151.001	486
151.051	471
151.101	437
151.151	429
151.202	405
151.252	380
151.302	367
151.352	351
151.402	338
151.453	331
151.503	323
151.553	331
151.603	338
151.653	344
151.704	367
151.755	385
151.805	406
151.855	428
151.905	437
151.955	471
152.005	490
152.056	496
152.106	515
152.156	516
152.206	521
152.256	517
152.307	490
152.357	493
152.407	475
152.457	450
152.507	435
152.557	410
152.609	391
152.659	369
152.709	346
152.759	341
152.809	330
152.860	320
152.910	327
152.960	335
153.010	347
153.060	361
153.110	370
153.161	400
153.211	423
153.261	440
153.311	467
153.361	483
153.411	502
153.462	514
153.513	504
153.563	523
153.613	520
153.663	504
153.714	499
153.764	478
153.814	462
153.864	439
153.914	404
153.964	395
154.015	373
154.065	352
154.115	343
154.165	333
154.215	326
154.265	327
154.316	325
154.366	342
154.417	357
154.467	369
154.517	395
154.568	417
154.618	441
154.668	463
154.718	471
154.768	501
154.818	512
154.869	516
154.919	524
154.969	514
155.019	515
155.069	502
155.119	474
155.170	468
155.220	444
155.271	418
155.321	399
155.371	378
155.422	359
155.472	344
155.522	327
155.572	326
155.622	325
155.672	324
155.723	338
155.773	353
155.823	368
155.873	391
155.923	404
155.973	435
156.024	458
156.074	478
156.124	498
156.175	505
156.225	521
156.276	524
156.326	511
156.376	519
156.426	505
156.476	490
156.526	471
156.577	443
156.627	428
156.677	403
156.727	374
156.777	362
156.828	344
156.878	328
156.928	327
156.978	335
157.028	327
157.079	334
157.130	340
157.180	365
157.230	385
157.280	400
157.330	431
157.380	445
157.431	476
157.481	495
157.531	500
157.581	520
157.631	524
157.682	527
157.732	521
157.782	495
157.832	497
157.882	478
157.932	446
157.984	432
158.034	409
158.084	384
158.134	365
158.184	343
158.234	335
158.285	326
158.335	316
158.385	323
158.435	331
158.485	341
158.536	361
158.586	371
158.636	402
158.686	429
158.736	444
158.786	472
158.837	490
158.888	508
158.938	519
158.988	506
159.038	528
159.088	523
159.139	506
159.189	500
159.239	479
159.289	461
159.339	438
159.390	403
159.440	391
159.490	369
159.540	345
159.590	337
159.640	329
159.691	323
159.741	324
159.792	322
159.842	340
159.892	355
159.943	369
159.993	397
160.043	419
160.093	444
160.143	468
160.193	469
160.244	504
160.294	517
160.344	517
160.394	529
160.444	521
160.494	517
160.545	504
160.595	471
160.645	465
160.696	442
160.746	414
160.797	396
160.847	375
160.897	355
160.947	340
160.997	324
161.047	323
161.098	323
161.148	320
161.198	338
161.248	353
161.298	370
161.348	392
161.399	402
161.449	439
161.499	461
161.549	478
161.600	501
161.651	510
161.701	523
161.751	529
161.801	510
161.851	519
161.901	506
161.952	486
162.002	471
162.052	445
162.102	425
162.152	403
162.202	370
162.253	361
162.303	344
162.353	328
162.403	325
162.453	326
162.505	326
162.555	336
162.605	342
162.655	366
162.705	388
162.755	405
162.806	433
162.856	452
162.906	478
162.956	495
163.006	497
163.056	520
163.107	524
163.157	524
163.207	520
163.257	492
163.307	494
163.358	475
163.409	444
163.459	431
163.509	407
163.559	384
163.609	364
163.660	357
163.710	337
163.760	328
163.810	320
163.860	327
163.911	334
163.961	342
164.011	363
164.061	383
164.111	405
164.161	427
164.212	439
164.263	472
164.313	490
164.363	502
164.413	517
164.463	500
164.514	524
164.564	519
164.614	500
164.664	498
164.714	477
164.765	457
164.815	436
164.865	411
164.915	392
164.965	371
165.015	348
165.066	340
165.116	332
165.167	324
165.217	328
165.267	335
165.317	345
165.368	360
165.418	371
165.468	399
165.518	421
165.568	443
165.619	466
165.669	466
165.719	500
165.769	512
165.819	511
165.869	524
165.920	518
165.970	511
166.020	500
166.071	468
166.121	464
166.172	442
166.222	414
166.272	398
166.322	378
166.372	358
166.422	345
166.473	329
166.523	329
166.573	330
166.623	325
166.673	343
166.723	358
166.774	373
166.824	394
166.874	402
166.924	438
166.975	458
167.026	472
167.076	495
167.126	505
167.176	517
167.226	521
167.276	502
167.327	514
167.377	502
167.427	480
167.477	469
167.527	446
167.577	427
167.628	404
167.678	375
167.728	365
167.778	349
167.828	330
167.880	330
167.930	329
167.980	333
168.030	341
168.080	344
168.130	369
168.181	389
168.231	405
168.281	432
168.331	451
168.381	473
168.431	491
168.482	493
168.532	516
168.582	519
168.632	516
168.682	515
168.733	501
168.784	492
168.834	473
168.884	441
168.934	432
168.984	409
169.035	384
169.085	369
169.135	353
169.185	340
169.235	332
169.285	323
169.336	330
169.386	337
169.436	344
169.486	365
169.536	383
169.587	405
169.637	426
169.688	438
169.738	468
169.788	489
169.838	501
169.889	513
169.939	513
169.989	522
170.039	518
170.089	494
170.140	496
170.190	478
170.240	458
170.290	438
170.340	413
170.390	394
170.441	374
170.491	348
170.541	344
170.592	334
170.642	324
170.692	330
170.743	347
170.793	345
170.843	360
170.893	368
170.943	398
170.994	419
171.044	440
171.094	464
171.144	467
171.194	498
171.244	510
171.295	508
171.345	521
171.395	517
171.445	512
171.496	499
171.546	471
171.597	464
171.647	444
171.697	414
171.747	400
171.797	380
171.848	361
171.898	348
171.948	333
171.998	331
172.048	330
172.098	324
172.149	343
172.199	357
172.249	372
172.299	393
172.349	400
172.400	434
172.451	457
172.501	468
172.551	492
172.601	505
172.651	516
172.702	519
172.752	502
172.802	513
172.852	504
172.902	481
172.952	471
173.003	449
173.053	429
173.103	407
173.153	377
173.203	368
173.253	352
173.305	336
173.355	334
173.405	332
173.455	332
173.505	340
173.556	342
173.606	368
173.656	386
173.706	402
173.756	428
173.806	450
173.857	470
173.907	488
173.957	486
174.007	513
174.057	518
174.108	513
174.158	514
174.209	504
174.259	492
174.309	473
174.359	440
174.410	436
174.460	414
174.510	386
174.560	374
174.610	358
174.660	344
174.711	337
174.761	326
174.811	334
174.861	339
174.911	344
174.962	365
175.012	382
175.063	402
175.113	422
175.163	434
175.213	464
175.264	483
175.314	493
175.364	509
175.414	512
175.464	518
175.514	516
175.565	494
175.615	496
175.665	479
175.715	458
175.765	442
175.816	419
175.866	398
175.916	379
175.967	356
176.017	349
176.067	340
176.118	328
176.168	333
176.218	339
176.268	348
176.318	358
176.368	369
176.419	394
176.469	417
176.519	436
176.569	459
176.619	474
176.670	494
176.720	506
176.770	502
176.820	518
176.871	516
176.921	508
176.972	500
177.022	480
177.072	468
177.122	448
177.172	416
177.223	405
177.273	385
177.323	364
177.373	352
177.423	351
177.473	335
177.524	333
177.574	330
177.624	343
177.674	356
177.724	368
177.775	390
177.826	409
177.876	431
177.926	453
177.976	464
178.026	490
178.077	500
178.127	512
178.177	517
178.227	501
178.277	514
178.327	504
178.378	482
178.428	475
178.478	453
178.528	432
178.578	411
178.628	383
178.680	373
178.730	356
178.780	337
178.830	336
178.880	334
178.931	332
178.981	341
179.031	343
179.081	366
179.131	384
179.181	395
179.232	425
179.282	446
179.332	466
179.382	487
179.432	482
179.482	511
179.533	516
179.584	508
179.634	516
179.684	505
179.734	496
179.785	480
179.835	446
179.885	439
179.935	418
179.985	388
180.035	377
180.086	361
180.136	348
180.186	337
180.236	328
180.286	331
180.336	338
180.387	344
180.437	362
180.488	379
180.538	397
180.588	418
180.639	428
180.689	461
180.739	479
180.789	487
180.839	508
180.889	512
180.940	519
180.990	517
181.040	496
181.090	500
181.140	484
181.191	461
181.241	446
181.291	423
181.341	404
181.392	383
181.442	359
181.493	351
