#Creator: pendulumdriveEventBuffer
#Creation time: Thu Apr 11 14:41:38 2019
#Time	Pos
#[s]	[au]
0.050	444
0.100	446
0.150	438
0.200	449
0.251	452
0.301	450
0.351	458
0.401	462
0.451	465
0.501	468
0.552	464
0.603	473
0.653	474
0.703	469
0.753	474
0.804	471
0.854	469
0.904	465
0.954	454
1.004	455
1.054	450
1.105	440
1.155	440
1.205	436
1.255	432
1.305	431
1.356	424
1.406	430
1.456	433
1.507	432
1.557	440
1.607	446
1.658	454
1.708	459
1.758	462
1.808	475
1.858	480
1.908	480
1.959	488
2.009	487
2.059	489
2.109	486
2.159	473
2.210	477
2.260	467
2.310	459
2.360	453
2.411	445
2.461	435
2.512	429
2.562	417
2.612	416
2.662	415
2.712	412
2.762	417
2.813	421
2.863	428
2.913	436
2.963	439
3.013	455
3.064	466
3.114	472
3.164	485
3.214	490
3.264	499
3.315	503
3.366	488
3.416	502
3.466	498
3.516	489
3.566	481
3.617	469
3.667	461
3.717	449
3.767	431
3.817	424
3.867	415
3.918	404
3.968	403
4.018	431
4.068	401
4.118	406
4.168	410
4.220	421
4.270	432
4.320	440
4.370	459
4.420	467
4.471	487
4.521	497
4.571	498
4.621	514
4.671	517
4.721	518
4.772	515
4.822	498
4.872	499
4.922	487
4.972	467
5.022	458
5.073	443
5.124	425
5.174	414
5.224	407
5.274	393
5.325	388
5.375	384
5.425	388
5.475	395
5.525	400
5.575	415
5.626	427
5.676	447
5.726	462
5.776	473
5.826	497
5.876	508
5.927	521
5.977	529
6.028	520
6.078	529
6.128	529
6.179	511
6.229	506
6.279	490
6.329	473
6.379	455
6.429	429
6.480	418
6.530	403
6.580	386
6.630	380
6.680	375
6.730	372
6.781	377
6.831	380
6.881	396
6.932	411
6.982	424
7.033	448
7.083	468
7.133	488
7.183	505
7.233	510
7.283	534
7.334	540
7.384	539
7.434	542
7.484	533
7.534	525
7.585	511
7.635	483
7.685	473
7.735	450
7.785	424
7.836	409
7.887	392
7.937	377
7.987	368
8.037	359
8.087	362
8.137	366
8.188	372
8.238	391
8.288	409
8.338	429
8.388	451
8.439	466
8.489	496
8.539	515
8.589	528
8.639	545
8.689	547
8.741	555
8.791	553
8.841	533
8.891	532
8.941	514
8.991	491
9.042	470
9.092	445
9.142	422
9.192	401
9.242	378
9.293	367
9.343	357
9.393	346
9.443	352
9.493	361
9.543	370
9.594	386
9.645	401
9.695	430
9.745	454
9.795	476
9.845	504
9.896	519
9.946	543
9.996	554
10.046	551
10.096	564
10.147	560
10.197	549
10.247	536
10.297	511
10.347	494
10.397	468
10.448	436
10.498	416
10.549	392
10.599	369
10.649	357
10.700	351
10.750	342
10.800	343
10.850	348
10.900	365
10.950	383
11.001	402
11.051	429
11.101	455
11.151	485
11.201	511
11.251	523
11.302	551
11.352	563
11.402	571
11.453	573
11.503	548
11.554	557
11.604	538
11.654	510
11.704	494
11.754	464
11.804	434
11.855	409
11.905	383
11.955	365
12.005	348
12.055	337
12.105	334
12.156	338
12.206	340
12.256	361
12.306	379
12.357	406
12.408	433
12.458	457
12.508	492
12.558	517
12.608	543
12.658	559
12.709	558
12.759	578
12.809	578
12.859	566
12.909	559
12.959	538
13.010	515
13.060	489
13.110	452
13.160	429
13.210	400
13.262	372
13.312	355
13.362	339
13.412	330
13.462	329
13.512	330
13.563	341
13.613	359
13.663	380
13.713	408
13.763	437
13.813	468
13.864	497
13.914	512
13.964	548
14.014	566
14.064	572
14.115	583
14.166	579
14.216	574
14.266	559
14.316	526
14.366	513
14.417	484
14.467	450
14.517	423
14.567	396
14.617	370
14.668	348
14.718	334
14.768	328
14.818	323
14.868	324
14.918	341
14.969	362
15.020	383
15.070	411
15.120	432
15.170	470
15.220	499
15.271	524
15.321	553
15.371	565
15.421	580
15.471	585
15.522	570
15.572	576
15.622	559
15.672	532
15.722	512
15.772	481
15.823	451
15.873	421
15.924	388
15.974	366
16.024	346
16.074	328
16.125	324
16.175	325
16.225	327
16.275	339
16.325	356
16.376	383
16.426	411
16.476	438
16.526	474
16.576	499
16.626	530
16.677	552
16.727	561
16.777	582
16.828	587
16.878	582
16.929	576
16.979	553
17.029	536
17.079	511
17.129	472
17.179	449
17.230	418
17.280	386
17.330	365
17.380	349
17.430	331
17.480	323
17.531	321
17.581	328
17.631	340
17.681	357
17.732	385
17.783	439
17.833	443
17.883	475
17.933	497
17.983	533
18.033	555
18.084	573
18.134	583
18.184	566
18.234	586
18.284	576
18.334	551
18.385	536
18.435	510
18.485	479
18.535	449
18.585	423
18.637	390
18.687	365
18.737	341
18.787	331
18.837	325
18.887	320
18.938	328
18.988	351
19.038	361
19.088	386
19.138	409
19.188	446
19.239	475
19.289	505
19.339	534
19.389	536
19.439	573
19.490	583
19.541	579
19.591	585
19.641	573
19.691	559
19.741	536
19.792	499
19.842	480
19.892	448
19.942	413
19.992	390
20.042	365
20.093	342
20.143	332
20.193	324
20.243	325
20.293	329
20.344	341
20.394	363
20.445	387
20.495	416
20.545	445
20.595	468
20.646	506
20.696	532
20.746	550
20.796	571
20.846	578
20.897	587
20.947	584
20.997	562
21.047	557
21.097	534
21.147	503
21.198	480
21.248	447
21.298	418
21.349	390
21.399	360
21.449	345
21.500	333
21.550	322
21.600	324
21.650	333
21.700	344
21.751	364
21.801	384
21.851	415
21.901	446
21.951	473
22.001	506
22.052	529
22.102	555
22.152	571
22.202	567
22.253	584
22.303	581
22.354	569
22.404	555
22.454	529
22.504	507
22.554	476
22.605	438
22.655	413
22.705	386
22.755	358
22.805	344
22.855	334
22.906	325
22.956	323
23.006	328
23.056	345
23.106	365
23.157	386
23.208	418
23.258	447
23.308	480
23.358	508
23.408	526
23.459	558
23.509	573
23.559	578
23.609	585
23.659	573
23.709	572
23.760	553
23.810	520
23.860	503
23.910	471
23.960	438
24.010	410
24.062	383
24.112	358
24.162	339
24.212	325
24.262	322
24.313	323
24.363	326
24.413	344
24.463	399
24.513	392
24.563	422
24.614	450
24.664	486
24.714	513
24.764	542
24.814	562
24.865	557
24.915	587
24.966	589
25.016	573
25.066	571
25.116	550
25.167	527
25.217	498
25.267	463
25.317	435
25.367	406
25.417	374
25.468	353
25.518	335
25.568	320
25.618	320
25.668	339
25.719	329
25.769	346
25.820	365
25.870	395
25.920	427
25.970	459
26.021	491
26.071	508
26.121	545
26.171	566
26.221	572
26.271	587
26.322	588
26.372	586
26.422	570
26.472	536
26.522	525
26.573	494
26.623	457
26.673	431
26.724	402
26.774	369
26.824	351
26.875	331
26.925	320
26.975	320
27.025	320
27.075	331
27.125	349
27.176	370
27.226	401
27.276	428
27.326	465
27.376	496
27.427	520
27.477	552
27.527	569
27.577	586
27.628	591
27.678	573
27.729	584
27.779	569
27.829	541
27.879	519
27.929	487
27.980	456
28.030	424
28.080	389
28.130	366
28.180	343
28.230	322
28.281	318
28.331	318
28.381	319
28.431	332
28.481	349
28.532	376
28.583	408
28.633	436
28.683	472
28.733	503
28.783	533
28.834	559
28.884	561
28.934	589
28.984	593
29.034	587
29.084	584
29.135	562
29.185	543
29.235	512
29.285	473
29.335	449
29.385	416
29.437	384
29.487	358
29.537	338
29.587	321
29.637	314
29.688	312
29.738	318
29.788	332
29.838	350
29.888	382
29.938	415
29.989	447
30.039	480
30.089	503
30.139	541
30.189	565
30.239	580
30.290	594
30.341	588
30.391	593
30.441	584
30.491	548
30.542	539
30.592	507
30.642	475
30.692	443
30.742	411
30.792	379
30.843	350
30.893	328
30.943	316
30.993	310
31.043	304
31.093	317
31.144	369
31.194	357
31.245	387
31.295	413
31.345	452
31.396	486
31.446	516
31.496	548
31.546	552
31.596	589
31.646	598
31.697	590
31.747	594
31.797	582
31.847	561
31.897	535
31.948	491
31.998	469
32.048	435
32.098	398
32.149	373
32.199	345
32.250	320
32.300	313
32.350	319
32.400	309
32.450	317
32.500	332
32.551	359
32.601	391
32.651	420
32.701	458
32.751	482
32.802	523
32.852	552
32.902	566
32.952	591
33.002	597
33.053	603
33.104	595
33.154	564
33.204	560
33.254	530
33.304	493
33.354	466
33.405	431
33.455	396
33.505	368
33.555	341
33.605	321
33.656	311
33.706	304
33.756	308
33.806	319
33.856	333
33.906	361
33.958	388
34.008	426
34.058	459
34.108	488
34.158	525
34.209	552
34.259	578
34.309	592
34.359	583
34.409	601
34.459	594
34.510	572
34.560	558
34.610	526
34.660	497
34.710	462
34.760	422
34.811	396
34.862	365
34.912	336
34.962	321
35.012	313
35.063	306
35.113	309
35.163	318
35.213	338
35.263	363
35.313	392
35.364	428
35.414	462
35.464	495
35.514	527
35.564	544
35.614	578
35.665	592
35.715	594
35.766	600
35.816	588
35.866	578
35.917	556
35.967	515
36.017	495
36.067	462
36.117	424
36.167	395
36.218	367
36.268	340
36.318	322
36.368	310
36.418	307
36.468	310
36.519	320
36.569	340
36.620	367
36.670	397
36.720	429
36.771	456
36.821	496
36.871	526
36.921	550
36.971	576
37.021	584
37.072	597
37.122	597
37.172	578
37.222	576
37.272	553
37.322	522
37.373	493
37.423	460
37.473	427
37.524	396
37.574	366
37.625	343
37.675	324
37.725	310
37.775	310
37.825	319
37.875	321
37.926	342
37.976	364
38.026	398
38.076	430
38.126	460
38.177	494
38.227	521
38.277	554
38.327	574
38.377	575
38.428	595
38.479	594
38.529	588
38.579	573
38.629	545
38.679	524
38.729	493
38.780	454
38.830	428
38.880	396
38.930	364
38.980	343
39.031	342
39.081	315
39.131	312
39.181	312
39.231	325
39.281	343
39.333	364
39.383	399
39.433	431
39.483	464
39.533	496
39.583	515
39.634	552
39.684	572
39.734	587
39.784	593
39.834	576
39.885	587
39.935	572
39.985	540
40.035	522
40.085	492
40.135	460
40.186	429
40.237	391
40.287	367
40.337	342
40.387	325
40.437	317
40.488	315
40.538	312
40.588	327
40.638	345
40.688	370
40.739	400
40.789	428
40.839	465
40.889	496
40.939	526
40.989	553
41.040	556
41.090	585
41.141	591
41.191	584
41.241	585
41.292	569
41.342	549
41.392	520
41.442	480
41.492	457
41.542	426
41.593	389
41.643	365
41.693	343
41.743	326
41.793	316
41.843	313
41.894	316
41.944	328
41.994	344
42.045	373
42.095	403
42.146	434
42.196	468
42.246	489
42.296	529
42.346	555
42.396	569
42.447	587
42.497	589
42.547	592
42.597	585
42.647	556
42.697	547
42.748	517
42.798	482
42.848	455
42.898	422
42.949	391
43.000	362
43.050	339
43.100	325
43.150	317
43.200	309
43.250	317
43.301	333
43.351	349
43.401	374
43.451	401
43.501	438
43.551	470
43.602	498
43.652	531
43.702	552
43.752	577
43.802	589
43.854	579
43.904	593
43.954	585
44.004	565
44.054	544
44.104	511
44.155	484
44.205	451
44.255	413
44.305	389
44.355	361
44.405	336
44.456	323
44.506	319
44.556	313
44.606	318
44.656	328
44.707	350
44.758	377
44.808	405
44.858	440
44.908	471
44.958	504
45.009	532
45.059	549
45.109	577
45.159	587
45.209	592
45.260	592
45.310	574
45.360	565
45.410	543
45.460	501
45.510	481
45.561	447
45.612	413
45.662	387
45.712	362
45.762	336
45.812	321
45.863	312
45.913	312
45.963	319
46.013	326
46.063	351
46.114	387
46.164	410
46.214	443
46.264	468
46.314	507
46.364	535
46.415	561
46.465	579
46.516	561
46.566	595
46.616	592
46.666	571
46.717	565
46.767	539
46.817	510
46.867	480
46.917	444
46.968	414
47.018	384
47.068	353
47.118	334
47.168	321
47.218	308
47.269	313
47.319	319
47.369	332
47.420	353
47.470	376
47.521	413
47.571	444
47.621	476
47.671	510
47.721	526
47.771	562
47.822	580
47.872	581
47.922	595
47.972	589
48.022	583
48.072	563
48.123	525
48.173	508
48.223	477
48.273	439
48.324	411
48.375	382
48.425	352
48.475	333
48.525	318
48.575	312
48.625	310
48.676	316
48.726	333
48.776	356
48.826	380
48.876	414
48.926	437
48.977	480
49.027	510
49.077	534
49.127	564
49.177	578
49.229	591
49.279	595
49.329	576
49.379	581
49.429	563
49.479	531
49.530	508
49.580	474
49.630	442
49.680	410
49.730	376
49.780	352
49.831	332
49.881	316
49.931	312
49.981	315
50.031	318
50.082	334
50.133	353
50.183	384
50.233	415
50.283	444
50.333	481
50.384	510
50.434	541
50.484	563
50.534	568
50.584	591
50.634	593
50.685	587
50.735	580
50.785	557
50.835	536
50.885	505
50.936	465
50.986	440
51.037	408
51.087	376
51.137	351
51.187	334
51.238	319
51.288	312
51.338	310
51.388	320
51.438	335
51.489	353
51.539	387
51.589	418
51.639	450
51.689	483
51.739	505
51.790	543
51.840	565
51.890	580
51.941	591
51.991	585
52.041	590
52.092	578
52.142	548
52.192	533
52.242	500
52.292	467
52.343	437
52.393	423
52.443	375
52.493	348
52.543	328
52.593	317
52.644	312
52.694	308
52.744	320
52.794	355
52.845	360
52.895	390
52.946	416
52.996	453
53.046	485
53.096	517
53.146	546
53.197	548
53.247	584
53.297	592
53.347	583
53.397	590
53.447	575
53.498	556
53.548	529
53.598	487
53.648	467
53.698	433
53.749	398
53.800	371
53.850	346
53.900	322
53.950	316
54.000	319
54.051	311
54.101	320
54.151	336
54.201	363
54.251	392
54.301	421
54.352	458
54.402	476
54.452	520
54.502	550
54.552	565
54.602	587
54.654	592
54.704	597
54.754	588
54.804	560
54.854	555
54.905	526
54.955	490
55.005	463
55.055	429
55.105	396
55.155	367
55.206	338
55.256	323
55.306	313
55.356	306
55.406	311
55.457	323
55.507	338
55.558	364
55.608	392
55.658	428
55.708	462
55.759	488
55.809	526
55.859	552
55.909	575
55.959	590
56.009	580
56.060	596
56.110	589
56.160	569
56.210	552
56.260	521
56.311	491
56.361	459
56.412	417
56.462	391
56.512	362
56.562	333
56.613	322
56.663	312
56.713	308
56.763	309
56.813	320
56.863	340
56.914	368
56.964	396
57.014	432
57.064	465
57.114	500
57.165	531
57.215	547
57.265	579
57.316	592
57.366	593
57.416	598
57.467	585
57.517	574
57.567	549
57.617	503
57.667	487
57.717	452
57.768	414
57.818	387
57.868	359
57.918	333
57.968	316
58.019	307
58.069	305
58.119	310
58.169	316
58.220	344
58.270	375
58.321	404
58.371	437
58.421	467
58.471	507
58.521	537
58.572	562
58.622	584
58.672	588
58.722	601
58.772	598
58.822	576
58.873	571
58.923	545
58.973	511
59.023	482
59.073	445
59.124	412
59.175	380
59.225	348
59.275	327
59.325	313
59.375	300
59.426	302
59.476	345
59.526	324
59.576	347
59.626	373
59.676	410
59.727	443
59.777	476
59.827	511
59.877	528
59.927	568
59.977	587
60.029	587
60.079	603
60.129	599
60.179	587
60.229	568
60.280	525
60.330	508
60.380	474
60.430	432
60.480	406
60.530	375
60.581	340
60.631	323
60.681	311
60.731	302
60.781	303
60.831	306
60.882	326
60.933	351
60.983	379
61.033	414
61.083	443
61.134	485
61.184	517
61.234	540
61.284	574
61.334	588
61.384	603
61.435	603
61.485	582
61.535	587
61.585	565
61.635	527
61.685	504
61.736	470
61.786	432
61.837	400
61.887	364
61.937	339
61.988	319
62.038	304
62.088	300
62.138	303
62.188	309
62.238	328
62.289	350
62.339	386
62.389	419
62.439	449
62.489	490
62.540	521
62.590	554
62.640	578
62.690	580
62.741	604
62.791	604
62.842	593
62.892	584
62.942	559
62.992	532
63.042	498
63.092	454
63.143	427
63.193	394
63.243	356
63.293	335
63.343	315
63.394	301
63.444	299
63.494	302
63.544	311
63.594	332
63.645	356
63.696	393
63.746	427
63.796	463
63.846	497
63.896	520
63.946	560
63.997	583
64.047	594
64.097	605
64.147	600
64.197	598
64.248	582
64.298	543
64.348	524
64.398	491
64.448	451
64.498	419
64.550	387
64.600	354
64.650	327
64.700	307
64.750	299
64.801	296
64.851	296
64.901	312
64.951	338
65.001	366
65.051	397
65.102	425
65.152	468
65.202	502
65.252	533
65.302	567
65.352	579
65.403	601
65.454	608
65.504	594
65.554	597
65.604	579
65.655	550
65.705	520
65.755	483
65.805	450
65.855	414
65.905	376
65.956	349
66.006	324
66.056	300
66.106	296
66.156	331
66.206	299
66.257	314
66.307	332
66.358	367
66.408	401
66.458	432
66.509	473
66.559	513
66.609	541
66.659	570
66.709	577
66.759	605
66.810	606
66.860	607
66.910	596
66.960	553
67.010	549
67.060	515
67.111	472
67.161	447
67.212	409
67.262	372
67.312	344
67.363	335
67.413	303
67.463	295
67.513	290
67.563	299
67.613	316
67.664	336
67.714	372
67.764	407
67.814	441
67.864	478
67.914	506
67.965	544
68.015	571
68.065	595
68.116	605
68.166	585
68.217	607
68.267	594
68.317	561
68.367	543
68.417	512
68.467	478
68.518	442
68.568	399
68.618	371
68.668	341
68.718	313
68.769	300
68.819	295
68.869	292
68.919	300
68.969	317
69.020	343
69.071	377
69.121	404
69.171	445
69.221	481
69.271	517
69.321	549
69.372	562
69.422	596
69.472	606
69.522	601
69.572	605
69.623	589
69.673	570
69.723	540
69.773	493
69.823	474
69.873	437
69.925	397
69.975	367
70.025	338
70.075	312
70.125	299
70.175	293
70.226	294
70.276	302
70.326	316
70.376	347
70.426	379
70.477	413
70.527	450
70.577	477
70.627	522
70.677	554
70.727	575
70.778	598
70.829	603
70.879	610
70.929	604
70.979	575
71.029	567
71.080	534
71.130	498
71.180	467
71.230	429
71.280	393
71.331	361
71.381	330
71.431	311
71.481	297
71.531	288
71.581	294
71.632	307
71.682	323
71.733	352
71.783	381
71.833	420
71.884	456
71.934	489
71.984	526
72.034	553
72.084	581
72.134	602
72.185	590
72.235	611
72.285	601
72.335	584
72.385	562
72.435	523
72.486	496
72.536	460
72.586	416
72.637	388
72.687	354
72.738	322
72.788	306
72.838	299
72.888	291
72.938	294
72.988	305
73.039	326
73.089	358
73.139	388
73.189	424
73.239	460
73.289	498
73.340	532
73.390	553
73.440	587
73.490	601
73.541	609
73.592	608
73.642	597
73.692	585
73.742	557
73.792	514
73.842	489
73.893	453
73.943	413
73.993	381
74.043	361
74.093	322
74.143	303
74.194	290
74.244	290
74.294	295
74.344	301
74.394	329
74.446	373
74.496	395
74.546	430
74.596	461
74.646	504
74.696	537
74.747	569
74.797	591
74.847	578
74.897	612
74.947	610
74.997	591
75.048	582
75.098	551
75.148	520
75.198	487
75.248	441
75.299	412
75.350	377
75.400	342
75.450	317
75.500	302
75.550	288
75.601	289
75.651	295
75.701	308
75.751	332
75.801	362
75.852	398
75.902	435
75.952	472
76.002	508
76.052	527
76.102	571
76.153	592
76.204	598
76.254	612
76.304	606
76.354	601
76.404	579
76.455	535
76.505	516
76.555	483
76.605	437
76.655	407
76.706	373
76.756	338
76.806	316
76.856	297
76.906	289
76.956	288
77.007	292
77.057	310
77.108	337
77.158	368
77.208	405
77.258	432
77.309	479
77.359	513
77.409	542
77.459	576
77.509	592
77.560	608
77.610	611
77.660	591
77.710	597
77.760	574
77.810	537
77.861	512
77.911	473
77.961	438
78.012	401
78.062	362
78.113	335
78.163	311
78.213	292
78.263	289
78.313	291
78.363	295
78.414	313
78.464	338
78.514	374
78.564	408
78.614	441
78.664	484
78.715	516
78.765	552
78.815	579
78.865	581
78.916	610
78.967	610
79.017	602
79.067	595
79.117	566
79.167	540
79.217	506
79.268	460
79.318	432
79.368	396
79.418	358
79.468	331
79.518	313
79.569	293
79.619	288
79.669	288
79.719	298
79.769	317
79.821	342
79.871	379
79.921	413
79.971	452
80.021	488
80.071	514
80.122	556
80.172	580
80.222	600
80.272	610
80.322	601
80.372	606
80.423	590
80.473	555
80.523	533
80.573	499
80.623	462
80.674	426
80.725	413
80.775	356
80.825	328
80.875	302
80.925	292
80.976	287
81.026	284
81.076	300
81.126	337
81.176	351
81.226	383
81.277	412
81.327	456
81.377	493
81.427	527
81.477	560
81.528	565
81.578	603
81.629	611
81.679	598
81.729	604
81.779	586
81.830	563
81.880	529
81.930	486
81.980	458
82.030	422
82.081	382
82.131	350
82.181	324
82.231	299
82.281	291
82.331	293
82.382	290
82.432	302
82.482	321
82.533	357
82.583	390
82.633	422
82.684	460
82.734	488
82.784	532
82.834	564
82.884	580
82.935	604
82.985	608
83.035	612
83.085	602
83.135	568
83.185	558
83.236	524
83.286	485
83.336	453
83.386	418
83.437	380
83.487	347
83.538	318
83.588	300
83.638	289
83.688	284
83.738	290
83.789	306
83.839	326
83.889	359
83.939	385
83.989	428
84.039	467
84.090	499
84.140	536
84.190	565
84.240	591
84.290	605
84.341	595
84.392	610
84.442	601
84.492	577
84.542	553
84.592	517
84.643	487
84.693	448
84.743	404
84.793	376
84.843	343
84.893	312
84.944	297
84.994	291
85.044	286
85.094	291
85.144	304
85.194	328
85.246	363
85.296	391
85.346	431
85.396	468
85.446	507
85.497	540
85.547	558
85.597	594
85.647	605
85.697	609
85.747	610
85.798	593
85.848	580
85.898	550
85.948	507
85.998	483
86.049	446
86.099	404
86.150	369
86.200	342
86.250	313
86.300	295
86.351	288
86.401	286
86.451	293
86.501	304
86.551	332
86.601	367
86.652	399
86.702	435
86.752	464
86.802	509
86.852	542
86.903	570
86.953	594
87.004	600
87.054	611
87.104	609
87.154	582
87.205	578
87.255	545
87.305	510
87.355	479
87.405	439
87.455	404
87.506	369
87.556	332
87.606	313
87.656	296
87.706	284
87.757	287
87.807	315
87.857	310
87.908	336
87.958	366
88.008	402
88.059	439
88.109	477
88.159	512
88.209	528
88.259	574
88.309	594
88.360	592
88.410	610
88.460	605
88.510	595
88.560	572
88.611	525
88.661	509
88.711	474
88.761	428
88.812	399
88.862	365
88.913	329
88.963	310
89.013	303
89.063	287
89.113	288
89.164	292
89.214	312
89.264	342
89.314	371
89.364	407
89.414	437
89.465	483
89.515	518
89.565	543
89.615	577
89.665	595
89.716	609
89.767	609
89.817	586
89.867	591
89.917	569
89.967	528
90.018	504
90.068	468
90.118	428
90.168	393
90.218	354
90.268	329
90.319	307
90.369	289
90.419	287
90.469	291
90.519	296
90.569	317
90.621	344
90.671	380
90.721	414
90.771	446
90.821	489
90.872	520
90.922	556
90.972	582
91.022	583
91.072	610
91.122	609
91.173	597
91.223	590
91.273	561
91.323	531
91.373	498
91.423	450
91.474	421
91.525	387
91.575	349
91.625	324
91.675	305
91.726	290
91.776	285
91.826	288
91.876	299
91.926	319
91.976	347
92.027	385
92.077	419
92.127	459
92.177	496
92.227	519
92.277	562
92.328	587
92.378	599
92.429	611
92.479	603
92.529	603
92.580	586
92.630	543
92.680	525
92.730	492
92.780	449
92.830	414
92.881	380
92.931	346
92.981	318
93.031	299
93.081	286
93.132	285
93.182	284
93.232	300
93.282	327
93.333	357
93.383	391
93.434	420
93.484	467
93.534	500
93.584	535
93.634	568
93.684	584
93.735	607
93.785	612
93.835	597
93.885	602
93.935	581
93.986	551
94.036	519
94.086	502
94.136	447
94.186	408
94.237	369
94.288	340
94.338	313
94.388	289
94.438	284
94.488	309
94.538	288
94.589	302
94.639	324
94.689	362
94.739	395
94.789	429
94.840	471
94.890	496
94.940	543
94.990	573
95.040	581
95.090	609
95.142	612
95.192	611
95.242	600
95.292	558
95.342	548
95.393	514
95.443	473
95.493	439
95.543	403
95.593	362
95.643	336
95.694	311
95.744	291
95.794	283
95.844	278
95.894	289
95.944	307
95.995	328
96.046	366
96.096	399
96.146	438
96.196	476
96.247	503
96.297	547
96.347	573
96.397	597
96.447	610
96.497	594
96.548	610
96.598	597
96.648	568
96.698	543
96.748	509
96.798	476
96.849	436
96.899	392
96.950	364
97.000	332
97.050	304
97.101	290
97.151	286
97.201	281
97.251	290
97.301	307
97.351	337
97.402	371
97.452	398
97.502	443
97.552	482
97.602	517
97.652	552
97.703	565
97.753	599
97.804	609
97.854	605
97.904	608
97.955	592
98.005	572
98.055	538
98.105	492
98.155	469
98.205	430
98.256	390
98.306	358
98.356	329
98.406	304
98.456	289
98.506	282
98.557	283
98.607	294
98.657	308
98.708	341
98.758	374
98.809	410
98.859	447
98.909	475
98.959	520
99.009	554
99.059	577
99.110	600
99.160	605
99.210	612
99.260	606
99.310	575
99.361	567
99.411	533
99.461	496
99.511	464
99.561	426
99.612	388
99.663	353
99.713	322
99.763	302
99.813	287
99.863	277
99.913	284
99.964	299
100.014	315
100.064	346
100.114	373
100.164	414
100.215	453
100.265	486
100.315	525
100.365	553
100.415	584
100.465	602
100.517	596
100.567	610
100.617	605
100.667	587
100.717	563
100.767	523
100.818	497
100.868	460
100.918	416
100.968	385
101.018	352
101.069	320
101.119	299
101.169	295
101.219	283
101.269	286
101.319	296
101.370	316
101.421	350
101.471	376
101.521	417
101.571	470
101.621	493
101.672	528
101.722	550
101.772	586
101.822	600
101.872	610
101.923	610
101.973	576
102.023	587
102.073	560
102.123	517
102.173	494
102.224	455
102.274	416
102.325	383
102.375	359
102.425	320
102.476	300
102.526	285
102.576	285
102.626	289
102.676	292
102.726	319
102.777	351
102.827	384
102.877	421
102.927	452
102.977	496
103.027	528
103.078	561
103.128	586
103.178	578
103.229	610
103.279	609
103.330	591
103.380	583
103.430	554
103.480	524
103.530	491
103.580	445
103.631	416
103.681	381
103.731	342
103.781	319
103.831	301
103.881	286
103.932	285
103.982	288
104.032	301
104.082	323
104.133	352
104.184	388
104.234	423
104.284	461
104.334	498
104.384	519
104.434	563
104.485	585
104.535	593
104.585	608
104.635	602
104.685	599
104.735	580
104.786	537
104.836	520
104.886	486
104.936	444
104.986	411
105.038	377
105.088	343
105.138	318
105.188	297
105.238	288
105.288	288
105.339	288
105.389	303
105.439	328
105.489	358
105.539	391
105.589	421
105.640	465
105.690	500
105.740	530
105.790	565
105.840	582
105.891	601
105.942	607
105.992	587
106.042	596
106.092	577
106.142	543
106.193	516
106.243	480
106.293	444
106.343	406
106.393	368
106.444	342
106.494	316
106.544	294
106.594	288
106.644	291
106.694	292
106.745	305
106.796	326
106.846	363
106.896	396
106.946	426
106.996	469
107.047	501
107.097	537
107.147	565
107.197	574
107.247	602
107.298	604
107.348	599
107.398	594
107.448	568
107.498	545
107.548	514
107.599	470
107.649	442
107.700	406
107.750	368
107.800	340
107.850	318
107.901	297
107.951	289
108.001	288
108.051	293
108.101	308
108.152	328
108.202	365
108.252	399
108.302	433
108.352	471
108.402	497
108.453	539
108.503	566
108.553	587
108.604	601
108.654	592
108.705	602
108.755	591
108.805	559
108.855	541
108.905	508
108.955	472
109.006	436
109.056	405
109.106	366
109.156	336
109.206	309
109.256	296
109.307	290
109.357	284
109.407	295
109.457	319
109.508	336
109.559	369
109.609	397
109.659	439
109.709	477
109.759	510
109.809	542
109.860	550
109.910	591
109.960	601
110.010	591
110.060	601
110.110	588
110.161	569
110.211	537
110.261	491
110.311	471
110.361	432
110.413	394
110.463	364
110.513	335
110.563	306
110.613	294
110.663	289
110.714	289
110.764	296
110.814	308
110.864	340
110.914	373
110.964	403
111.015	443
111.065	469
111.115	513
111.165	544
111.215	566
111.266	592
111.317	599
111.367	607
111.417	601
111.467	569
111.517	565
111.568	534
111.618	495
111.668	467
111.718	429
111.768	394
111.818	361
111.869	329
111.919	309
111.969	296
112.019	284
112.069	289
112.120	300
112.170	316
112.221	343
112.271	372
112.321	409
112.371	447
112.422	478
112.472	516
112.522	545
112.572	575
112.622	592
112.673	584
112.723	605
112.773	597
112.823	578
112.873	561
112.923	527
112.974	498
113.024	465
113.074	418
113.125	392
113.175	358
113.225	324
113.276	307
113.326	297
113.376	288
113.426	290
113.476	296
113.527	317
113.577	345
113.627	376
113.677	413
113.727	449
113.777	486
113.828	519
113.878	540
113.928	577
113.978	592
114.029	598
114.079	604
114.130	589
114.180	585
114.230	559
114.280	516
114.330	496
114.381	461
114.431	418
114.481	388
114.531	359
114.581	327
114.631	306
114.682	291
114.732	288
114.782	291
114.832	296
114.882	321
114.933	351
114.984	382
115.034	416
115.084	445
115.134	490
115.184	522
115.235	553
115.285	578
115.335	586
115.385	603
115.435	602
115.485	581
115.536	581
115.586	555
115.636	522
115.686	493
115.736	451
115.786	418
115.838	385
115.888	348
115.938	324
115.988	305
116.038	288
116.089	288
116.139	315
116.189	302
116.239	323
116.289	348
116.339	384
116.390	419
116.440	455
116.490	492
116.540	510
116.590	556
116.641	580
116.691	585
116.742	602
116.792	600
116.842	596
116.892	579
116.943	532
116.993	521
117.043	488
117.093	445
117.143	415
117.193	381
117.244	344
117.294	322
117.344	303
117.394	292
117.444	289
117.495	291
117.545	304
117.596	326
117.646	353
117.696	390
117.746	419
117.797	460
117.847	495
117.897	521
117.947	556
117.997	579
118.047	597
118.098	601
118.148	584
118.198	594
118.248	576
118.298	541
118.349	517
118.399	483
118.449	448
118.500	411
118.550	372
118.600	345
118.651	320
118.701	298
118.751	291
118.801	291
118.851	292
118.901	306
118.952	324
119.002	361
119.052	392
119.102	422
119.152	464
119.203	497
119.253	531
119.303	560
119.353	567
119.404	596
119.454	602
119.505	593
119.555	592
119.605	569
119.655	545
119.705	513
119.756	469
119.806	442
119.856	406
119.906	369
119.956	342
120.006	321
120.057	300
120.107	291
120.157	288
120.207	294
120.257	309
120.308	328
120.359	363
120.409	396
120.459	432
120.509	468
120.559	492
120.610	535
120.660	563
120.710	581
120.760	598
120.810	595
120.860	600
120.911	589
120.961	557
121.011	542
121.061	509
121.111	472
121.161	439
121.213	403
121.263	371
121.313	338
121.363	312
121.413	298
121.464	290
121.514	284
121.564	297
121.614	313
121.664	333
121.714	365
121.765	392
121.815	434
121.865	469
121.915	501
121.965	538
122.015	561
122.066	587
122.117	598
122.167	589
122.217	599
122.267	585
122.318	567
122.368	541
122.418	493
122.468	474
122.518	437
122.568	395
122.619	369
122.669	339
122.719	310
122.769	298
122.819	309
122.869	289
122.920	297
122.970	309
123.021	335
123.071	369
123.121	398
123.172	436
123.222	465
123.272	506
123.322	539
123.372	556
123.422	586
123.473	596
123.523	601
123.573	598
123.623	560
123.673	566
123.724	538
123.774	495
123.824	472
123.874	435
123.925	396
123.975	366
124.026	335
124.076	313
124.126	300
124.176	288
124.226	291
124.276	300
124.327	312
124.377	339
124.427	365
124.477	403
124.527	440
124.578	470
124.628	509
124.678	539
124.728	567
124.778	586
124.829	577
124.880	600
124.930	595
124.980	575
125.030	563
125.080	530
125.130	504
125.181	468
125.231	421
125.281	396
125.331	364
125.381	329
125.432	313
125.482	301
125.532	292
125.582	293
125.632	300
125.682	318
125.734	342
125.784	369
125.834	406
125.884	443
125.934	479
125.985	511
126.035	530
126.085	568
126.135	586
126.185	590
126.235	599
126.286	590
126.336	582
126.386	560
126.436	517
126.486	499
126.536	464
126.587	424
126.638	394
126.688	363
126.738	334
126.788	312
126.839	296
126.889	291
126.939	293
126.989	298
127.039	321
127.089	347
127.140	378
127.190	410
127.240	438
127.290	483
127.340	513
127.390	543
127.441	570
127.491	580
127.542	597
127.592	597
127.642	575
127.693	579
127.743	555
127.793	522
127.843	494
127.893	458
127.943	423
127.994	389
128.044	354
128.094	330
128.144	310
128.194	293
128.244	293
128.295	299
128.345	303
128.396	321
128.446	344
128.496	382
128.547	414
128.597	443
128.647	486
128.697	514
128.747	548
128.797	573
128.848	575
128.898	597
128.948	597
128.998	591
129.048	577
129.098	546
129.149	522
129.199	491
129.249	448
129.300	419
129.350	386
129.401	352
129.451	327
129.501	311
129.551	294
129.601	293
129.651	292
129.702	304
129.752	325
129.802	348
129.852	386
129.902	421
129.953	456
130.003	490
130.053	514
130.103	553
130.153	573
130.204	591
130.255	598
130.305	568
130.355	591
130.405	574
130.455	537
130.505	518
130.556	484
130.606	448
130.656	414
130.706	383
130.756	348
130.807	323
130.857	300
130.907	293
130.957	292
131.007	290
131.057	306
131.109	335
131.159	356
131.209	390
131.259	418
131.309	461
131.359	495
131.410	529
131.460	560
131.510	564
131.560	594
131.610	600
131.661	587
131.711	591
131.761	569
131.811	547
131.861	513
131.911	469
131.962	445
132.013	408
132.063	370
132.113	343
132.163	319
132.213	298
132.264	291
132.314	294
132.364	294
132.414	308
132.464	325
132.515	362
132.565	397
132.615	431
132.665	468
132.715	490
132.765	535
132.816	562
132.866	575
132.917	596
132.967	597
133.017	599
133.068	588
133.118	553
133.168	539
133.218	507
133.268	467
133.318	436
133.369	401
133.419	367
133.469	337
133.519	310
133.569	296
133.619	289
133.670	284
133.720	295
133.770	313
133.821	336
133.871	369
133.922	396
133.972	438
134.022	475
134.072	505
134.122	542
134.172	565
134.223	589
134.273	600
134.323	586
134.373	600
134.423	587
134.473	559
134.524	534
134.574	499
134.624	466
134.674	428
134.725	386
134.776	359
134.826	329
134.876	300
134.926	291
134.976	291
135.026	287
135.077	295
135.127	308
135.177	343
135.227	377
135.277	404
135.327	446
135.378	481
135.428	518
135.478	551
135.528	564
135.578	595
135.630	603
135.680	602
135.730	599
135.780	576
135.830	560
135.880	526
135.931	484
135.981	458
136.031	419
136.081	380
136.131	350
136.181	326
136.232	300
136.282	286
136.332	280
136.382	286
136.432	298
136.483	314
136.534	350
136.584	383
136.634	417
136.684	456
136.734	485
136.785	527
136.835	557
136.885	581
136.935	600
136.985	576
137.036	606
137.086	598
137.136	569
137.186	554
137.236	518
137.286	486
137.337	450
137.388	413
137.438	375
137.488	341
137.538	310
137.588	295
137.639	285
137.689	276
137.739	286
137.789	317
137.839	323
137.890	357
137.940	384
137.990	426
138.040	465
138.090	500
138.140	535
138.191	546
138.241	590
138.292	603
138.342	597
138.392	606
138.442	595
138.493	579
138.543	545
138.593	498
138.643	479
138.693	439
138.744	396
138.794	366
138.844	334
138.894	304
138.944	290
138.994	280
139.045	280
139.095	288
139.145	298
139.196	328
139.246	362
139.297	394
139.347	434
139.397	460
139.447	508
139.497	543
139.547	565
139.598	594
139.648	603
139.698	611
139.748	606
139.798	577
139.848	572
139.899	540
139.949	500
139.999	471
140.049	431
140.100	393
140.151	358
140.201	324
140.251	302
140.301	286
140.351	272
140.401	279
140.452	289
140.502	305
140.552	335
140.602	366
140.652	402
140.702	441
140.753	474
140.803	515
140.853	544
140.903	579
140.953	597
141.005	590
141.055	611
141.105	607
141.155	585
141.205	567
141.255	530
141.306	501
141.356	463
141.406	417
141.456	387
141.506	352
141.556	316
141.607	297
141.657	287
141.707	276
141.757	278
141.807	288
141.858	308
141.909	340
141.959	369
142.009	409
142.059	447
142.109	486
142.160	523
142.210	543
142.260	582
142.310	599
142.360	605
142.410	611
142.461	595
142.511	588
142.561	562
142.611	516
142.661	496
142.712	455
142.762	414
142.813	381
142.863	347
142.913	314
142.963	294
143.014	278
143.064	275
143.114	281
143.164	284
143.214	312
143.265	349
143.315	379
143.365	415
143.415	446
143.465	493
143.515	527
143.566	559
143.616	586
143.666	576
143.717	611
143.767	610
143.817	590
143.868	585
143.918	554
143.968	522
144.018	488
144.068	444
144.119	410
144.169	374
144.219	334
144.269	311
144.319	290
144.369	272
144.420	276
144.470	287
144.520	292
144.570	316
144.621	348
144.671	385
144.722	421
144.772	460
144.822	499
144.872	519
144.922	565
144.973	588
145.023	595
145.073	611
145.123	607
145.173	603
145.223	582
145.274	533
145.324	518
145.374	482
145.424	437
145.474	404
145.525	369
145.576	330
145.626	307
145.676	288
145.726	277
145.776	275
145.827	277
145.877	297
145.927	323
145.977	353
146.027	388
146.077	419
146.128	465
146.178	501
146.228	529
146.278	567
146.328	588
146.378	607
146.430	610
146.480	589
146.530	597
146.580	578
146.630	539
146.681	513
146.731	477
146.781	439
146.831	400
146.881	360
146.931	331
146.982	305
147.032	282
147.082	277
147.132	279
147.182	282
147.233	298
147.283	322
147.334	358
147.384	392
147.434	425
147.484	470
147.535	503
147.585	541
147.635	570
147.685	575
147.735	606
147.785	609
147.836	600
147.886	596
147.936	570
147.986	542
148.036	511
148.087	464
148.137	434
148.188	396
148.238	356
148.288	330
148.338	306
148.389	287
148.439	278
148.489	274
148.539	284
148.589	301
148.639	324
148.690	362
148.740	396
148.790	434
148.840	473
148.890	498
148.941	543
148.991	571
149.041	589
149.092	606
149.142	602
149.192	606
149.243	594
149.293	556
149.343	540
149.393	503
149.443	464
149.493	432
149.544	395
149.594	358
149.644	327
149.694	300
149.744	286
149.795	279
149.845	273
149.895	285
149.945	309
149.996	331
150.046	365
150.097	393
150.147	436
150.197	475
150.247	508
150.297	545
150.348	564
150.398	593
150.448	604
150.498	593
150.548	603
150.598	589
150.649	567
150.699	535
150.749	487
150.799	467
150.849	427
150.900	386
150.951	356
151.001	326
151.051	297
151.101	287
151.151	301
151.202	280
151.252	289
151.302	304
151.352	335
151.402	370
151.452	400
151.503	441
151.553	471
151.603	513
151.653	546
151.703	562
151.753	593
151.805	601
151.855	606
151.905	603
151.955	562
152.005	564
152.056	530
152.106	490
152.156	463
152.206	424
152.256	386
152.306	354
152.357	321
152.407	301
152.457	287
152.507	277
152.557	282
152.607	293
152.658	308
152.709	340
152.759	368
152.809	406
152.859	445
152.910	472
152.960	515
153.010	545
153.060	574
153.110	593
153.160	583
153.211	604
153.261	598
153.311	575
153.361	560
153.411	525
153.461	494
153.512	460
153.562	412
153.613	385
153.663	352
153.713	320
153.764	300
153.814	290
153.864	281
153.914	284
153.964	290
154.014	313
154.065	343
154.115	370
154.165	410
154.215	447
154.265	485
154.316	519
154.366	537
154.416	576
154.466	593
154.517	596
154.567	603
154.618	591
154.668	582
154.718	557
154.768	509
154.818	490
154.868	455
154.919	411
154.969	380
155.019	350
155.069	319
155.119	299
155.170	284
155.220	281
155.270	286
155.320	290
155.370	317
155.421	349
155.472	380
155.522	414
155.572	444
155.622	489
155.672	522
155.722	551
155.773	579
155.823	586
155.873	603
155.923	602
155.973	579
156.024	578
156.074	551
156.124	516
156.174	485
156.224	447
156.274	412
156.326	374
156.376	337
156.426	315
156.476	295
156.526	280
156.577	280
156.627	291
156.677	297
156.727	319
156.777	348
156.827	385
156.878	419
156.928	457
156.978	495
157.028	529
157.078	558
157.128	582
157.179	581
157.230	605
157.280	601
157.330	593
157.380	576
157.431	551
157.481	514
157.531	480
157.581	435
157.631	405
157.681	371
157.732	334
157.782	311
157.832	311
157.882	283
157.932	281
157.982	281
158.033	301
158.083	324
158.134	353
158.184	390
158.234	427
158.285	464
158.335	499
158.385	525
158.435	565
158.485	584
158.535	601
158.586	606
158.636	578
158.686	591
158.736	571
158.786	533
158.836	509
158.887	474
158.937	434
158.988	399
159.038	367
159.088	331
159.139	307
159.189	288
159.239	280
159.289	281
159.339	280
159.389	302
159.440	327
159.490	362
159.540	395
159.590	425
159.640	471
159.690	504
159.741	540
159.791	568
159.841	568
159.892	601
159.942	604
159.993	589
160.043	589
160.093	565
160.143	537
160.193	502
160.243	453
160.294	429
160.344	392
160.394	353
160.444	327
160.494	304
160.545	286
160.595	280
160.645	279
160.695	288
160.745	306
160.796	328
160.847	368
160.897	400
160.947	438
160.997	477
161.047	495
161.097	544
161.148	571
161.198	583
161.248	602
161.298	600
161.348	600
161.399	587
161.449	549
161.499	532
161.549	498
161.599	456
161.649	423
161.701	388
161.751	353
161.801	323
161.851	296
161.901	285
161.951	279
162.002	278
162.052	290
162.102	310
162.152	338
162.202	371
162.253	398
162.303	443
162.353	480
162.403	510
162.453	548
162.503	569
162.554	593
162.605	603
162.655	587
162.705	599
162.755	584
162.805	556
162.856	526
162.906	490
162.956	457
163.006	417
163.056	376
163.107	348
163.157	318
163.207	292
163.257	283
163.307	283
163.357	280
163.408	291
163.458	308
163.509	341
163.559	375
163.609	407
163.660	450
163.710	483
163.760	521
163.810	552
163.860	564
163.910	595
163.961	603
164.011	603
164.061	597
164.111	572
164.161	556
164.211	521
164.262	478
164.312	452
164.362	413
164.413	374
164.463	344
164.514	319
164.564	294
164.614	282
164.664	278
164.714	281
164.764	295
164.815	310
164.865	347
164.915	387
164.965	415
165.015	453
165.065	481
165.116	525
165.166	555
165.216	582
165.266	595
165.317	576
165.368	604
165.418	595
165.468	566
165.518	550
165.568	516
165.618	481
165.669	445
165.719	399
165.769	371
165.819	338
165.869	306
165.919	291
165.970	282
166.020	273
166.070	283
166.120	295
166.170	319
166.222	353
166.272	379
166.322	421
166.372	459
166.422	496
166.472	531
166.523	542
166.573	585
166.623	598
166.673	595
166.723	603
166.773	592
166.824	575
166.874	545
166.924	497
166.974	478
167.024	440
167.075	396
167.126	366
167.176	335
167.226	305
167.276	289
167.326	278
167.377	277
167.427	284
167.477	294
167.527	323
167.577	358
167.628	389
167.678	427
167.728	452
167.778	501
167.828	535
167.878	558
167.929	587
167.980	598
168.030	607
168.080	603
168.130	573
168.180	571
168.231	541
168.281	501
168.331	473
168.381	433
168.431	396
168.482	361
168.532	324
168.582	304
168.632	286
168.682	273
168.732	278
168.783	287
168.833	301
168.884	327
168.934	354
168.984	394
169.034	431
169.085	465
169.135	506
169.185	536
169.235	569
169.285	589
169.336	585
169.386	605
169.436	601
169.486	582
169.536	568
169.586	531
169.637	503
169.687	467
169.737	419
169.788	391
169.838	357
169.889	320
169.939	300
169.989	287
170.039	276
170.089	276
170.139	280
170.190	302
170.240	331
170.290	360
170.340	399
170.390	435
170.440	474
170.491	509
170.541	532
170.591	573
170.641	591
170.692	602
170.743	605
170.793	592
170.843	590
170.893	564
170.943	519
170.993	499
171.044	463
171.094	421
171.144	388
171.194	356
171.244	322
171.294	298
171.345	282
171.395	277
171.445	279
171.495	282
171.545	305
171.597	339
171.647	367
171.697	401
171.747	432
171.797	477
171.847	512
171.898	545
171.948	573
171.998	565
172.048	602
172.098	604
172.148	587
172.199	585
172.249	559
172.299	526
172.349	495
172.399	453
172.450	421
172.501	383
172.551	344
172.601	319
172.651	298
172.701	278
172.752	277
172.802	287
172.852	289
172.902	308
172.952	336
173.002	371
173.053	406
173.103	444
173.153	482
173.203	503
173.253	550
173.304	575
173.354	583
173.405	601
173.455	601
173.505	601
173.555	583
173.606	540
173.656	523
173.706	490
173.756	445
173.806	416
173.857	379
173.907	344
173.957	315
174.007	294
174.057	281
174.107	277
174.158	276
174.208	291
174.258	313
174.309	341
174.359	376
174.409	404
174.460	451
174.510	487
174.560	515
174.610	554
174.660	575
174.711	595
174.761	603
174.811	583
174.861	595
174.911	577
174.961	541
175.012	517
175.062	482
175.112	446
175.162	407
175.213	365
175.263	338
175.314	311
175.364	288
175.414	279
175.464	279
175.514	280
175.565	294
175.615	312
175.665	349
175.715	382
175.765	414
175.815	457
175.866	491
175.916	528
175.966	561
176.016	563
176.066	598
176.117	604
176.168	597
176.218	594
176.268	568
176.318	543
176.368	512
176.419	464
176.469	439
176.519	400
176.569	362
176.619	332
176.669	309
176.720	287
176.770	277
176.820	274
176.870	282
176.920	296
176.970	316
177.022	356
177.072	390
177.122	426
177.172	464
177.222	490
177.273	535
177.323	564
177.373	583
177.423	600
177.473	596
177.523	602
177.574	587
177.624	555
177.674	539
177.724	504
177.774	466
177.825	432
177.875	394
177.926	357
177.976	326
178.026	300
178.076	284
178.127	276
178.177	272
178.227	283
178.277	305
178.327	326
178.377	361
178.428	389
178.478	433
178.528	471
178.578	504
178.628	541
178.679	566
178.729	591
178.780	602
178.830	591
178.880	600
178.930	587
178.981	565
179.031	533
179.081	487
179.131	463
179.181	423
179.231	379
179.282	352
179.332	321
179.382	292
179.432	279
179.482	295
179.533	275
179.583	283
179.633	298
179.684	332
179.734	367
179.784	398
179.835	440
179.885	469
179.935	514
179.985	547
180.035	564
180.085	594
180.136	602
180.186	607
180.236	601
180.286	560
180.336	561
180.387	526
180.437	485
180.487	456
180.537	416
180.588	378
180.638	345
180.689	311
180.739	291
180.789	278
180.839	269
180.889	275
180.940	287
180.990	304
181.040	337
181.090	365
181.140	407
181.190	447
181.241	476
181.291	521
181.341	550
181.391	580
181.441	597
181.492	585
181.543	607
181.593	598
181.643	575
181.693	555
181.743	517
181.794	487
181.844	448
181.894	401
181.944	372
181.994	338
182.044	304
182.095	287
182.145	277
182.195	272
182.245	275
182.295	288
182.345	311
182.397	345
182.447	373
182.497	416
182.547	453
182.597	492
182.648	528
182.698	544
182.748	584
182.798	599
182.848	601
182.898	606
182.949	591
182.999	578
183.049	548
183.099	502
183.149	481
183.199	442
183.250	396
183.301	366
183.351	333
183.401	303
183.451	284
183.502	272
183.552	271
183.602	277
183.652	288
183.702	316
183.752	351
183.803	383
183.853	421
183.903	451
183.953	497
184.003	532
184.053	562
184.104	588
184.154	594
184.205	607
184.255	605
184.305	573
184.356	574
184.406	541
184.456	505
184.506	473
184.556	432
184.606	396
184.657	360
184.707	324
184.757	299
184.807	282
184.857	266
184.908	271
184.958	327
185.008	293
185.058	321
185.109	352
185.159	388
185.210	427
185.260	466
185.310	504
185.360	522
185.410	569
185.460	590
185.511	591
185.561	607
185.611	602
185.661	591
185.711	569
