#Creator: pendulumdriveEventBuffer
#Creation time: Thu Apr 11 14:41:38 2019
#Time	Pos
#[s]	[au]
0.050	299
0.100	315
0.150	300
0.200	316
0.250	328
0.301	360
0.352	394
0.402	424
0.452	459
0.502	479
0.552	522
0.603	547
0.653	553
0.703	578
0.753	580
0.803	581
0.854	571
0.904	533
0.954	527
1.004	496
1.054	456
1.104	431
1.155	397
1.205	361
1.256	338
1.306	315
1.356	301
1.406	294
1.457	294
1.507	302
1.557	317
1.607	339
1.657	370
1.708	403
1.758	434
1.808	469
1.858	500
1.908	528
1.958	550
2.009	569
2.059	578
2.110	560
2.160	576
2.210	563
2.261	535
2.311	520
2.361	488
2.411	457
2.461	426
2.511	391
2.562	369
2.612	345
2.662	323
2.712	314
2.762	310
2.812	305
2.863	315
2.913	326
2.963	350
3.014	374
3.064	396
3.115	433
3.165	460
3.215	488
3.265	513
3.315	519
3.365	549
3.416	557
3.466	550
3.516	559
3.566	548
3.616	534
3.666	514
3.717	477
3.767	463
3.817	435
3.867	402
3.918	384
3.969	361
4.019	342
4.069	331
4.119	322
4.169	323
4.219	328
4.270	332
4.320	354
4.370	375
4.420	400
4.470	426
4.520	441
4.571	478
4.621	502
4.671	516
4.721	537
4.771	542
4.823	551
4.873	550
4.923	528
4.973	530
5.023	510
5.073	482
5.124	464
5.174	437
5.224	412
5.274	386
5.324	359
5.374	346
5.425	335
5.475	325
5.525	326
5.575	331
5.625	340
5.676	358
5.727	370
5.777	401
5.827	428
5.877	452
5.927	479
5.978	500
6.028	524
6.078	539
6.128	535
6.178	551
6.229	549
6.279	537
6.329	528
6.379	504
6.429	485
6.479	459
6.530	422
6.580	404
6.631	379
6.681	352
6.731	339
6.781	331
6.832	322
6.882	321
6.932	322
6.982	339
7.032	358
7.083	376
7.133	408
7.183	435
7.233	464
7.283	491
7.333	505
7.384	535
7.434	547
7.484	555
7.535	559
7.585	554
7.635	546
7.686	529
7.736	496
7.786	479
7.836	450
7.886	417
7.937	393
7.987	373
8.037	344
8.087	328
8.137	314
8.187	314
8.238	316
8.288	320
8.338	339
8.388	367
8.439	386
8.490	416
8.540	440
8.590	477
8.640	503
8.690	528
8.740	547
8.791	540
8.841	566
8.891	564
8.941	550
8.991	545
9.041	523
9.092	500
9.142	469
9.192	428
9.242	406
9.292	378
9.344	345
9.394	331
9.444	319
9.494	304
9.544	308
9.594	309
9.645	324
9.695	344
9.745	364
9.795	400
9.845	429
9.895	463
9.946	494
9.996	504
10.046	544
10.096	560
10.146	559
10.197	571
10.248	566
10.298	558
10.348	538
10.398	495
10.448	483
10.499	452
10.549	414
10.599	389
10.649	362
10.699	336
10.749	318
10.800	306
10.850	303
10.900	307
10.950	312
11.000	334
11.051	360
11.101	388
11.152	419
11.202	441
11.252	485
11.302	511
11.353	527
11.403	557
11.453	564
11.503	574
11.553	571
11.603	548
11.654	546
11.704	521
11.754	486
11.804	462
11.854	430
11.905	397
11.955	368
12.006	339
12.056	324
12.106	312
12.156	300
12.207	307
12.257	316
12.307	330
12.357	353
12.407	375
12.458	413
12.508	444
12.558	471
12.608	505
12.658	526
12.708	551
12.759	562
12.809	554
12.859	569
12.910	561
12.960	542
13.010	525
13.061	494
13.111	468
13.161	434
13.211	395
13.261	375
13.312	350
13.362	324
13.412	317
13.462	314
13.512	311
13.562	316
13.613	326
13.663	351
13.713	380
13.763	404
13.814	441
13.864	468
13.915	500
13.965	524
14.015	532
14.065	558
14.115	563
14.166	561
14.216	556
14.266	536
14.316	523
14.366	497
14.416	460
14.467	438
14.517	407
14.567	374
14.617	354
14.667	365
14.718	323
14.769	316
14.819	312
14.869	322
14.919	335
14.969	352
15.020	381
15.070	410
15.120	439
15.170	467
15.220	485
15.270	519
15.321	535
15.371	548
15.421	554
15.471	537
15.521	551
15.571	538
15.623	508
15.673	495
15.723	467
15.773	436
15.823	410
15.874	383
15.924	361
15.974	344
16.024	328
16.074	326
16.124	327
16.175	328
16.225	344
16.275	359
16.325	385
16.375	410
16.426	428
16.476	465
16.527	487
16.577	509
16.627	527
16.677	519
16.728	544
16.778	544
16.828	530
16.878	527
16.928	507
16.978	486
17.029	463
17.079	427
17.129	413
17.179	390
17.229	366
17.280	354
17.330	347
17.380	338
17.431	339
17.481	342
17.531	358
17.582	372
17.632	386
17.682	415
17.732	437
17.782	460
17.832	482
17.883	486
17.933	514
17.983	523
18.033	522
18.083	528
18.134	520
18.184	513
18.234	497
18.284	467
18.335	459
18.385	438
18.436	412
18.486	398
18.536	382
18.586	371
18.636	362
18.686	352
18.737	356
18.787	362
18.837	368
18.887	385
18.937	400
18.988	419
19.038	436
19.088	444
19.138	472
19.188	488
19.239	492
19.290	506
19.340	507
19.390	511
19.440	506
19.490	486
19.541	485
19.591	472
19.641	452
19.691	441
19.741	424
19.791	410
19.842	397
19.892	381
19.942	380
19.992	375
20.042	372
20.092	378
20.144	386
20.194	395
20.244	405
20.294	409
20.344	432
20.395	445
20.445	455
20.495	469
20.545	476
20.595	486
20.645	491
20.696	484
20.746	492
20.796	487
20.846	476
20.896	471
20.946	476
20.997	450
21.048	437
21.098	418
21.148	417
21.198	407
21.249	395
21.299	394
21.349	412
21.399	390
21.449	393
21.499	392
21.550	404
21.600	412
21.650	417
21.700	430
21.750	437
21.800	451
21.851	460
21.901	459
21.952	474
22.002	478
22.052	478
22.103	481
22.153	471
22.203	475
22.253	470
22.303	455
22.353	455
22.404	445
22.454	434
22.504	427
22.554	415
22.604	411
22.654	404
22.705	393
22.755	396
22.806	394
22.856	395
22.906	400
22.957	399
23.007	413
23.057	422
23.107	422
23.157	442
23.207	450
23.258	457
23.308	469
23.358	465
23.408	481
23.458	484
23.509	477
23.559	484
23.609	478
23.659	472
23.710	466
23.760	445
23.811	445
23.861	434
23.911	416
23.961	413
24.011	403
24.061	394
24.112	389
24.162	381
24.212	388
24.262	392
24.312	389
24.363	402
24.413	411
24.463	422
24.513	435
24.563	440
24.614	461
24.665	473
24.715	475
24.765	491
24.815	495
24.865	497
24.915	496
24.966	479
25.016	485
25.066	474
25.116	456
25.166	448
25.217	433
25.267	419
25.317	405
25.367	387
25.417	384
25.467	377
25.519	368
25.569	374
25.619	378
25.669	385
25.719	396
25.770	400
25.820	424
25.870	439
25.920	448
25.970	471
26.020	484
26.071	496
26.121	505
26.171	492
26.221	511
26.271	508
26.321	495
26.372	489
26.423	473
26.473	459
26.523	441
26.573	412
26.624	407
26.674	391
26.724	373
26.774	369
26.824	365
26.874	361
26.925	365
26.975	366
27.025	383
27.075	397
27.125	410
27.175	433
27.226	450
27.276	471
27.327	488
27.377	492
27.427	514
27.478	519
27.528	519
27.578	520
27.628	507
27.678	501
27.728	484
27.779	457
27.829	446
27.879	426
27.929	403
27.979	388
28.029	375
28.080	361
28.130	353
28.180	346
28.231	355
28.281	363
28.332	371
28.382	391
28.432	436
28.482	429
28.532	450
28.582	463
28.633	492
28.683	506
28.733	518
28.783	527
28.833	512
28.883	527
28.934	519
28.984	497
29.034	490
29.084	470
29.135	446
29.186	427
29.236	406
29.286	385
29.336	368
29.386	352
29.436	348
29.487	345
29.537	344
29.587	356
29.637	367
29.687	385
29.738	406
29.788	421
29.838	451
29.888	472
29.938	494
29.988	512
30.040	509
30.090	532
30.140	535
30.190	524
30.240	524
30.290	510
30.341	492
30.391	473
30.441	440
30.491	426
30.541	403
30.592	377
30.642	366
30.692	353
30.742	342
30.792	341
30.842	338
30.893	352
30.944	365
30.994	378
31.044	404
31.094	427
31.144	450
31.195	475
31.245	482
31.295	513
31.345	526
31.395	526
31.446	536
31.496	532
31.546	526
31.596	512
31.646	482
31.696	473
31.747	448
31.797	421
31.848	403
31.898	383
31.948	362
31.998	353
32.049	340
32.099	342
32.149	344
32.199	348
32.249	366
32.300	385
32.350	405
32.400	428
32.450	439
32.500	475
32.550	494
32.601	505
32.651	524
32.702	529
32.752	534
32.802	530
32.853	510
32.903	509
32.953	490
33.003	464
33.053	447
33.103	424
33.154	403
33.204	383
33.254	363
33.304	356
33.354	348
33.404	342
33.455	351
33.505	361
33.555	372
33.606	389
33.656	400
33.707	431
33.757	453
33.807	469
33.857	492
33.907	503
33.957	517
34.008	524
34.058	513
34.108	522
34.158	512
34.208	496
34.258	483
34.309	461
34.359	444
34.409	423
34.459	396
34.510	387
34.561	375
34.611	362
34.661	360
34.711	359
34.761	361
34.811	370
34.862	378
34.912	401
34.962	416
35.012	431
35.062	454
35.112	469
35.163	487
35.213	499
35.263	498
35.313	511
35.363	512
35.415	503
35.465	500
35.515	483
35.565	471
35.615	457
35.665	432
35.716	423
35.766	408
35.816	392
35.866	384
35.916	383
35.966	373
36.017	374
36.067	372
36.117	386
36.167	395
36.217	406
36.268	423
36.319	435
36.369	453
36.419	468
36.469	470
36.519	487
36.570	492
36.620	495
36.670	495
36.720	482
36.770	485
36.821	475
36.871	454
36.921	451
36.971	439
37.021	422
37.071	413
37.122	399
37.172	398
37.223	393
37.273	384
37.323	390
37.373	393
37.424	396
37.474	407
37.524	406
37.574	427
37.624	437
37.675	442
37.725	458
37.775	465
37.825	472
37.875	477
37.925	465
37.976	480
38.026	477
38.076	465
38.127	467
38.177	459
38.227	450
38.278	443
38.328	424
38.378	426
38.428	418
38.478	408
38.529	409
38.579	407
38.629	405
38.679	407
38.729	402
38.779	415
38.830	418
38.880	421
38.930	431
38.980	438
39.031	445
39.082	450
39.132	445
39.182	460
39.232	463
39.282	459
39.332	464
39.383	461
39.433	461
39.483	458
39.533	445
39.583	450
39.633	445
39.684	436
39.734	435
39.784	430
39.834	427
39.884	424
39.936	412
39.986	420
40.036	419
40.086	414
40.136	419
40.186	420
40.237	423
40.287	426
40.337	423
40.387	433
40.437	438
40.487	436
40.538	445
40.588	449
40.638	453
40.688	456
40.738	449
40.789	461
40.840	462
40.890	457
40.940	460
40.990	454
41.040	453
41.091	449
41.141	434
41.191	440
41.241	434
41.291	424
41.341	424
41.392	419
41.442	416
41.492	413
41.542	403
41.592	412
41.643	413
41.693	412
41.744	421
41.794	426
41.844	431
41.894	439
41.945	437
41.995	452
42.045	459
42.095	461
42.145	468
42.195	471
42.246	474
42.296	472
42.346	460
42.396	466
42.446	461
42.497	448
42.547	443
42.598	433
42.648	428
42.698	418
42.748	403
42.799	404
42.849	400
42.899	394
42.949	398
42.999	403
43.050	405
43.100	411
43.150	413
43.200	430
43.250	440
43.300	448
43.351	461
43.401	463
43.451	478
43.502	485
43.552	478
43.602	488
43.653	485
43.703	478
43.753	473
43.803	455
43.853	453
43.904	440
43.954	420
44.004	416
44.054	405
44.104	394
44.154	390
44.205	379
44.255	384
44.305	385
44.355	384
44.406	400
44.456	410
44.507	418
44.557	435
44.607	439
44.657	464
44.707	476
44.758	478
44.808	495
44.858	498
44.908	501
44.958	499
45.008	480
45.059	485
45.109	473
45.159	453
45.209	445
45.259	428
45.310	412
45.361	400
45.411	382
45.461	379
45.511	374
45.561	366
45.612	373
45.662	379
45.712	388
45.762	400
45.812	407
45.862	433
45.913	449
45.963	460
46.013	483
46.063	491
46.113	503
46.163	510
46.215	499
46.265	510
46.315	504
46.365	487
46.415	480
46.466	463
46.516	446
46.566	429
46.616	403
46.666	394
46.716	381
46.767	365
46.817	364
46.867	362
46.917	365
46.967	370
47.018	374
47.068	395
47.119	412
47.169	426
47.219	450
47.269	468
47.320	487
47.370	501
47.420	500
47.470	518
47.520	521
47.570	515
47.621	511
47.671	495
47.721	485
47.771	467
47.821	437
47.872	427
47.922	407
47.972	386
48.023	374
48.073	365
48.123	356
48.174	354
48.224	352
48.274	364
48.324	376
48.374	388
48.424	411
48.475	429
48.525	451
48.575	473
48.625	479
48.675	506
48.726	516
48.776	521
48.826	528
48.876	517
48.927	517
48.977	504
49.028	477
49.078	468
49.128	447
49.178	421
49.228	403
49.278	407
49.329	371
49.379	361
49.429	348
49.479	351
49.529	351
49.580	358
49.630	374
49.680	394
49.730	410
49.780	431
49.831	444
49.882	474
49.932	492
49.982	508
50.032	520
50.082	511
50.133	529
50.183	526
50.233	507
50.283	504
50.333	484
50.383	466
50.434	446
50.484	415
50.534	402
50.584	384
50.634	362
50.684	356
50.736	350
50.786	344
50.836	352
50.886	359
50.936	375
50.987	394
51.037	406
51.087	433
51.137	455
51.187	477
51.237	495
51.288	497
51.338	523
51.388	527
51.438	521
51.488	525
51.538	514
51.589	502
51.640	484
51.690	450
51.740	442
51.790	420
51.841	394
51.891	382
51.941	367
51.991	354
52.041	351
52.091	345
52.142	354
52.192	364
52.242	372
52.292	396
52.342	416
52.392	437
52.443	458
52.493	467
52.544	497
52.594	510
52.644	515
52.695	525
52.745	524
52.795	522
52.845	511
52.895	486
52.945	479
52.996	459
53.046	434
53.096	417
53.146	398
53.196	381
53.246	367
53.297	354
53.347	353
53.398	354
53.448	354
53.498	369
53.549	383
53.599	402
53.649	421
53.699	432
53.749	463
53.799	481
53.850	492
53.900	510
53.950	513
54.000	523
54.050	522
54.101	503
54.151	505
54.201	489
54.251	468
54.302	453
54.352	433
54.403	415
54.453	396
54.503	376
54.553	370
54.603	362
54.653	353
54.704	358
54.754	367
54.804	378
54.854	392
54.904	401
54.955	427
55.005	446
55.055	460
55.105	482
55.155	492
55.206	507
55.257	513
55.307	502
55.357	514
55.407	506
55.457	491
55.507	482
55.558	463
55.608	448
55.658	429
55.708	404
55.758	396
55.809	385
55.859	372
55.909	370
55.959	369
56.009	370
56.059	376
56.111	381
56.161	401
56.211	417
56.261	430
56.311	450
56.362	463
56.412	480
56.462	493
56.512	488
56.562	504
56.612	505
56.663	499
56.713	494
56.763	476
56.813	471
56.863	457
56.913	435
56.964	428
57.015	413
57.065	398
57.115	391
57.165	383
57.216	381
57.266	381
57.316	376
57.366	391
57.416	400
57.466	409
57.517	424
57.567	433
57.617	451
57.667	464
57.717	464
57.767	482
57.818	486
57.868	489
57.919	490
57.969	478
58.019	482
58.070	471
58.120	453
58.170	451
58.220	439
58.270	425
58.320	418
58.371	401
58.421	403
58.471	399
58.521	389
58.571	396
58.621	399
58.672	404
58.722	411
58.772	409
58.823	429
58.873	439
58.924	441
58.974	457
59.024	463
59.074	469
59.124	473
59.174	464
59.225	474
59.275	471
59.325	460
59.375	461
59.425	454
59.475	446
59.526	439
59.576	420
59.626	427
59.676	421
59.727	410
59.778	414
59.828	411
59.878	412
59.928	415
59.978	410
60.028	421
60.079	425
60.129	424
60.179	436
60.229	441
60.279	448
60.330	451
60.380	446
60.430	458
60.480	458
60.530	452
60.580	458
60.632	455
60.682	454
60.732	451
60.782	438
60.832	445
60.882	441
60.933	433
60.983	434
61.033	431
61.083	430
61.133	428
61.184	420
61.234	427
61.284	427
61.334	424
61.384	429
61.434	428
61.485	431
61.536	431
61.586	425
61.636	436
61.686	437
61.736	434
61.787	442
61.837	442
61.887	447
61.937	446
61.987	443
62.038	449
62.088	451
62.138	448
62.188	452
62.238	448
62.288	449
62.339	449
62.389	438
62.440	444
62.490	440
62.540	433
62.590	433
62.641	429
62.691	427
62.741	423
62.791	412
62.841	420
62.892	420
62.942	416
62.992	422
63.042	423
63.092	429
63.142	433
63.193	430
63.243	443
63.294	448
63.344	450
63.394	458
63.445	460
63.495	465
63.545	467
63.595	457
63.645	465
63.695	461
63.746	454
63.796	452
63.846	443
63.896	437
63.946	431
63.996	416
64.047	417
64.097	413
64.147	402
64.198	405
64.248	407
64.299	407
64.349	410
64.399	409
64.449	423
64.499	430
64.549	437
64.600	448
64.650	447
64.700	466
64.750	472
64.800	466
64.850	480
64.901	480
64.951	478
65.001	476
65.051	459
65.102	460
65.153	452
65.203	433
65.253	430
65.303	418
65.353	406
65.403	400
65.454	387
65.504	391
65.554	391
65.604	388
65.654	398
65.704	405
65.755	412
65.805	425
65.855	425
65.905	451
65.955	462
66.007	467
66.057	483
66.107	487
66.157	493
66.207	494
66.257	477
66.308	486
66.358	478
66.408	462
66.458	455
66.508	440
66.558	426
66.609	414
66.659	395
66.709	393
66.759	384
66.809	376
66.860	379
66.911	383
66.961	388
67.011	398
67.061	402
67.111	423
67.162	437
67.212	446
67.262	469
67.312	479
67.362	491
67.413	500
67.463	492
67.513	506
67.563	500
67.613	487
67.663	485
67.714	469
67.764	456
67.815	440
67.865	416
67.915	408
67.965	394
68.016	378
68.066	375
68.116	372
68.166	371
68.216	374
68.267	374
68.317	393
68.367	407
68.417	418
68.467	440
68.517	454
68.568	474
68.618	488
68.668	488
68.719	506
68.769	510
68.819	507
68.870	507
68.920	496
68.970	487
69.020	472
69.070	445
69.121	436
69.171	418
69.221	400
69.271	387
69.321	378
69.371	368
69.422	366
69.472	359
69.522	371
69.572	379
69.623	386
69.674	407
69.724	423
69.774	444
69.824	462
69.874	468
69.924	494
69.975	504
70.025	510
70.075	517
70.125	526
70.175	510
70.225	500
70.276	477
70.326	470
70.376	451
70.426	432
70.476	415
70.528	401
70.578	384
70.628	371
70.678	360
70.728	362
70.778	363
70.829	366
70.879	380
70.929	397
70.979	409
71.029	427
71.079	439
71.130	465
71.180	483
71.230	496
71.280	509
71.330	500
71.381	518
71.432	515
71.482	500
71.532	498
71.582	483
71.632	464
71.683	448
71.733	426
71.783	410
71.833	394
71.883	374
71.933	369
71.984	364
72.034	357
72.084	366
72.134	367
72.184	384
72.235	398
72.285	409
72.336	433
72.386	452
72.436	469
72.486	486
72.537	486
72.587	508
72.637	514
72.687	506
72.737	513
72.787	503
72.838	492
72.888	477
72.938	451
72.988	440
73.038	424
73.089	400
73.139	392
73.190	380
73.240	368
73.290	367
73.340	359
73.391	370
73.441	379
73.491	386
73.541	406
73.591	421
73.642	438
73.692	456
73.742	461
73.792	487
73.842	497
73.892	498
73.943	511
73.993	506
74.043	503
74.094	496
74.144	472
74.194	468
74.245	452
74.295	430
74.345	420
74.395	404
74.445	392
74.496	384
74.546	372
74.596	373
74.646	376
74.696	376
74.746	390
74.797	399
74.847	415
74.897	429
74.947	436
74.998	461
75.048	474
75.099	480
75.149	494
75.199	489
75.249	500
75.299	498
75.350	481
75.400	484
75.450	472
75.500	455
75.550	443
75.600	430
75.651	418
75.701	405
75.751	389
75.801	388
75.851	386
75.902	380
75.953	388
76.003	394
76.053	401
76.103	413
76.153	416
76.204	437
76.254	450
76.304	458
76.354	472
76.404	476
76.454	486
76.505	489
76.555	479
76.605	485
76.655	478
76.705	468
76.755	460
76.807	447
76.857	438
76.907	427
76.957	410
77.007	409
77.058	402
77.108	394
77.158	396
77.208	397
77.258	401
77.308	406
77.359	407
77.409	424
77.459	432
77.509	439
77.559	452
77.610	453
77.660	468
77.711	474
77.761	465
77.811	476
77.861	475
77.912	469
77.962	465
78.012	452
78.062	451
78.112	444
78.162	428
78.213	429
78.263	421
78.313	413
78.363	412
78.413	411
78.464	410
78.514	412
78.564	409
78.615	419
78.665	425
78.715	429
78.766	437
78.816	439
78.866	450
78.916	454
78.966	448
79.016	460
79.067	461
79.117	459
79.167	459
79.217	447
79.267	454
79.318	450
79.368	436
79.418	439
79.468	435
79.519	431
79.569	429
79.620	418
79.670	427
79.720	426
79.770	420
79.820	427
79.870	429
79.921	432
79.971	434
80.021	427
80.071	438
80.121	442
80.172	434
80.222	444
80.272	444
80.322	446
80.372	446
80.423	433
80.474	444
80.524	443
80.574	437
80.624	442
80.674	441
80.725	440
80.775	441
80.825	432
80.875	441
80.925	441
80.975	437
81.026	443
81.076	441
81.126	440
81.176	440
81.226	430
81.276	438
81.328	435
81.378	430
81.428	434
81.478	432
81.528	431
81.579	431
81.629	422
81.679	430
81.729	431
81.779	427
81.829	435
81.880	435
81.930	441
81.980	442
82.030	438
82.080	451
82.130	453
82.181	449
82.232	456
82.282	455
82.332	456
82.382	454
82.433	441
82.483	446
82.533	442
82.583	434
82.633	433
82.683	427
82.734	423
82.784	420
82.834	411
82.884	416
82.934	416
82.984	414
83.035	421
83.085	425
83.136	430
83.186	437
83.236	434
83.287	451
83.337	455
83.387	456
83.437	465
83.487	467
83.537	471
83.588	469
83.638	458
83.688	462
83.738	456
83.788	446
83.838	442
83.889	433
83.939	426
83.990	419
84.040	406
84.090	408
84.141	404
84.191	400
84.241	406
84.291	427
84.341	414
84.391	421
84.442	421
84.492	439
84.542	448
84.592	454
84.642	465
84.693	463
84.743	477
84.793	482
84.843	471
84.894	479
84.944	474
84.995	467
85.045	459
85.095	446
85.145	439
85.195	428
85.245	410
85.296	409
85.346	402
85.396	393
85.446	392
85.496	395
85.547	397
85.597	402
85.647	404
85.697	419
85.747	430
85.798	440
85.849	454
85.899	459
85.949	476
85.999	483
86.049	480
86.099	491
86.150	488
86.200	485
86.250	479
86.300	459
86.350	459
86.401	447
86.451	426
86.501	419
86.551	410
86.601	398
86.651	393
86.703	381
86.753	385
86.803	387
86.853	386
86.903	400
86.954	408
87.004	420
87.054	435
87.104	435
87.154	463
87.204	476
87.255	479
87.305	492
87.355	496
87.405	497
87.455	494
87.505	474
87.556	479
87.607	468
87.657	448
87.707	441
87.757	425
87.808	412
87.858	400
87.908	384
87.958	384
88.008	380
88.058	374
88.109	385
88.159	391
88.209	400
88.259	414
88.309	416
88.359	442
88.410	457
88.460	464
88.511	483
88.561	490
88.611	499
88.662	502
88.712	488
88.762	497
88.812	487
88.862	472
88.912	464
88.963	447
89.013	432
89.063	420
89.113	398
89.163	393
89.213	385
89.264	374
89.314	377
89.364	379
89.415	384
89.465	393
89.516	398
89.566	419
89.616	433
89.666	443
89.716	464
89.766	475
89.817	489
89.867	497
89.917	488
89.967	503
90.017	500
90.067	490
90.118	483
90.168	469
90.218	457
90.268	443
90.319	416
90.370	412
90.420	399
90.470	385
90.520	381
90.570	378
90.620	379
90.671	382
90.721	383
90.771	399
90.821	410
90.871	422
90.922	441
90.972	467
91.022	470
91.072	483
91.122	483
91.172	499
91.224	501
91.274	499
91.324	497
91.374	479
91.424	478
91.474	464
91.525	443
91.575	435
91.625	418
91.675	403
91.725	396
91.776	383
91.826	381
91.876	379
91.926	376
91.976	386
92.026	395
92.077	402
92.128	420
92.178	432
92.228	448
92.278	462
92.328	464
92.379	486
92.429	488
92.479	496
92.529	497
92.579	485
92.630	490
92.680	480
92.730	461
92.780	456
92.830	441
92.880	424
92.931	414
92.981	395
93.032	394
93.082	387
93.132	379
93.182	384
93.233	388
93.283	392
93.333	404
93.383	407
93.433	429
93.484	442
93.534	448
93.584	467
93.634	477
93.684	485
93.734	491
93.785	479
93.835	492
93.886	487
93.936	471
93.986	469
94.037	457
94.087	445
94.137	434
94.187	412
94.237	411
94.287	401
94.338	394
94.388	392
94.438	391
94.488	392
94.538	398
94.588	398
94.639	415
94.689	426
94.739	431
94.790	449
94.840	459
94.891	469
94.941	477
94.991	470
95.041	484
95.091	484
95.141	476
95.192	476
95.242	465
95.292	458
95.342	447
95.392	428
95.442	427
95.493	418
95.543	404
95.593	404
95.643	401
95.694	400
95.745	401
95.795	398
95.845	411
95.895	418
95.945	421
95.995	436
96.046	445
96.096	455
96.146	462
96.196	458
96.246	473
96.296	475
96.347	470
96.397	473
96.447	466
96.497	463
96.547	455
96.599	436
96.649	438
96.699	431
96.749	419
96.799	419
96.849	413
96.900	409
96.950	410
97.000	402
97.050	413
97.100	418
97.150	420
97.201	430
97.251	436
97.301	445
97.351	451
97.401	448
97.452	461
97.503	463
97.553	461
97.603	465
97.653	460
97.703	460
97.754	455
97.804	441
97.854	444
97.904	437
97.954	429
98.005	427
98.055	423
98.105	421
98.155	420
98.205	413
98.255	421
98.306	424
98.356	424
98.407	432
98.457	460
98.507	441
98.557	446
98.608	444
98.658	452
98.708	454
98.758	454
98.808	456
98.859	450
98.909	452
98.959	449
99.009	437
99.059	442
99.109	437
99.160	432
99.210	430
99.260	428
99.311	426
99.361	428
99.411	422
99.462	430
99.512	433
99.562	433
99.612	438
99.662	438
99.713	445
99.763	447
99.813	443
99.863	451
99.913	450
99.963	448
100.014	449
100.064	439
100.114	444
100.164	441
100.215	432
100.266	434
100.316	430
100.366	428
100.416	427
100.466	417
100.516	427
100.567	429
100.617	426
100.667	434
100.717	439
100.767	440
100.817	446
100.868	438
100.918	453
100.968	455
101.018	448
101.068	457
101.120	454
101.170	453
101.220	451
101.270	436
101.320	441
101.370	436
101.421	425
101.471	428
101.521	423
101.571	421
101.621	420
101.671	410
101.722	421
101.772	424
101.822	422
101.872	430
101.922	437
101.973	443
102.024	449
102.074	445
102.124	459
102.174	463
102.224	458
102.275	466
102.325	461
102.375	461
102.425	457
102.475	439
102.525	445
102.576	438
102.626	428
102.676	424
102.726	418
102.776	416
102.827	411
102.877	403
102.928	411
102.978	413
103.028	412
103.078	423
103.129	431
103.179	438
103.229	446
103.279	444
103.329	461
103.379	467
103.430	464
103.480	473
103.530	472
103.580	471
103.630	468
103.681	453
103.731	455
103.782	448
103.832	432
103.882	429
103.932	421
103.983	413
104.033	408
104.083	398
104.133	403
104.183	403
104.234	401
104.284	410
104.334	417
104.384	425
104.434	436
104.484	437
104.535	456
104.585	465
104.635	469
104.686	479
104.736	477
104.786	482
104.837	479
104.887	465
104.937	469
104.987	462
105.037	448
105.088	441
105.138	428
105.188	419
105.238	410
105.288	397
105.338	398
105.389	395
105.439	392
105.489	398
105.539	421
105.590	411
105.640	421
105.691	424
105.741	443
105.791	454
105.841	462
105.891	474
105.942	469
105.992	486
106.042	489
106.092	480
106.142	483
106.192	476
106.243	464
106.293	456
106.343	441
106.393	432
106.443	420
106.494	403
106.545	401
106.595	394
106.645	387
106.695	389
106.745	395
106.796	396
106.846	404
106.896	408
106.946	426
106.996	438
107.046	450
107.097	464
107.147	467
107.197	484
107.247	490
107.297	485
107.347	493
107.399	489
107.449	481
107.499	475
107.549	455
107.599	451
107.650	436
107.700	416
107.750	410
107.800	400
107.850	390
107.900	388
107.951	379
108.001	386
108.051	391
108.101	392
108.151	409
108.202	420
108.252	432
108.303	446
108.353	448
108.403	472
108.453	482
108.504	484
108.554	495
108.604	495
108.654	496
108.704	490
108.754	473
108.805	471
108.855	458
108.905	438
108.955	431
109.005	415
109.056	404
109.106	394
109.156	380
109.207	383
109.257	383
109.307	381
109.358	392
109.408	401
109.458	413
109.508	425
109.558	431
109.608	454
109.659	467
109.709	473
109.759	488
109.809	493
109.859	497
109.910	498
109.960	481
110.010	486
110.060	476
110.111	459
110.161	450
110.212	434
110.262	422
110.312	409
110.362	391
110.412	390
110.462	384
110.513	377
110.563	384
110.613	390
110.663	397
110.713	407
110.764	412
110.814	434
110.864	448
110.914	457
110.964	473
111.015	480
111.066	490
111.116	494
111.166	487
111.216	494
111.266	486
111.317	475
111.367	469
111.417	452
111.467	442
111.517	428
111.567	408
111.618	404
111.668	396
111.718	386
111.768	387
111.818	415
111.868	391
111.920	398
111.970	400
112.020	418
112.070	429
112.120	439
112.171	455
112.221	477
112.271	477
112.321	485
112.371	478
112.421	490
112.472	488
112.522	483
112.572	478
112.622	460
112.672	458
112.722	446
112.773	445
112.824	423
112.874	413
112.924	401
112.974	398
113.025	398
113.075	394
113.125	396
113.175	396
113.225	409
113.275	416
113.326	426
113.376	439
113.426	444
113.476	459
113.526	468
113.576	464
113.627	479
113.677	480
113.728	479
113.778	478
113.828	463
113.879	465
113.929	457
113.979	440
114.029	438
114.079	430
114.129	418
114.180	415
114.230	401
114.280	406
114.330	405
114.380	402
114.430	409
114.481	414
114.531	419
114.582	429
114.632	423
114.682	444
114.733	451
114.783	452
114.833	463
114.883	466
114.933	467
114.983	468
115.034	456
115.084	464
115.134	459
115.184	446
115.234	447
115.285	440
115.335	434
115.385	429
115.435	416
115.486	421
115.536	419
115.587	413
115.637	420
115.687	421
115.737	424
115.787	427
115.837	422
115.888	437
115.938	440
115.988	438
116.038	449
116.088	450
116.139	454
116.189	455
116.239	444
116.289	453
116.339	451
116.390	444
116.441	447
116.491	445
116.541	440
116.591	439
116.641	429
116.691	436
116.742	435
116.792	428
116.842	433
116.892	433
116.942	435
116.993	436
117.043	429
117.093	438
117.143	439
117.193	436
117.243	440
117.295	439
117.345	440
117.395	440
117.445	430
117.495	439
117.546	439
117.596	434
117.646	438
117.696	436
117.746	439
117.796	440
117.847	432
117.897	443
117.947	442
117.997	442
118.047	446
118.097	447
118.148	449
118.199	449
118.249	440
118.299	449
118.349	445
118.400	440
118.450	440
118.500	435
118.550	434
118.600	432
118.650	420
118.701	426
118.751	427
118.801	421
118.851	425
118.901	425
118.951	429
119.002	432
119.052	428
119.103	442
119.153	446
119.203	446
119.254	455
119.304	455
119.354	462
119.404	462
119.454	450
119.504	462
119.555	458
119.605	452
119.655	450
119.705	439
119.755	437
119.805	429
119.856	418
119.906	419
119.956	417
120.007	410
120.057	412
120.108	413
120.158	415
120.208	421
120.258	417
120.308	432
120.358	437
120.409	444
120.459	454
120.509	457
120.559	467
120.609	472
120.659	466
120.710	475
120.760	472
120.810	467
120.860	465
120.911	447
120.962	448
121.012	440
121.062	424
121.112	423
121.162	414
121.212	406
121.263	403
121.313	393
121.363	400
121.413	404
121.463	403
121.514	416
121.564	424
121.614	432
121.664	444
121.714	440
121.764	464
121.816	471
121.866	472
121.916	482
121.966	481
122.016	482
122.066	481
122.117	462
122.167	466
122.217	455
122.267	438
122.317	433
122.368	422
122.418	411
122.468	404
122.518	390
122.568	394
122.618	393
122.669	389
122.720	400
122.770	407
122.820	416
122.870	426
122.920	431
122.971	452
123.021	463
123.071	464
123.121	482
123.171	483
123.222	490
123.272	490
123.322	477
123.372	481
123.422	473
123.472	458
123.523	449
123.573	437
123.624	426
123.674	413
123.724	394
123.774	395
123.825	391
123.875	384
123.925	390
123.975	394
124.025	401
124.076	409
124.126	413
124.176	434
124.226	447
124.276	454
124.326	471
124.377	478
124.427	489
124.478	493
124.528	482
124.578	491
124.629	486
124.679	474
124.729	468
124.779	454
124.829	443
124.879	429
124.930	407
124.980	406
125.030	397
125.080	386
125.130	388
125.180	387
125.231	390
125.281	396
125.331	400
125.382	417
125.432	429
125.483	436
125.533	456
125.583	463
125.633	478
125.683	487
125.733	477
125.784	494
125.834	491
125.884	484
125.934	481
125.984	468
126.034	459
126.085	446
126.135	426
126.185	422
126.235	410
126.286	396
126.337	396
126.387	390
126.437	389
126.487	392
126.537	390
126.587	405
126.638	414
126.688	422
126.738	439
126.788	444
126.838	461
126.888	471
126.939	471
126.989	486
127.039	487
127.089	486
127.139	484
127.191	469
127.241	469
127.291	461
127.341	442
127.391	438
127.441	426
127.492	414
127.542	409
127.592	403
127.642	398
127.692	397
127.742	392
127.793	402
127.843	408
127.893	414
127.943	426
127.993	423
128.044	446
128.095	455
128.145	457
128.195	470
128.245	474
128.295	477
128.346	478
128.396	465
128.446	472
128.496	467
128.546	449
128.597	450
128.647	439
128.697	430
128.747	425
128.797	409
128.847	413
128.898	407
128.948	402
128.999	409
129.049	412
129.099	416
129.149	420
129.200	419
129.250	435
129.300	443
129.350	444
129.400	456
129.451	460
129.501	464
129.551	466
129.601	455
129.651	465
129.701	462
129.752	452
129.802	453
129.852	447
129.903	442
129.953	436
130.003	423
130.054	426
130.104	424
130.154	416
130.204	420
130.254	421
130.305	425
130.355	425
130.405	420
130.455	432
130.505	438
130.555	436
130.606	445
130.656	448
130.706	453
130.756	454
130.807	443
130.858	454
130.908	451
130.958	444
131.008	448
131.058	443
131.108	443
131.159	440
131.209	427
131.259	436
131.309	435
131.359	430
131.409	434
131.460	434
131.510	436
131.560	437
131.610	428
131.660	440
131.712	440
131.762	437
131.812	443
131.862	441
131.912	442
131.962	442
132.013	433
132.063	441
132.113	438
132.163	433
132.213	438
132.263	434
132.314	436
132.364	436
132.414	428
132.464	437
132.514	440
132.565	438
132.616	444
132.666	444
132.716	447
132.766	449
132.816	440
132.867	451
132.917	451
132.967	448
133.017	448
133.067	444
133.117	443
133.168	440
133.218	427
133.268	433
133.318	429
133.368	422
133.419	424
133.469	423
133.520	423
133.570	424
133.620	420
133.670	431
133.721	434
133.771	436
133.821	443
133.871	459
133.921	454
133.971	458
134.022	450
134.072	464
134.122	464
134.172	458
134.222	461
134.273	450
134.323	451
134.374	445
134.424	432
134.474	433
134.524	427
134.575	418
134.625	417
134.675	414
134.725	412
134.775	412
134.826	406
134.876	418
134.926	422
134.976	427
135.026	436
135.076	439
135.127	451
135.177	460
135.227	457
135.278	470
135.328	474
135.378	475
135.429	473
135.479	459
135.529	465
135.579	459
135.629	445
135.680	443
135.730	432
135.780	423
135.830	417
135.880	403
135.930	404
135.981	402
136.031	397
136.081	404
136.131	407
136.182	412
136.232	423
136.283	423
136.333	442
136.383	452
136.433	456
136.483	470
136.534	475
136.584	481
136.634	484
136.684	468
136.734	480
136.784	473
136.835	460
136.885	457
136.935	447
136.985	435
137.035	424
137.086	406
137.137	405
137.187	399
137.237	390
137.287	395
137.337	396
137.388	399
137.438	408
137.488	408
137.538	426
137.588	438
137.638	444
137.689	462
137.739	469
137.789	481
137.839	487
137.889	478
137.939	489
137.991	487
138.041	476
138.091	473
138.141	462
138.191	452
138.242	439
138.292	419
138.342	415
138.392	405
138.442	393
138.492	391
138.543	391
138.593	389
138.643	394
138.693	393
138.743	410
138.794	421
138.844	429
138.895	445
138.945	455
138.995	470
139.045	478
139.096	474
139.146	492
139.196	493
139.246	487
139.296	486
139.346	475
139.397	467
139.447	457
139.497	434
139.547	429
139.597	417
139.648	402
139.698	398
139.748	393
139.799	389
139.849	388
139.899	379
139.950	398
140.000	405
140.050	413
140.100	429
140.150	439
140.200	454
140.251	466
140.301	468
140.351	484
140.401	490
140.451	491
140.502	492
140.552	479
140.602	481
140.652	471
140.703	450
140.753	448
140.804	433
140.854	419
140.904	412
140.954	407
141.004	396
141.054	391
141.105	384
141.155	393
141.205	398
141.255	403
141.305	415
141.356	423
141.406	438
141.456	450
141.506	454
141.556	472
141.607	479
141.658	484
141.708	488
141.758	479
141.808	485
141.858	480
141.909	462
141.959	462
142.009	450
142.059	436
142.109	428
142.159	410
142.210	406
142.260	402
142.310	391
142.360	395
142.410	396
142.460	398
142.512	406
142.562	408
142.612	425
142.662	436
142.712	440
142.763	458
142.813	466
142.863	474
142.913	479
142.963	472
143.013	483
143.064	481
143.114	470
143.164	468
143.214	459
143.264	450
143.314	440
143.365	422
143.416	421
143.466	413
143.516	401
143.566	404
143.617	402
143.667	402
143.717	406
143.767	404
143.817	419
143.867	428
143.918	430
143.968	446
144.018	453
144.068	464
144.118	468
144.168	462
144.219	476
144.269	475
144.320	469
144.370	469
144.420	461
144.471	456
144.521	448
144.571	432
144.621	432
144.671	423
144.721	416
144.772	412
144.822	411
144.872	409
144.922	410
144.972	406
145.022	418
145.073	424
145.123	426
145.174	438
145.224	445
145.274	453
145.325	459
145.375	452
145.425	466
145.475	467
145.525	461
145.575	466
145.626	460
145.676	456
145.726	452
145.776	434
145.826	437
145.877	431
145.927	422
145.977	421
146.027	419
146.078	417
146.128	417
146.179	411
146.229	422
146.279	427
146.329	428
146.379	437
146.429	441
146.480	448
146.530	453
146.580	449
146.630	458
146.680	460
146.731	457
146.781	459
146.831	453
146.881	452
146.931	447
146.982	434
147.033	438
147.083	433
147.133	424
147.183	426
147.233	423
147.283	424
147.334	423
147.384	418
147.434	428
147.484	431
147.534	433
147.585	440
147.635	439
147.685	449
147.735	452
147.785	446
147.835	457
147.887	456
147.937	453
147.987	453
148.037	446
148.087	447
148.138	443
148.188	430
148.238	432
148.288	429
148.338	425
148.388	425
148.439	415
148.489	425
148.539	426
148.589	422
148.639	432
148.689	435
148.740	438
148.791	445
148.841	445
148.891	453
148.941	456
148.992	449
149.042	459
149.092	458
149.142	454
149.192	453
149.242	439
149.293	443
149.343	438
149.393	427
149.443	430
149.493	426
149.543	421
149.594	422
149.644	411
149.695	421
149.745	423
149.795	420
149.846	431
149.896	437
149.946	440
149.996	448
150.046	445
150.096	460
150.147	461
150.197	458
150.247	465
150.297	463
150.347	461
150.397	458
150.448	443
150.498	447
150.548	440
150.599	427
150.649	427
150.700	421
150.750	417
150.800	415
150.850	405
150.900	414
150.950	416
151.001	416
151.051	426
151.101	430
151.151	439
151.201	446
151.251	444
151.302	461
151.352	467
151.402	464
151.452	473
151.503	470
151.554	470
151.604	466
151.654	452
151.704	453
151.754	446
151.804	434
151.855	431
151.905	421
151.955	416
152.005	409
152.055	398
152.106	405
152.156	406
152.206	405
152.256	415
152.306	420
152.356	430
152.408	438
152.458	439
152.508	457
152.558	465
152.608	467
152.658	477
152.709	475
152.759	479
152.809	477
152.859	464
152.909	465
152.960	458
153.010	444
153.060	438
153.110	429
153.160	420
153.210	412
153.261	401
153.312	401
153.362	399
153.412	394
153.462	403
153.512	409
153.563	417
153.613	425
153.663	426
153.713	446
153.763	457
153.814	464
153.864	475
153.914	477
153.964	485
154.014	486
154.064	474
154.115	479
154.165	472
154.216	460
154.266	452
154.316	439
154.366	430
154.417	418
154.467	403
154.517	402
154.567	397
154.617	390
154.668	395
154.718	415
154.768	402
154.818	411
154.868	415
154.918	432
154.969	443
155.019	453
155.070	468
155.120	468
155.170	484
155.221	487
155.271	478
155.321	488
155.371	482
155.421	477
155.471	467
155.522	453
155.572	445
155.622	432
155.672	412
155.722	410
155.772	401
155.823	392
155.873	391
155.923	383
155.974	393
156.024	398
156.075	400
156.125	416
156.175	427
156.225	438
156.275	452
156.325	455
156.376	475
156.426	484
156.476	480
156.526	492
156.576	492
156.626	488
156.677	482
156.727	462
156.777	463
156.827	449
156.878	428
156.929	423
156.979	412
157.029	400
157.079	396
157.129	383
157.179	388
157.230	391
157.280	388
157.330	402
157.380	412
157.430	423
157.480	436
157.531	440
157.581	461
157.631	473
157.681	475
157.731	488
157.783	490
157.833	492
157.883	490
157.933	473
157.983	476
158.033	465
158.084	448
158.134	441
158.184	427
158.234	416
158.284	406
158.334	390
158.385	392
158.435	388
158.485	385
158.535	393
158.585	400
158.636	409
158.687	418
158.737	421
158.787	446
158.837	456
158.887	465
158.938	478
158.988	485
159.038	490
159.088	491
159.138	476
159.189	486
159.239	478
159.289	464
159.339	457
159.389	443
159.439	432
159.490	420
159.540	402
159.591	400
159.641	395
159.691	386
159.741	391
159.792	393
159.842	399
159.892	407
159.942	411
159.992	431
160.043	442
160.093	450
160.143	464
160.193	471
160.243	483
160.293	486
160.344	478
160.394	489
160.444	484
160.495	473
160.545	469
160.595	458
160.646	449
160.696	435
160.746	414
160.796	414
160.846	404
160.897	394
160.947	395
160.997	395
161.047	396
161.097	401
161.147	402
161.198	417
161.248	427
161.298	436
161.348	451
161.399	477
161.450	471
161.500	478
161.550	475
161.600	486
161.650	485
161.700	480
161.751	476
161.801	460
161.851	460
161.901	447
161.951	429
162.001	426
162.052	416
162.102	404
162.152	403
162.202	399
162.252	397
162.304	399
162.354	396
162.404	410
162.454	417
162.504	424
162.554	437
162.605	443
162.655	459
162.705	467
162.755	467
162.805	479
162.855	480
162.906	480
162.956	478
163.006	463
163.056	466
163.106	457
163.157	440
163.208	438
163.258	428
163.308	416
163.358	413
163.408	399
163.459	405
163.509	403
163.559	400
163.609	409
163.659	414
163.709	420
163.760	429
163.810	431
163.860	447
163.910	456
163.960	457
164.011	469
164.061	473
164.112	476
164.162	475
164.212	460
164.262	469
164.313	465
164.363	446
164.413	446
164.463	437
164.513	428
164.563	422
164.614	408
164.664	411
164.714	408
164.764	403
164.814	411
164.865	413
164.915	418
164.966	426
165.016	424
165.066	441
165.116	449
165.167	450
165.217	461
165.267	465
165.317	469
165.367	470
165.418	458
165.468	466
165.518	461
165.568	449
165.618	449
165.668	441
165.719	435
165.769	428
165.819	416
165.870	420
165.920	415
165.970	409
166.021	416
166.071	417
166.121	420
166.171	426
166.221	423
166.272	438
166.322	445
166.372	446
166.422	456
166.472	458
166.522	463
166.573	463
166.623	455
166.673	462
166.723	458
166.774	448
166.824	449
166.875	441
166.925	438
166.975	431
167.025	421
167.075	422
167.126	420
167.176	416
167.226	420
167.276	422
167.326	425
167.376	429
167.427	427
167.477	440
167.527	444
167.577	445
167.627	455
167.678	456
167.729	460
167.779	460
167.829	452
167.879	459
167.929	455
167.980	448
168.030	447
168.080	439
168.130	436
168.180	431
168.230	420
168.281	424
168.331	422
168.381	418
168.431	422
168.481	424
168.531	427
168.583	432
168.633	429
168.683	441
168.733	448
168.783	448
168.834	456
168.884	452
168.934	460
168.984	462
169.034	452
169.084	458
169.135	454
169.185	448
169.235	444
169.285	436
169.335	433
169.386	429
169.436	417
169.487	423
169.537	418
169.587	419
169.637	422
169.688	415
169.738	428
169.788	433
169.838	432
169.888	444
169.938	449
169.989	453
170.039	459
170.089	451
170.139	464
170.189	464
170.240	455
170.290	459
170.340	455
170.391	448
170.441	445
170.491	429
170.542	432
170.592	427
170.642	416
170.692	418
170.742	418
170.792	416
170.843	419
170.893	413
170.943	425
170.993	430
171.043	432
171.094	442
171.144	448
171.194	454
171.244	463
171.295	451
171.345	469
171.396	467
171.446	461
171.496	464
171.546	458
171.596	453
171.646	447
171.697	431
171.747	433
171.797	426
171.847	416
171.897	415
171.948	412
171.998	411
172.048	412
172.098	407
172.148	419
172.199	425
172.250	426
172.300	440
172.350	447
172.400	455
172.450	462
172.501	457
172.551	472
172.601	472
172.651	468
172.701	471
172.751	464
172.802	461
172.852	452
172.902	438
172.952	437
173.002	429
173.052	416
173.104	416
173.154	408
173.204	405
173.254	406
173.304	400
173.355	411
173.405	417
173.455	419
173.505	431
173.555	439
173.605	450
173.656	458
173.706	456
173.756	473
173.806	475
173.856	475
173.906	478
173.957	472
174.008	472
174.058	464
174.108	445
174.158	446
174.209	436
174.259	422
174.309	419
174.359	411
174.409	403
174.459	401
174.510	395
174.560	404
174.610	406
174.660	410
174.710	421
174.760	429
174.811	441
174.861	451
174.912	452
174.962	469
175.012	475
175.063	477
175.113	483
175.163	478
175.213	480
175.263	475
175.313	459
175.364	458
175.414	447
175.464	433
175.514	426
175.564	417
175.614	409
175.665	403
175.715	392
175.766	398
175.816	398
175.866	400
175.917	409
175.967	419
176.017	428
176.067	438
176.117	444
176.167	460
176.218	468
176.268	474
176.318	482
176.368	475
176.418	485
176.469	482
176.519	469
176.569	469
176.619	458
176.670	448
176.720	439
176.771	427
176.821	418
176.871	408
176.921	397
176.971	398
177.021	397
177.072	396
177.122	402
177.172	403
177.222	416
177.272	427
177.323	430
177.373	448
177.423	458
177.473	467
177.523	476
177.574	470
177.625	485
177.675	484
177.725	474
177.775	475
177.825	469
177.875	459
177.926	451
177.976	428
178.026	426
178.076	420
178.126	405
178.177	404
178.227	399
178.277	397
178.327	399
178.377	398
178.427	409
178.479	418
178.529	420
178.579	437
178.629	446
178.679	456
178.730	466
178.780	462
178.830	478
178.880	481
178.930	475
178.980	479
179.031	473
179.081	467
179.131	459
179.181	440
179.231	440
179.281	430
179.332	416
179.383	415
179.433	409
179.483	405
179.533	404
179.584	396
179.634	408
179.684	413
179.734	413
179.784	428
179.834	435
179.885	447
179.935	455
179.985	454
180.035	468
180.085	473
180.135	471
180.186	475
180.236	471
180.287	468
180.337	463
180.387	444
180.438	447
180.488	439
180.538	426
180.588	424
180.638	417
180.688	413
180.739	410
180.789	403
180.839	411
180.889	415
180.939	416
180.989	426
181.040	431
181.090	440
181.140	447
181.191	443
181.241	461
181.292	465
181.342	464
181.392	469
181.442	465
181.492	465
181.542	461
181.593	446
181.643	449
181.693	443
181.743	433
181.793	430
181.843	423
181.894	421
181.944	418
181.994	412
182.044	418
182.095	419
182.146	420
182.196	427
182.246	449
182.296	439
182.346	444
182.396	441
182.447	454
182.497	457
182.547	458
182.597	462
182.647	455
182.698	460
182.748	456
182.798	444
182.848	448
182.898	441
182.948	436
183.000	433
183.050	427
183.100	425
183.150	423
183.200	418
183.250	425
183.301	425
183.351	426
183.401	433
183.451	431
183.501	441
183.552	446
183.602	443
183.652	452
183.702	456
183.752	456
183.802	457
183.853	447
183.904	454
183.954	452
184.004	441
184.054	442
184.104	438
184.155	432
184.205	431
184.255	419
184.305	425
184.355	424
184.406	419
184.456	426
184.506	428
184.556	431
184.606	436
184.656	432
184.707	446
184.757	450
184.808	447
184.858	458
184.908	457
184.958	459
185.009	458
185.059	447
185.109	453
185.159	450
185.209	440
185.260	441
185.310	435
185.360	429
185.410	426
185.460	411
185.510	423
185.561	420
185.611	414
185.662	425
185.712	425
185.762	432
185.813	437
185.863	432
185.913	448
185.963	453
186.013	451
186.063	462
186.114	463
186.164	465
186.214	465
186.264	452
186.314	459
186.364	454
186.415	442
186.465	441
186.515	433
186.566	428
186.616	421
186.667	409
186.717	416
186.767	413
186.817	409
186.867	416
186.917	420
186.968	425
187.018	431
187.068	430
187.118	446
187.168	453
187.218	455
187.269	466
187.319	469
187.369	471
187.419	472
187.470	459
187.521	467
187.571	462
187.621	450
187.671	447
187.721	438
187.771	431
187.822	423
187.872	410
187.922	412
187.972	408
188.022	402
188.072	408
188.123	411
188.173	416
188.223	422
188.273	423
188.323	440
188.375	447
188.425	451
188.475	464
188.525	467
188.575	477
188.625	477
188.676	469
188.726	478
188.776	470
188.826	462
188.876	458
188.926	446
188.977	439
189.027	429
189.077	412
189.127	413
189.177	407
189.228	400
189.279	400
189.329	401
189.379	406
189.429	409
189.479	410
189.530	427
189.580	437
189.630	445
189.680	458
189.730	459
189.781	475
189.831	481
189.881	475
189.931	485
189.981	482
190.031	476
190.082	471
190.132	455
190.183	452
190.233	440
190.283	423
190.333	419
190.384	410
190.434	400
190.484	399
190.534	397
190.584	396
190.635	399
190.685	398
190.735	413
190.785	421
190.835	432
190.885	444
190.936	447
190.986	469
191.036	478
191.087	476
191.137	488
191.187	488
191.238	485
191.288	483
191.338	467
191.388	467
191.438	457
191.489	437
191.539	432
191.589	420
191.639	408
191.689	401
191.739	387
191.790	392
191.840	391
191.890	388
191.940	399
191.991	407
192.042	414
192.092	429
192.142	432
192.192	454
192.242	466
192.292	471
192.343	486
192.393	489
192.443	493
192.493	494
192.543	478
192.593	483
192.644	472
192.694	456
192.744	449
192.794	436
192.844	423
192.896	412
192.946	395
192.996	394
193.046	387
193.096	381
193.146	387
193.197	392
193.247	399
193.297	410
193.347	414
193.397	435
193.447	453
193.498	457
193.548	475
193.598	483
193.648	493
193.698	497
193.749	484
193.800	496
193.850	489
193.900	476
193.950	470
194.000	455
194.051	442
194.101	428
194.151	409
194.201	404
194.251	394
194.301	384
194.352	383
194.402	383
194.452	385
194.502	393
194.552	397
194.603	414
194.653	429
194.704	436
194.754	456
194.804	468
194.854	482
194.905	491
194.955	486
195.005	500
195.055	499
195.105	491
195.155	488
195.206	475
195.256	465
195.306	450
195.356	428
195.406	421
195.457	407
195.507	392
195.558	389
195.608	383
195.658	380
195.708	384
195.759	381
195.809	396
195.859	409
195.909	417
195.959	435
196.010	447
196.060	464
196.110	478
196.160	475
196.210	495
196.260	499
196.311	497
196.361	497
196.411	488
196.462	482
196.512	471
196.562	449
196.613	443
196.663	427
196.713	410
196.763	402
196.813	397
196.864	386
196.914	383
196.964	377
197.014	387
197.064	393
197.114	400
197.165	415
197.215	427
197.265	443
197.315	458
197.366	461
197.416	483
197.467	488
197.517	496
197.567	499
197.617	487
197.667	492
197.718	484
197.768	465
197.818	461
197.868	447
197.918	432
197.968	422
198.019	403
198.069	398
198.119	392
198.169	384
198.219	386
198.270	388
198.321	392
198.371	402
198.421	407
198.471	425
198.521	438
198.572	444
198.622	463
198.672	473
198.722	482
198.772	489
198.822	480
198.873	492
198.923	488
198.973	475
199.023	475
199.073	463
199.123	452
199.175	440
199.225	419
199.275	418
199.325	407
199.375	396
199.426	396
199.476	393
199.526	393
199.576	400
199.626	399
199.676	414
199.727	424
199.777	427
199.827	446
199.877	455
199.927	466
199.978	474
200.028	468
200.079	484
200.129	485
200.179	476
200.229	478
200.280	469
200.330	462
200.380	452
200.430	433
200.480	432
200.530	423
200.581	409
200.631	408
200.681	404
200.731	401
200.781	402
200.832	398
200.882	411
200.932	418
200.983	420
201.033	434
201.083	443
201.134	452
201.184	461
201.234	458
201.284	473
201.334	476
201.384	472
201.435	474
201.485	468
201.535	465
201.585	459
201.635	440
201.686	443
201.736	435
201.786	422
201.836	421
201.887	415
201.937	412
201.988	412
202.038	405
202.088	414
202.138	417
202.188	420
202.238	430
202.289	435
202.339	444
202.389	451
202.439	448
202.489	462
202.540	465
202.590	463
202.640	466
202.690	462
202.740	462
202.791	458
202.842	442
202.892	445
202.942	440
202.992	432
203.042	430
203.093	441
203.143	422
203.193	419
203.243	412
203.293	421
203.343	424
203.394	424
203.444	432
203.494	433
203.544	442
203.594	448
203.644	444
203.696	455
203.746	456
203.796	455
203.846	459
203.896	452
203.947	455
203.997	452
204.047	438
204.097	444
204.147	438
204.197	432
204.248	432
204.298	427
204.348	427
204.398	426
204.448	418
204.498	428
204.549	429
204.600	432
204.650	437
204.700	438
204.750	446
204.801	449
204.851	445
204.901	453
204.951	455
205.001	452
205.051	454
205.102	439
205.152	449
205.202	446
205.252	436
205.302	437
205.352	435
205.403	429
205.453	428
205.504	416
205.554	425
205.604	425
205.655	422
205.705	430
205.755	433
205.805	436
205.855	442
205.905	436
205.956	451
206.006	455
206.056	450
206.106	460
206.156	459
206.206	459
206.257	457
206.307	444
206.358	449
206.408	445
206.458	433
206.509	436
206.559	429
206.609	424
206.659	420
206.709	412
206.759	420
206.810	419
206.860	416
206.910	424
206.960	430
207.010	436
207.061	442
207.111	439
207.161	453
207.211	459
207.262	459
207.312	467
207.363	467
207.413	468
207.463	466
207.513	452
207.563	458
207.613	451
207.664	438
207.714	437
207.764	429
207.814	422
207.864	415
207.915	404
207.965	410
208.015	409
208.065	404
208.115	413
208.166	418
208.217	425
208.267	432
208.317	433
208.367	450
208.417	459
208.467	462
208.518	473
208.568	474
208.618	478
208.668	478
208.718	465
208.769	469
208.819	465
208.869	452
208.919	448
208.969	436
209.019	428
209.071	419
209.121	404
209.171	405
209.221	400
209.271	395
209.322	399
209.372	403
209.422	409
209.472	416
209.522	418
209.572	436
209.623	447
209.673	454
209.723	469
209.773	474
209.823	483
209.873	487
209.924	475
209.975	487
210.025	482
210.075	472
210.125	467
210.176	454
210.226	443
210.276	432
210.326	413
210.376	410
210.426	400
210.477	388
210.527	390
210.577	393
210.627	391
210.677	397
210.727	398
210.778	415
210.828	427
210.879	437
210.929	453
210.979	460
211.030	477
211.080	487
211.130	484
211.180	497
211.230	496
211.280	494
211.331	487
211.381	469
211.431	467
211.481	454
211.531	433
211.581	425
211.632	411
211.682	397
211.732	391
211.783	383
211.833	380
211.884	381
211.934	380
211.984	392
212.034	399
212.084	411
212.134	429
212.185	433
212.235	461
212.285	474
212.335	479
212.385	496
212.435	500
212.486	505
212.536	505
212.586	486
212.636	492
212.687	480
212.738	461
212.788	452
212.838	435
212.888	418
212.938	405
212.988	384
213.039	383
213.089	375
213.139	370
213.189	375
213.239	380
213.290	388
213.340	401
213.390	410
213.440	433
213.490	448
213.540	460
213.592	480
213.642	490
213.692	502
213.742	506
213.792	499
213.842	509
213.893	503
213.943	487
213.993	480
214.043	464
214.093	448
214.144	430
214.194	406
214.244	399
214.294	386
214.344	372
214.394	371
214.445	371
214.496	372
214.546	379
214.596	384
214.646	404
214.696	419
214.747	432
214.797	455
214.847	470
214.897	487
214.947	499
214.998	495
215.048	513
215.098	512
215.148	505
215.198	503
215.248	488
215.299	477
215.349	461
215.400	434
215.450	427
215.500	409
215.550	389
215.601	381
215.651	373
215.701	368
215.751	368
215.801	368
215.852	381
215.902	394
215.952	403
216.002	425
216.052	441
216.102	460
216.153	477
216.203	480
216.254	503
216.304	509
216.354	510
216.405	513
216.455	504
216.505	500
216.555	485
216.605	462
216.655	454
216.706	437
216.756	414
216.806	401
216.856	389
216.906	379
216.956	371
217.007	364
217.057	370
217.107	376
217.158	380
217.208	400
217.259	414
217.309	431
217.359	448
217.409	454
217.459	480
217.509	494
217.560	502
217.610	510
217.660	513
217.710	510
217.760	503
217.810	483
217.861	480
217.911	464
217.961	445
218.011	430
218.062	415
218.113	399
218.163	387
218.213	372
218.263	372
218.313	372
218.363	372
218.414	381
218.464	395
218.514	406
218.564	421
218.614	432
218.664	455
218.715	470
218.765	484
218.815	496
218.865	490
218.915	508
218.967	508
219.017	494
219.067	497
219.117	483
219.167	472
219.217	456
219.268	431
219.318	424
219.368	410
219.418	389
219.468	387
219.518	379
219.569	373
219.619	376
219.669	376
219.719	389
219.769	400
219.820	408
219.871	430
219.921	444
219.971	460
220.021	475
220.071	472
220.122	496
220.172	501
220.222	496
220.272	504
220.322	497
220.373	488
220.423	475
220.473	451
220.523	448
220.573	434
220.623	412
220.674	406
220.724	397
220.775	386
220.825	384
220.875	377
220.925	382
220.976	390
221.026	394
221.076	409
221.126	423
221.176	437
221.227	452
221.277	455
221.327	477
221.377	487
221.427	486
221.477	497
221.528	494
221.578	494
221.628	487
221.679	468
221.729	467
221.779	454
221.830	435
221.880	427
221.930	415
221.980	406
222.030	398
222.081	384
222.131	389
222.181	389
222.231	390
222.281	400
222.331	410
222.382	421
222.432	433
222.482	436
222.532	458
222.583	467
222.634	473
222.684	484
222.734	484
222.784	487
222.834	485
222.884	471
222.935	475
222.985	467
223.035	452
223.085	444
223.135	431
223.185	423
223.236	415
223.286	400
223.336	401
223.386	397
223.436	393
223.488	401
223.538	405
223.588	413
223.638	422
223.688	424
223.738	442
223.789	451
223.839	456
223.889	469
223.939	471
223.989	478
224.039	480
224.090	470
224.140	475
224.190	470
224.240	460
224.290	453
224.341	441
224.392	436
224.442	428
224.492	411
224.542	415
224.592	411
224.643	404
224.693	407
224.743	412
224.793	414
224.843	419
224.893	419
224.944	434
224.994	440
225.044	448
225.094	456
225.144	455
225.195	466
225.245	469
225.296	463
225.346	469
225.396	465
225.446	459
225.497	456
225.547	445
225.597	444
225.647	438
225.697	425
225.747	426
225.798	421
225.848	416
225.898	416
225.948	415
225.998	418
226.049	422
226.099	421
226.150	432
226.200	438
226.250	441
226.300	448
226.351	447
226.401	458
226.451	460
226.501	454
226.551	462
226.602	459
226.652	455
226.702	452
226.752	438
226.802	444
226.852	439
226.903	427
226.953	431
227.003	427
227.054	424
227.104	425
227.154	417
227.205	427
227.255	429
227.305	427
227.355	436
227.405	440
227.456	444
227.506	448
227.556	439
227.606	454
227.656	454
227.706	448
227.757	453
227.807	450
227.857	449
227.907	446
227.958	432
228.008	438
228.059	434
228.109	426
228.159	430
228.209	427
228.259	427
228.310	430
228.360	421
228.410	432
228.460	435
228.510	433
228.560	443
228.611	446
228.661	451
228.711	453
228.761	446
228.811	456
228.862	456
228.913	449
228.963	453
229.013	448
229.063	445
229.113	441
229.164	428
229.214	432
229.264	429
229.314	420
229.364	423
229.414	423
229.465	423
229.515	425
229.565	418
229.615	431
229.665	435
229.715	436
229.767	446
229.817	449
229.867	457
229.917	460
229.967	452
230.018	463
230.068	463
230.118	459
230.168	458
230.218	452
230.268	448
230.319	443
230.369	429
230.419	430
230.469	424
230.519	416
230.570	416
230.620	414
230.671	414
230.721	415
230.771	411
230.821	423
230.872	429
230.922	432
230.972	442
231.022	449
231.072	457
231.122	464
231.173	461
231.223	472
231.273	473
231.323	469
231.373	470
231.424	459
231.474	459
231.524	451
231.575	436
231.625	434
231.675	426
231.726	416
231.776	412
231.826	411
231.876	405
231.926	405
231.976	400
232.027	410
232.077	416
232.127	420
232.177	432
232.227	437
232.278	452
232.328	461
232.378	460
232.428	475
232.479	479
232.529	480
232.580	481
232.630	469
232.680	474
232.730	466
232.780	449
232.830	447
232.881	436
232.931	424
232.981	417
233.031	401
233.081	401
233.132	396
233.182	389
233.232	397
233.282	401
233.332	405
233.383	416
233.434	419
233.484	437
233.534	449
233.584	454
233.634	470
233.685	478
233.735	485
233.785	490
233.835	478
233.885	489
233.935	483
233.986	469
234.036	466
234.086	453
234.136	441
234.186	428
234.236	408
234.288	406
234.338	398
234.388	387
234.438	388
234.488	387
234.539	390
234.589	396
234.639	399
234.689	416
234.739	428
234.789	436
234.840	457
234.890	468
234.940	480
234.990	490
235.040	483
235.090	497
235.141	497
235.192	486
235.242	485
235.292	474
235.342	464
235.393	450
235.443	427
235.493	421
235.543	409
235.593	392
235.643	389
235.694	383
235.744	381
235.794	382
235.844	381
235.894	395
235.944	405
235.995	414
236.045	434
236.096	446
236.146	463
236.196	476
236.247	479
236.297	496
236.347	501
236.397	499
236.447	500
236.497	493
236.548	487
236.598	474
236.648	450
236.698	446
236.748	431
236.798	410
236.849	401
236.899	391
236.950	381
237.000	379
237.050	372
237.101	379
237.151	386
237.201	390
237.251	409
237.301	422
237.351	439
237.402	455
237.452	459
237.502	484
237.552	494
237.602	498
237.653	505
237.703	502
237.753	502
237.803	496
237.854	476
237.904	471
237.955	455
238.005	436
238.055	423
238.105	407
238.155	395
238.205	385
238.256	372
238.306	373
238.356	374
238.406	377
238.456	388
238.507	403
238.557	413
238.607	428
238.657	438
238.707	461
238.758	474
238.809	486
238.859	498
238.909	489
238.959	507
239.009	505
239.059	491
239.110	492
239.160	478
239.210	462
239.260	448
239.310	431
239.361	416
239.411	402
239.461	384
239.511	381
239.561	374
239.611	369
239.663	376
239.713	383
239.763	394
239.813	404
239.863	412
239.914	436
239.964	451
240.014	465
240.064	481
240.114	483
240.164	501
240.215	505
240.265	499
240.315	503
240.365	496
240.415	485
240.465	472
240.516	445
240.567	440
240.617	425
240.667	404
240.717	397
240.768	387
240.818	377
240.868	376
240.918	370
240.968	380
241.018	388
241.069	393
241.119	412
241.169	425
241.219	441
241.269	459
241.319	460
241.370	484
241.420	494
241.471	494
241.521	503
241.571	501
241.622	497
241.672	487
241.722	465
241.772	463
241.822	448
241.872	428
241.923	420
241.973	405
242.023	394
242.073	386
242.123	374
242.173	380
242.224	382
242.274	384
242.324	396
242.375	407
242.425	420
242.476	435
242.526	440
242.576	464
242.626	475
242.676	479
242.726	492
242.777	494
242.827	498
242.877	494
242.927	479
242.977	478
243.027	466
243.078	449
243.128	441
243.178	427
243.228	415
243.279	404
243.330	389
243.380	390
243.430	387
243.480	380
243.530	391
243.580	398
243.631	407
243.681	419
243.731	421
243.781	443
243.831	455
243.882	463
243.932	476
243.982	480
244.032	487
244.082	489
244.132	476
244.184	483
244.234	475
244.284	464
244.334	457
244.384	443
244.434	433
244.485	422
244.535	406
244.585	404
244.635	399
244.685	394
244.736	396
244.786	399
244.836	402
244.886	409
244.936	410
244.986	428
245.037	439
245.088	446
245.138	457
245.188	461
245.238	474
245.288	476
245.339	469
245.389	479
245.439	474
245.489	469
245.539	462
245.590	450
245.640	446
245.690	437
245.740	422
245.790	421
245.840	414
245.891	405
245.941	406
245.992	407
246.042	407
246.092	410
246.142	410
246.193	422
246.243	428
246.293	434
246.343	444
246.393	447
246.444	459
246.494	463
246.544	459
246.594	467
246.644	465
246.694	464
246.745	462
246.795	447
246.846	450
246.896	444
246.946	431
246.997	431
247.047	425
247.097	420
247.147	419
247.197	415
247.247	417
247.298	418
247.348	414
247.398	424
247.448	428
247.498	432
247.548	440
247.599	434
247.649	449
247.699	452
247.750	449
247.800	457
247.851	456
247.901	455
247.951	453
248.001	439
248.051	447
248.101	444
248.152	433
248.202	437
248.252	431
248.302	428
248.352	427
248.402	416
248.453	426
248.503	428
248.553	424
248.603	432
248.654	434
248.705	438
248.755	441
248.805	435
248.855	447
248.905	449
248.955	444
249.006	449
249.056	447
249.106	448
249.156	444
249.206	430
249.256	439
249.307	436
249.357	428
249.407	432
249.457	430
249.507	430
249.559	430
249.609	422
249.659	433
249.709	435
249.759	431
249.809	442
249.860	443
249.910	447
249.960	449
250.010	440
250.060	450
250.110	450
250.161	444
250.211	448
250.261	443
250.311	442
250.361	438
250.412	425
250.463	433
250.513	428
250.563	420
250.613	425
250.663	423
250.714	424
250.764	426
250.814	420
250.864	432
250.914	437
250.965	437
251.015	447
251.065	449
251.115	454
251.165	457
251.215	448
251.266	459
251.316	459
251.367	452
251.417	453
251.467	446
251.517	443
251.568	436
251.618	423
251.668	426
251.718	422
251.768	412
251.819	415
251.869	413
251.919	414
251.969	416
252.019	414
252.069	425
252.120	433
252.170	436
252.220	445
252.271	450
252.321	458
252.371	464
252.422	458
252.472	468
252.522	469
252.572	465
252.622	464
252.673	452
252.723	452
252.773	444
252.823	429
252.873	428
252.923	420
252.974	412
253.024	409
253.074	407
253.124	404
253.175	404
253.226	402
253.276	413
253.326	418
253.376	424
253.426	436
253.476	441
253.527	456
253.577	462
253.627	459
253.677	475
253.727	476
253.777	476
253.828	476
253.878	463
253.928	467
253.978	457
254.028	440
254.080	439
254.130	426
254.180	414
254.230	409
254.280	395
254.330	398
254.381	396
254.431	390
254.481	399
254.531	404
254.581	410
254.631	421
254.682	422
254.732	443
254.782	454
254.832	457
254.882	473
254.933	478
254.984	484
255.034	487
255.084	474
255.134	481
255.184	474
255.235	456
255.285	455
255.335	443
255.385	429
255.435	419
255.485	400
255.536	400
255.586	393
255.636	384
255.686	389
255.736	391
255.787	397
255.837	404
255.888	406
255.938	426
255.988	437
256.038	444
256.089	463
256.139	472
256.189	482
256.239	488
256.289	477
256.339	491
256.390	487
256.440	475
256.490	472
256.540	459
256.590	448
256.641	435
256.691	416
256.742	411
256.792	400
256.842	386
256.892	386
256.943	387
256.993	385
257.043	389
257.093	387
257.143	408
257.194	419
257.244	426
257.294	445
257.344	459
257.394	471
257.444	481
257.495	478
257.545	494
257.595	495
257.646	486
257.696	488
257.746	476
257.797	468
257.847	455
257.897	434
257.947	428
257.997	414
258.048	398
258.098	393
258.148	386
258.198	382
258.248	382
258.298	376
258.349	391
258.399	400
258.449	408
258.499	425
258.550	438
258.600	453
258.651	467
258.701	467
258.751	487
258.801	491
258.851	491
258.902	496
258.952	485
259.002	483
259.052	474
259.102	454
259.152	449
259.203	434
259.253	417
259.303	406
259.353	415
259.403	387
259.454	383
259.505	375
259.555	382
259.605	387
259.655	392
259.705	406
259.756	419
259.806	433
259.856	447
259.906	453
259.956	473
260.006	481
260.057	490
260.107	495
260.157	484
260.207	493
260.257	488
260.307	468
260.359	467
260.409	453
260.459	438
260.509	426
260.559	411
260.610	401
260.660	390
260.710	378
260.760	381
260.810	382
260.860	384
260.911	392
260.961	399
261.011	413
261.061	425
261.111	433
261.162	454
261.212	467
261.263	478
261.313	488
261.363	479
261.413	496
261.464	494
261.514	481
261.564	482
261.614	470
261.664	458
261.714	445
261.765	420
261.815	418
261.865	406
261.915	390
261.965	388
262.016	383
262.066	380
262.116	385
262.167	384
262.217	399
262.267	408
262.318	417
262.368	435
262.418	447
262.468	461
262.518	474
262.568	470
262.619	491
262.669	490
262.719	486
262.769	489
262.819	479
262.870	476
262.920	462
262.970	440
263.020	437
263.071	424
263.121	406
263.172	402
263.222	394
263.272	388
263.322	387
263.372	381
263.422	392
263.473	399
263.523	402
263.573	418
263.623	429
263.673	443
263.724	455
263.774	457
263.824	476
263.874	482
263.924	480
263.975	487
264.026	482
264.076	479
264.126	472
264.176	454
264.226	452
264.277	440
264.327	424
264.377	418
264.427	407
264.477	402
264.527	397
264.578	388
264.628	395
264.678	397
264.728	397
264.778	410
264.828	418
264.880	429
264.930	440
264.980	441
265.030	460
265.080	468
265.131	469
265.181	478
265.231	476
265.281	478
265.331	475
265.381	460
265.432	460
265.482	453
265.532	438
265.582	432
265.632	421
265.682	414
265.733	409
265.784	398
265.834	401
265.884	402
265.934	401
265.985	408
266.035	415
266.085	420
266.135	431
266.185	431
266.235	447
266.286	454
266.336	459
266.386	466
266.436	461
266.486	471
266.536	469
266.587	458
266.637	461
266.688	454
266.738	444
266.788	440
266.839	430
266.889	426
266.939	419
266.989	408
267.039	411
267.089	410
267.140	406
267.190	413
267.240	415
267.290	421
267.340	427
267.390	427
267.441	440
267.491	445
267.542	449
267.592	457
267.642	447
267.693	463
267.743	462
267.793	452
267.843	457
267.893	451
267.943	446
267.994	443
268.044	427
268.094	431
268.144	426
268.194	416
268.245	420
268.295	418
268.345	416
268.395	419
268.446	415
268.496	426
268.547	430
268.597	428
268.647	439
268.697	443
268.747	446
268.797	451
268.848	441
268.898	454
268.948	454
268.998	447
269.048	451
269.099	447
269.149	443
269.199	438
269.249	426
269.299	431
269.350	428
269.401	420
269.451	425
269.501	422
269.551	424
269.601	427
269.651	417
269.702	431
269.752	436
269.802	434
269.852	444
269.902	446
269.953	449
270.003	451
270.053	441
270.103	451
270.153	450
270.203	441
270.255	444
270.305	439
270.355	437
270.405	433
270.455	420
270.506	426
270.556	424
270.606	419
270.656	422
270.706	423
270.756	427
270.807	430
270.857	425
270.907	437
270.957	440
271.007	439
271.057	449
271.108	450
271.159	455
271.209	455
271.259	445
271.309	454
271.360	451
271.410	442
271.460	442
271.510	436
271.560	433
271.610	428
271.661	414
271.711	420
271.761	418
271.811	413
271.861	418
271.911	419
271.962	422
272.012	427
272.063	422
272.113	438
272.163	443
272.214	445
272.264	454
272.314	456
272.364	461
272.414	463
272.464	452
272.515	461
272.565	456
272.615	448
272.665	448
272.715	437
272.765	433
272.816	425
272.866	413
272.916	417
272.967	412
273.017	408
273.068	410
273.118	412
273.168	416
273.218	420
273.268	418
273.318	434
273.369	441
273.419	445
273.469	455
273.519	453
273.569	465
273.619	468
273.670	460
273.720	468
273.770	463
273.820	456
273.871	453
273.922	441
273.972	437
274.022	429
274.072	416
274.122	415
274.172	409
274.223	402
274.273	403
274.323	399
274.373	407
274.423	412
274.474	411
274.524	426
274.574	432
274.624	441
274.674	451
274.724	447
274.776	466
274.826	472
274.876	466
274.926	475
274.976	472
275.026	468
275.077	463
275.127	445
275.177	446
275.227	437
275.277	421
275.328	419
275.378	411
275.428	402
275.478	400
275.528	392
275.578	400
275.629	401
275.680	400
275.730	414
275.780	421
275.830	432
275.880	442
275.931	442
275.981	462
276.031	469
276.081	468
276.131	480
276.182	478
276.232	476
276.282	473
276.332	456
276.382	459
276.432	448
276.483	433
276.533	427
276.584	417
276.634	408
276.684	402
276.734	390
276.785	395
276.835	396
276.885	393
276.935	404
276.985	411
277.036	420
277.086	430
277.136	432
277.186	452
277.236	462
277.286	465
277.337	478
277.387	479
277.438	482
277.488	480
277.538	462
277.589	469
277.639	461
277.689	444
277.739	439
277.789	429
277.839	418
277.890	408
277.940	393
277.990	396
278.040	394
278.090	389
278.140	396
278.191	402
278.241	409
278.291	419
278.342	419
278.392	440
278.443	451
278.493	456
278.543	470
278.593	475
278.643	481
278.693	483
278.744	470
278.794	477
278.844	469
278.894	457
278.944	453
278.994	439
279.045	430
279.095	418
279.145	400
279.195	402
279.246	398
279.297	389
279.347	394
279.397	397
279.447	401
279.497	407
279.547	409
279.598	430
279.648	440
279.698	446
279.748	460
279.798	465
279.848	476
279.899	480
279.949	472
279.999	481
280.049	476
280.099	467
280.151	462
280.201	450
280.251	442
280.301	431
280.351	412
280.401	411
280.452	403
280.502	395
280.552	394
280.602	399
280.652	397
280.702	401
280.753	403
280.803	418
280.853	426
280.903	435
280.953	448
281.004	451
281.055	468
281.105	475
281.155	470
281.205	480
281.255	477
281.306	472
281.356	469
281.406	454
281.456	452
281.506	442
281.557	425
281.607	422
281.657	413
281.707	404
281.757	401
281.807	391
281.858	398
281.908	400
281.959	397
282.009	412
282.059	419
282.109	425
282.160	439
282.210	437
282.260	457
282.310	463
282.360	462
282.411	475
282.461	475
282.511	474
282.561	472
282.611	454
282.661	460
282.712	448
282.762	433
282.812	431
282.863	422
282.913	412
282.963	410
283.014	397
283.064	402
283.114	402
283.164	398
283.214	409
283.265	415
283.315	422
283.365	431
283.415	430
283.465	448
283.515	456
283.566	455
283.616	468
283.666	469
283.716	472
283.767	469
283.818	456
283.868	460
283.918	455
283.968	441
284.018	438
284.068	430
284.119	422
284.169	415
284.219	402
284.269	406
284.319	406
284.369	399
284.420	407
284.470	411
284.520	420
284.570	426
284.620	425
284.672	443
284.722	451
284.772	450
284.822	463
284.872	464
284.922	468
284.973	469
285.023	456
285.073	463
285.123	457
285.173	445
285.223	443
285.274	434
285.324	427
285.374	420
285.424	406
285.474	410
285.525	408
285.576	404
285.626	409
285.676	412
285.726	417
285.776	422
285.827	423
285.877	437
285.927	444
285.977	448
286.027	459
286.077	461
286.128	466
286.178	468
286.228	456
286.278	463
286.328	457
286.379	450
286.429	446
286.480	437
286.530	431
286.580	424
286.630	410
286.681	413
286.731	410
286.781	404
286.831	410
286.881	411
286.931	416
286.982	421
287.032	419
287.082	435
287.132	441
287.182	445
287.233	454
287.283	457
287.334	464
287.384	465
287.434	454
287.484	464
287.535	458
287.585	450
287.635	448
287.685	451
287.735	435
287.786	427
287.836	412
287.886	416
287.936	411
287.986	408
288.036	409
288.087	411
288.137	415
288.187	420
288.238	419
288.288	433
288.338	439
288.389	444
288.439	453
288.489	447
288.539	462
288.589	464
288.640	457
288.690	464
288.740	459
288.790	454
288.840	451
288.890	437
288.941	435
288.991	427
289.041	417
289.091	417
289.142	413
289.192	406
289.243	411
289.293	403
289.343	413
289.393	418
289.443	418
289.494	432
289.544	436
289.594	444
289.644	452
289.694	446
289.744	463
289.795	465
289.845	460
289.895	465
289.945	461
289.995	457
290.046	452
290.097	436
290.147	438
290.197	431
290.247	416
290.297	418
290.348	413
290.398	408
290.448	408
290.498	400
290.548	411
290.598	415
290.649	416
290.699	425
290.749	434
290.799	441
290.849	449
290.899	446
290.951	461
291.001	466
291.051	460
291.101	468
291.151	465
291.202	463
291.252	457
291.302	441
291.352	443
291.402	434
291.452	420
291.503	419
291.553	413
291.603	409
291.653	406
291.703	397
291.754	405
291.804	409
291.855	408
291.905	421
291.955	427
292.005	437
292.056	445
292.106	443
292.156	461
292.206	466
292.256	464
292.306	473
292.357	469
292.407	470
292.457	464
292.507	448
292.557	449
292.608	441
292.658	428
292.708	424
292.759	415
292.809	409
292.859	404
292.910	392
292.960	401
293.010	401
293.060	401
293.110	412
293.160	418
293.211	427
293.261	437
293.311	437
293.361	456
293.411	464
293.462	466
293.512	475
293.562	473
293.612	476
293.663	473
293.713	459
293.764	461
293.814	452
293.864	438
293.914	431
293.964	421
294.014	414
294.065	406
294.115	394
294.165	397
294.215	394
294.265	392
294.316	402
294.366	410
294.416	415
294.466	425
294.516	428
294.567	447
294.618	456
294.668	464
294.718	474
294.768	468
294.818	483
294.869	481
294.919	469
294.969	474
295.019	465
295.069	454
295.119	445
295.170	430
295.220	423
295.270	412
295.320	397
295.370	398
295.420	392
295.472	386
295.522	391
295.572	397
295.622	401
295.672	410
295.723	414
295.773	432
295.823	444
295.873	453
295.923	467
295.973	463
296.024	482
296.074	486
296.124	479
296.174	484
296.224	478
296.274	472
296.325	460
296.376	438
296.426	438
296.476	424
296.526	408
296.577	404
296.627	395
296.677	387
296.727	385
296.777	377
296.827	389
296.878	396
296.928	398
296.978	415
297.028	426
297.078	440
297.128	451
297.179	454
297.229	475
297.280	483
297.330	480
297.380	492
297.431	488
297.481	487
297.531	478
297.581	458
297.631	456
297.681	442
297.732	424
297.782	418
297.832	405
297.882	395
297.932	387
297.982	376
298.033	380
298.083	383
298.134	384
298.184	397
298.234	407
298.285	420
298.335	434
298.385	437
298.435	462
298.485	473
298.535	477
298.586	490
298.636	491
298.686	494
298.736	490
298.786	473
298.837	475
298.887	463
298.937	445
298.987	436
299.038	420
299.088	409
299.139	397
299.189	380
299.239	382
299.289	379
299.339	375
299.389	384
299.440	391
299.490	401
299.540	413
299.590	420
299.640	441
299.691	457
299.741	464
299.791	480
299.841	485
299.891	494
299.942	497
299.993	483
300.043	488
300.093	481
300.143	467
300.193	457
300.243	441
300.294	428
300.344	414
300.394	393
300.444	391
300.494	383
300.545	373
300.595	377
300.645	381
300.695	386
300.745	395
300.795	399
300.847	421
300.897	433
300.947	446
300.997	463
301.047	472
301.098	485
301.148	492
301.198	485
301.248	497
301.298	492
301.348	485
301.399	477
301.449	458
301.499	451
301.549	434
301.599	413
301.649	406
301.700	396
301.751	381
301.801	380
301.851	383
301.901	377
301.952	382
302.002	384
302.052	400
302.102	413
302.152	424
302.202	441
302.253	447
302.303	470
302.353	481
302.403	481
302.453	496
302.503	496
302.554	496
302.604	491
302.655	471
302.705	470
302.755	457
302.806	435
302.856	428
302.906	412
302.956	396
303.006	390
303.056	375
303.107	376
303.157	375
303.207	373
303.257	386
303.307	393
303.357	406
303.408	420
303.458	424
303.508	450
303.559	464
303.609	470
303.660	487
303.710	493
303.760	498
303.810	499
303.860	482
303.910	487
303.961	477
304.011	456
304.061	449
304.111	433
304.161	418
304.211	406
304.262	386
304.312	385
304.362	378
304.412	368
304.463	377
304.514	382
304.564	388
304.614	400
304.664	404
304.714	428
304.764	442
304.815	452
304.865	471
304.915	479
304.965	492
305.015	497
305.066	488
305.116	497
305.166	492
305.216	476
305.266	470
305.316	456
305.368	442
305.418	427
305.468	405
305.518	399
305.568	389
305.618	374
305.669	376
305.719	375
305.769	378
305.819	385
305.869	386
305.920	405
305.970	419
306.020	429
306.070	450
306.120	463
306.170	477
306.221	487
306.272	481
306.322	495
306.372	498
306.422	490
306.472	486
306.523	476
306.573	464
306.623	451
306.673	425
306.723	421
306.774	406
306.824	391
306.874	385
306.924	379
306.974	376
307.024	376
307.075	381
307.125	389
307.176	400
307.226	408
307.276	427
307.326	441
307.377	457
307.427	471
307.477	472
307.527	490
307.577	495
307.628	494
307.678	496
307.728	487
307.778	483
307.828	470
307.878	448
307.929	442
307.979	427
308.030	408
308.080	400
308.130	390
308.181	382
308.231	378
308.281	371
308.331	380
308.381	387
308.431	390
308.482	408
308.532	444
308.582	434
308.632	451
308.682	455
308.732	477
308.783	486
308.833	490
308.883	497
308.934	500
308.984	492
309.035	485
309.085	464
309.135	463
309.185	448
309.235	430
309.285	419
309.336	407
309.386	394
309.436	384
309.486	374
309.536	377
309.586	378
309.637	381
309.687	390
309.737	399
309.787	415
309.838	428
309.889	436
309.939	458
309.989	468
310.039	479
310.089	490
310.139	483
310.190	495
310.240	493
310.290	480
310.340	480
310.390	467
310.440	454
310.491	440
310.541	417
310.591	412
310.641	400
310.691	384
310.743	382
310.793	379
310.843	376
310.893	381
310.943	382
310.993	397
311.044	410
311.094	416
311.144	437
311.194	450
311.244	464
311.294	476
311.345	471
311.395	493
311.445	494
311.495	486
311.545	490
311.596	482
311.647	474
311.697	461
311.747	436
311.797	431
311.847	417
311.898	400
311.948	395
311.998	387
312.048	381
312.098	380
312.149	375
312.199	386
312.249	394
312.299	400
312.349	417
312.399	430
312.450	445
312.500	459
312.551	457
312.601	481
312.651	488
312.701	487
312.752	492
312.802	488
312.852	485
312.902	473
312.952	454
313.003	451
313.053	438
313.103	418
313.153	412
313.203	399
313.253	391
313.304	384
313.354	376
313.404	383
313.455	386
313.505	388
313.555	402
313.606	414
313.656	427
313.706	439
313.756	443
313.806	465
313.857	475
313.907	478
313.957	487
314.007	485
314.057	488
314.107	483
314.158	466
314.208	466
314.258	454
314.308	438
314.359	429
314.410	417
314.460	407
314.510	397
314.560	384
314.610	388
314.660	387
314.711	384
314.761	395
314.811	402
314.861	412
314.911	425
314.961	427
315.012	449
315.062	457
315.112	466
315.162	477
315.212	473
315.264	484
315.314	482
315.364	472
315.414	474
315.464	464
315.514	452
315.565	444
315.615	430
315.665	422
315.715	412
315.765	397
315.815	398
315.866	393
315.916	389
315.966	395
316.016	399
316.066	405
316.117	413
316.168	416
316.218	435
316.268	443
316.318	453
316.368	463
316.419	461
316.469	474
316.519	477
316.569	469
316.619	474
316.669	468
316.720	462
316.770	454
316.820	435
316.870	432
316.920	422
316.971	409
317.021	409
317.072	402
317.122	398
317.172	399
317.222	399
317.273	405
317.323	410
317.373	410
317.423	423
317.473	434
317.523	440
317.574	452
317.624	447
317.674	465
317.724	468
317.774	463
317.825	471
317.875	465
317.926	462
317.976	457
318.026	438
318.076	441
318.127	434
318.177	420
318.227	420
318.277	412
318.327	408
318.378	408
318.428	398
318.478	408
318.528	412
318.578	410
318.628	420
318.679	428
318.729	437
318.779	444
318.830	440
318.880	456
318.930	460
318.981	457
319.031	464
319.081	461
319.131	460
319.181	456
319.232	438
319.282	444
319.332	437
319.382	425
319.432	425
319.482	420
319.533	415
319.583	413
319.633	405
319.683	414
319.734	415
319.784	413
319.835	424
319.885	428
319.935	436
319.985	442
320.035	438
320.086	453
320.136	455
320.186	454
320.236	460
320.286	457
320.336	456
320.387	453
320.437	436
320.487	442
320.537	436
320.587	428
320.638	426
320.689	421
320.739	418
320.789	416
320.839	407
320.889	415
320.940	418
320.990	417
321.040	426
321.090	429
321.140	437
321.190	443
321.241	439
321.291	453
321.341	456
321.391	453
321.441	459
321.491	455
321.543	455
321.593	452
321.643	438
321.693	441
321.743	436
321.794	426
321.844	425
321.894	419
321.944	417
321.994	413
322.044	406
322.095	414
322.145	416
322.195	416
322.245	425
322.295	443
322.346	437
322.396	443
322.447	441
322.497	454
322.547	458
322.597	459
322.648	463
322.698	454
322.748	460
322.798	456
322.848	443
322.898	445
322.949	438
322.999	428
323.049	423
323.099	417
323.149	412
323.200	409
323.250	401
323.300	407
323.351	408
323.401	409
323.451	419
323.502	415
323.552	432
323.602	440
323.652	440
323.702	455
323.752	460
323.803	464
323.853	469
323.903	459
323.953	470
324.003	464
324.054	450
324.104	453
324.154	444
324.204	435
324.255	428
324.305	409
324.356	412
324.406	406
324.456	396
324.506	400
324.556	400
324.606	400
324.657	407
324.707	404
324.757	423
324.807	430
324.857	432
324.908	449
324.958	457
325.008	467
325.058	472
325.108	464
325.159	478
325.210	476
325.260	467
325.310	467
325.360	457
325.410	448
325.461	438
325.511	418
325.561	418
325.611	408
325.661	396
325.711	395
325.762	391
325.812	392
325.862	393
325.912	390
325.962	404
326.012	414
326.064	419
326.114	436
326.164	446
326.214	459
326.264	469
326.315	462
326.365	483
326.415	484
326.465	479
326.515	483
326.565	475
326.616	469
326.666	458
326.716	436
326.766	434
326.816	421
326.866	405
326.917	399
326.968	391
327.018	385
327.068	382
327.118	378
327.169	386
327.219	394
327.269	400
327.319	414
327.369	426
327.419	441
327.470	454
327.520	456
327.570	479
327.620	486
327.670	486
327.720	494
327.771	489
327.821	488
327.872	481
327.922	460
327.972	458
328.023	443
328.073	424
328.123	414
328.173	401
328.223	391
328.273	382
328.324	372
328.374	375
328.424	374
328.474	374
328.524	390
328.574	401
328.625	415
328.675	430
328.726	437
328.776	461
328.826	474
328.877	484
328.927	496
328.977	493
329.027	503
329.077	499
329.127	483
329.178	484
329.228	471
329.278	454
329.328	440
329.378	423
329.429	407
329.479	394
329.529	376
329.579	373
329.630	367
329.680	362
329.731	370
329.781	383
329.831	388
329.881	401
329.931	408
329.981	433
330.032	451
330.082	465
330.132	483
330.182	482
330.232	503
330.283	506
330.333	499
330.383	506
330.433	497
330.483	484
330.534	471
330.585	447
330.635	437
330.685	418
330.735	396
330.785	388
330.835	376
330.886	362
330.936	362
330.986	359
331.036	365
331.086	374
331.137	381
331.187	402
331.237	418
331.287	435
331.337	456
331.387	459
331.439	489
331.489	500
331.539	498
331.589	513
331.639	511
331.690	508
331.740	498
331.790	471
331.840	470
331.890	451
331.940	428
331.991	414
332.041	397
332.091	380
332.141	369
332.191	356
332.241	357
332.292	360
332.343	358
332.393	372
332.443	387
332.493	403
332.544	420
332.594	428
332.644	462
332.694	477
332.744	485
332.794	503
332.845	509
332.895	515
332.945	515
332.995	495
333.045	499
333.095	484
333.146	462
333.196	448
333.247	429
333.297	410
333.347	392
333.398	371
333.448	366
333.498	359
333.548	353
333.598	356
333.648	365
333.699	374
333.749	389
333.799	398
333.849	425
333.899	444
333.949	460
334.000	482
334.050	493
334.100	508
334.151	513
334.201	503
334.252	512
334.302	509
334.352	490
334.402	481
334.452	462
334.502	444
334.553	424
334.603	398
334.653	389
334.703	374
334.753	360
334.803	357
334.854	357
334.904	358
334.954	365
335.004	370
335.055	393
335.106	410
335.156	425
335.206	449
335.256	465
335.306	486
335.356	498
335.407	497
335.457	515
335.507	514
335.557	509
335.607	505
335.658	488
335.708	476
335.758	460
335.808	432
335.858	420
335.908	400
335.960	384
336.010	372
336.060	387
336.110	358
336.160	357
336.210	355
336.261	370
336.311	382
336.361	394
336.411	416
336.461	431
336.512	454
336.562	472
336.612	478
336.662	500
336.712	507
336.762	511
336.813	513
336.864	496
336.914	498
336.964	485
337.014	461
337.064	452
337.115	433
337.165	413
337.215	399
337.265	383
337.315	373
337.366	360
337.416	356
337.466	360
337.516	367
337.566	373
337.616	390
337.667	399
337.717	421
337.768	439
337.818	448
337.868	473
337.918	485
337.969	496
338.019	504
338.069	493
338.119	506
338.169	500
338.220	483
338.270	478
338.320	462
338.370	443
338.420	429
338.470	405
338.521	398
338.571	385
338.622	370
338.672	369
338.722	369
338.773	369
338.823	378
338.873	380
338.923	399
338.973	413
339.023	422
339.074	445
339.124	459
339.174	474
339.224	484
339.274	480
339.324	497
339.375	497
339.425	485
339.475	489
339.526	478
339.576	467
339.627	453
339.677	427
339.727	425
339.777	412
339.827	393
339.877	391
339.928	385
339.978	380
340.028	381
340.078	377
340.128	390
340.178	398
340.229	404
340.279	421
340.329	434
340.379	446
340.430	458
340.481	456
340.531	476
340.581	480
340.631	478
340.681	483
340.731	477
340.782	474
340.832	467
340.882	446
340.932	446
340.982	434
341.032	420
341.083	415
341.133	407
341.183	399
341.233	397
341.283	386
341.335	396
341.385	396
341.435	400
341.485	410
341.535	417
341.585	427
341.636	436
341.686	435
341.736	452
341.786	458
341.836	458
341.886	467
341.937	465
341.987	467
342.037	465
342.087	452
342.137	456
342.188	451
342.239	438
342.289	436
342.339	428
342.389	424
342.439	419
342.490	405
342.540	413
342.590	410
342.640	408
342.690	413
342.741	414
342.791	419
342.841	423
342.891	420
342.941	432
342.991	436
343.042	439
343.092	445
343.143	445
343.193	450
343.243	451
343.293	444
343.344	452
343.394	451
343.444	448
343.494	447
343.544	441
343.595	442
343.645	439
343.695	429
343.745	434
343.795	429
343.845	426
343.896	427
343.946	423
343.996	424
344.047	424
344.097	416
344.147	422
344.198	423
344.248	420
344.298	425
344.348	423
344.398	429
344.449	432
344.499	426
344.549	438
344.599	440
344.649	442
344.699	445
344.750	439
344.800	451
344.850	451
344.900	445
344.951	453
345.002	451
345.052	448
345.102	447
345.152	433
345.202	439
345.252	435
345.303	424
345.353	425
345.403	420
345.453	416
345.503	412
345.553	402
345.604	411
345.654	412
345.704	406
345.754	416
345.804	421
345.856	425
345.906	433
345.956	430
346.006	447
346.056	452
346.106	451
346.157	464
346.207	465
346.257	466
346.307	467
346.357	453
346.407	460
346.458	455
346.508	440
346.558	440
346.608	430
346.658	422
346.709	415
346.760	400
346.810	402
346.860	398
346.910	392
346.960	398
347.011	401
347.061	406
347.111	412
347.161	412
347.211	431
347.261	442
347.312	445
347.362	459
347.412	466
347.462	476
347.512	479
347.563	468
347.613	478
347.664	475
347.714	461
347.764	460
347.814	447
347.865	439
347.915	426
347.965	410
348.015	406
348.065	395
348.115	384
348.166	388
348.216	387
348.266	387
348.316	392
348.366	390
348.417	407
348.467	421
348.518	428
348.568	446
348.618	455
348.668	469
348.719	478
348.769	471
348.819	488
348.869	487
348.919	480
348.970	479
349.020	468
349.070	461
349.120	448
349.170	428
349.220	420
349.271	408
349.321	393
349.371	388
349.422	383
349.472	379
349.522	380
349.573	376
349.623	390
349.673	401
349.723	408
349.773	428
349.824	437
349.874	452
349.924	465
349.974	464
350.024	485
350.074	489
350.125	488
350.175	491
350.225	495
350.275	478
350.326	467
350.376	445
350.427	440
350.477	427
350.527	410
350.577	401
350.627	395
350.678	384
350.728	380
350.778	373
350.828	382
350.878	387
350.928	393
350.979	407
351.029	419
351.079	433
351.129	447
351.179	450
351.230	472
351.281	480
351.331	484
351.381	491
351.431	476
351.481	486
351.532	479
351.582	462
351.632	459
351.682	445
351.732	431
351.782	419
351.833	399
351.883	397
351.933	389
351.983	378
352.033	382
352.083	383
352.135	385
352.185	396
352.235	399
352.285	416
352.335	429
352.386	433
