#Creator: pendulumdriveEventBuffer
#Creation time: Thu Apr 11 16:06:28 2019
#Time	Pos
#[s]	[au]
0.049	446
0.100	445
0.150	438
0.201	442
0.251	439
0.301	439
0.351	438
0.401	429
0.451	436
0.502	432
0.552	428
0.602	433
0.652	431
0.702	434
0.753	436
0.803	430
0.853	440
0.903	443
0.953	441
1.004	450
1.055	452
1.105	457
1.155	458
1.205	450
1.255	461
1.305	462
1.356	458
1.406	458
1.456	453
1.506	451
1.556	446
1.607	432
1.657	436
1.707	431
1.757	424
1.807	424
1.857	419
1.909	419
1.959	419
2.009	414
2.059	422
2.109	427
2.160	432
2.210	439
2.260	443
2.310	453
2.360	462
2.410	458
2.461	472
2.511	474
2.561	472
2.611	475
2.661	467
2.711	469
2.762	463
2.813	449
2.863	449
2.913	439
2.963	429
3.014	424
3.064	418
3.114	412
3.164	408
3.214	401
3.264	407
3.315	410
3.365	412
3.415	422
3.465	429
3.515	440
3.565	448
3.616	452
3.667	469
3.717	475
3.767	480
3.817	487
3.868	484
3.918	487
3.968	484
4.018	468
4.068	468
4.118	457
4.169	444
4.219	434
4.269	425
4.319	416
4.369	406
4.419	394
4.471	396
4.521	395
4.571	392
4.621	403
4.671	410
4.722	421
4.772	432
4.822	435
4.872	456
4.922	468
4.972	474
5.023	488
5.073	490
5.123	497
5.173	495
5.223	483
5.273	487
5.324	478
5.375	463
5.425	454
5.475	439
5.525	428
5.576	414
5.626	399
5.676	397
5.726	392
5.776	386
5.826	389
5.877	395
5.927	401
5.977	408
6.027	416
6.077	436
6.128	449
6.178	460
6.228	476
6.279	484
6.329	495
6.379	500
6.430	490
6.480	500
6.530	494
6.580	486
6.630	477
6.680	457
6.731	450
6.781	435
6.831	416
6.881	409
6.931	397
6.982	388
7.032	386
7.082	383
7.132	387
7.183	393
7.233	397
7.284	413
7.334	426
7.384	439
7.434	456
7.484	463
7.534	482
7.585	493
7.635	493
7.685	503
7.735	503
7.785	499
7.836	495
7.886	473
7.936	472
7.986	457
8.036	437
8.087	427
8.138	413
8.188	397
8.238	393
8.288	380
8.338	383
8.389	385
8.439	384
8.489	397
8.539	407
8.589	418
8.639	434
8.690	440
8.740	464
8.790	477
8.840	480
8.890	498
8.940	502
8.992	504
9.042	502
9.092	486
9.142	489
9.192	477
9.243	456
9.293	448
9.343	435
9.393	418
9.443	408
9.493	390
9.544	390
9.594	382
9.644	382
9.694	388
9.744	393
9.794	403
9.845	414
9.896	420
9.946	443
9.996	457
10.046	466
10.097	483
10.147	490
10.197	499
10.247	502
10.297	488
10.347	498
10.398	490
10.448	475
10.498	469
10.548	453
10.598	441
10.648	427
10.699	408
10.749	403
10.800	396
10.850	386
10.900	389
10.951	391
11.001	396
11.051	402
11.101	404
11.151	425
11.201	437
11.252	446
11.302	462
11.352	471
11.402	485
11.452	491
11.502	484
11.553	498
11.603	493
11.653	483
11.704	481
11.754	468
11.805	458
11.855	446
11.905	426
11.955	424
12.005	413
12.055	400
12.106	400
12.156	397
12.206	397
12.256	401
12.306	400
12.357	414
12.407	424
12.457	431
12.507	446
12.558	455
12.608	467
12.659	475
12.709	473
12.759	486
12.809	487
12.859	482
12.909	482
12.960	474
13.010	467
13.060	458
13.110	442
13.160	439
13.211	429
13.261	419
13.311	414
13.361	413
13.411	407
13.462	407
13.513	402
13.563	412
13.613	418
13.663	424
13.713	436
13.763	439
13.814	453
13.864	460
13.914	457
13.964	473
14.014	474
14.065	471
14.115	475
14.165	465
14.215	467
14.265	462
14.315	446
14.367	448
14.417	439
14.467	431
14.517	428
14.567	415
14.617	420
14.668	418
14.718	412
14.768	419
14.818	422
14.868	426
14.919	432
14.969	431
15.019	444
15.069	449
15.119	448
15.169	459
15.220	461
15.271	464
15.321	465
15.371	451
15.421	459
15.472	458
15.522	447
15.572	449
15.622	443
15.672	440
15.722	436
15.773	424
15.823	432
15.873	431
15.923	424
15.973	429
16.023	432
16.074	434
16.124	438
16.175	432
16.225	445
16.275	448
16.326	444
16.376	453
16.426	453
16.476	454
16.526	454
16.576	445
16.627	452
16.677	449
16.727	440
16.777	444
16.827	440
16.877	438
16.928	437
16.978	430
17.028	434
17.079	436
17.129	432
17.180	439
17.230	441
17.280	444
17.330	446
17.380	438
17.430	453
17.481	454
17.531	448
17.581	454
17.631	450
17.681	450
17.731	450
17.782	437
17.832	443
17.882	440
17.932	434
17.983	435
18.034	431
18.084	431
18.134	431
18.184	424
18.234	433
18.284	435
18.335	435
18.385	443
18.435	445
18.485	451
18.535	455
18.585	448
18.636	461
18.686	462
18.736	458
18.786	463
18.836	457
18.888	457
18.938	454
18.988	440
19.038	443
19.088	435
19.138	428
19.189	426
19.239	422
19.289	421
19.339	421
19.389	412
19.440	424
19.490	427
19.540	428
19.590	436
19.640	440
19.690	451
19.741	456
19.792	454
19.842	468
19.892	472
19.942	470
19.992	473
20.043	463
20.093	468
20.143	462
20.193	447
20.243	449
20.294	440
20.344	430
20.394	426
20.444	419
20.494	414
20.544	412
20.595	404
20.645	411
20.696	414
20.746	416
20.796	424
20.846	430
20.897	441
20.947	452
20.997	453
21.047	468
21.097	474
21.148	479
21.198	482
21.248	471
21.298	481
21.348	477
21.398	465
21.449	464
21.499	454
21.549	441
21.600	433
21.650	415
21.701	415
21.751	408
21.801	396
21.851	401
21.901	400
21.951	397
22.002	408
22.052	408
22.102	425
22.152	436
22.202	440
22.252	458
22.303	470
22.353	478
22.403	486
22.453	480
22.504	493
22.555	492
22.605	481
22.655	481
22.705	472
22.755	461
22.805	450
22.856	430
22.906	425
22.956	415
23.006	400
23.056	396
23.106	394
23.157	390
23.207	395
23.257	390
23.307	405
23.357	415
23.409	424
23.459	439
23.509	451
23.559	467
23.609	479
23.659	477
23.710	494
23.760	498
23.810	495
23.860	497
23.910	489
23.960	483
24.011	472
24.061	450
24.111	445
24.161	433
24.211	413
24.263	406
24.313	397
24.363	389
24.413	387
24.463	382
24.513	389
24.564	397
24.614	401
24.664	419
24.714	430
24.764	444
24.814	461
24.865	465
24.915	487
24.965	495
25.015	497
25.065	505
25.116	501
25.167	499
25.217	492
25.267	472
25.317	468
25.367	453
25.418	433
25.468	422
25.518	410
25.568	399
25.618	390
25.669	378
25.719	382
25.769	383
25.819	386
25.869	397
25.919	409
25.970	423
26.020	438
26.071	444
26.121	469
26.171	482
26.221	490
26.272	502
26.322	502
26.372	507
26.422	505
26.472	489
26.523	489
26.573	474
26.623	459
26.673	446
26.723	433
26.773	415
26.824	404
26.874	387
26.924	383
26.975	382
27.025	377
27.075	386
27.126	398
27.176	401
27.226	416
27.276	422
27.326	445
27.377	463
27.427	473
27.477	487
27.527	486
27.577	505
27.627	507
27.678	498
27.728	501
27.778	492
27.828	480
27.879	469
27.929	447
27.980	439
28.030	424
28.080	406
28.130	399
28.180	391
28.231	384
28.281	384
28.331	383
28.381	389
28.431	398
28.481	402
28.532	424
28.582	438
28.632	448
28.682	466
28.732	467
28.784	490
28.834	497
28.884	490
28.934	501
28.984	497
29.034	491
29.085	484
29.135	462
29.185	460
29.235	446
29.285	427
29.335	420
29.386	408
29.436	398
29.486	394
29.536	384
29.586	390
29.637	394
29.688	395
29.738	410
29.788	420
29.838	431
29.888	445
29.939	449
29.989	470
30.039	479
30.089	481
30.139	493
30.189	493
30.240	493
30.290	490
30.340	471
30.390	472
30.440	463
30.491	448
30.541	438
30.592	433
30.642	418
30.692	410
30.742	398
30.793	401
30.843	400
30.893	397
30.943	405
30.993	413
31.043	420
31.094	431
31.144	432
31.194	451
31.244	458
31.294	464
31.345	474
31.395	477
31.445	481
31.496	482
31.546	470
31.596	474
31.647	468
31.697	456
31.747	453
31.797	443
31.847	435
31.897	428
31.948	414
31.998	417
32.048	415
32.098	409
32.148	414
32.199	415
32.249	420
32.299	426
32.349	425
32.400	439
32.450	446
32.501	448
32.551	459
32.601	461
32.651	466
32.701	466
32.752	460
32.802	465
32.852	464
32.902	458
32.952	456
33.002	447
33.053	446
33.103	441
33.153	432
33.203	433
33.253	431
33.304	425
33.355	428
33.405	430
33.455	429
33.505	432
33.555	427
33.606	437
33.656	440
33.706	440
33.756	446
33.806	445
33.856	450
33.907	452
33.957	444
34.007	452
34.057	450
34.107	448
34.157	450
34.209	445
34.259	447
34.309	447
34.359	440
34.409	443
34.460	441
34.510	442
34.560	442
34.610	438
34.660	445
34.710	445
34.761	439
34.811	445
34.861	443
34.911	443
34.961	442
35.011	431
35.062	442
35.113	441
35.163	433
35.213	438
35.263	438
35.314	432
35.364	436
35.414	429
35.464	438
35.514	440
35.564	436
35.615	445
35.665	447
35.715	449
35.765	453
35.815	446
35.865	458
35.916	458
35.966	452
36.017	458
36.067	455
36.117	454
36.168	450
36.218	438
36.268	444
36.318	439
36.368	428
36.418	430
36.469	427
36.519	424
36.569	424
36.619	416
36.669	425
36.720	426
36.770	427
36.820	434
36.870	441
36.921	447
36.971	454
37.022	450
37.072	464
37.122	469
37.172	467
37.222	472
37.272	470
37.323	469
37.373	466
37.423	451
37.473	454
37.523	447
37.574	433
37.624	432
37.674	425
37.724	419
37.775	415
37.825	404
37.876	410
37.926	410
37.976	410
38.026	418
38.076	426
38.126	435
38.177	443
38.227	444
38.277	461
38.327	467
38.377	472
38.428	480
38.478	481
38.528	484
38.578	482
38.628	468
38.679	473
38.730	463
38.780	451
38.830	444
38.880	431
38.930	422
38.981	415
39.031	401
39.081	401
39.131	399
39.181	394
39.231	402
39.282	407
39.332	414
39.382	424
39.432	425
39.482	446
39.532	459
39.584	465
39.634	479
39.684	484
39.734	492
39.784	494
39.835	485
39.885	490
39.935	483
39.985	470
40.035	467
40.085	449
40.136	439
40.186	428
40.236	408
40.286	406
40.336	398
40.386	388
40.437	388
40.488	393
40.538	397
40.588	401
40.638	405
40.689	425
40.739	437
40.789	448
40.839	463
40.889	469
40.939	488
40.990	496
41.040	491
41.090	502
41.140	499
41.190	493
41.240	486
41.291	469
41.341	463
41.392	448
41.442	433
41.492	420
41.543	407
41.593	394
41.643	389
41.693	383
41.743	384
41.793	385
41.844	387
41.894	403
41.944	414
41.994	425
42.044	443
42.094	451
42.145	473
42.195	486
42.245	487
42.296	503
42.346	505
42.397	506
42.447	503
42.497	485
42.547	487
42.597	472
42.647	450
42.698	442
42.748	428
42.798	410
42.848	399
42.898	384
42.949	383
42.999	380
43.049	377
43.099	385
43.149	393
43.200	404
43.251	418
43.301	425
43.351	450
43.401	464
43.451	472
43.501	491
43.552	497
43.602	508
43.652	508
43.702	493
43.752	502
43.803	494
43.853	476
43.903	467
43.953	450
44.003	435
44.053	419
44.105	400
44.155	394
44.205	384
44.255	376
44.305	380
44.355	383
44.406	389
44.456	399
44.506	403
44.556	425
44.606	441
44.657	451
44.707	470
44.757	482
44.807	495
44.857	502
44.907	496
44.958	507
45.009	503
45.059	491
45.109	487
45.159	471
45.209	459
45.260	443
45.310	420
45.360	413
45.410	401
45.460	389
45.511	385
45.561	385
45.611	383
45.661	389
45.711	390
45.761	406
45.812	419
45.862	429
45.913	447
45.963	459
46.013	475
46.064	487
46.114	484
46.164	499
46.214	504
46.264	500
46.314	495
46.365	485
46.415	477
46.465	463
46.515	443
46.565	434
46.615	422
46.666	405
46.716	400
46.766	395
46.817	390
46.867	389
46.918	385
46.968	397
47.018	406
47.068	414
47.118	429
47.168	439
47.219	456
47.269	468
47.319	469
47.369	488
47.419	493
47.469	493
47.520	495
47.570	482
47.620	485
47.670	475
47.721	457
47.772	453
47.822	441
47.872	425
47.922	419
47.972	411
48.022	402
48.073	397
48.123	391
48.173	398
48.223	402
48.273	408
48.323	417
48.374	423
48.424	438
48.474	450
48.524	454
48.574	471
48.626	478
48.676	482
48.726	487
48.776	477
48.826	484
48.876	480
48.927	465
48.977	465
49.027	453
49.077	440
49.127	435
49.177	416
49.228	418
49.278	411
49.328	401
49.378	404
49.428	404
49.479	407
49.530	414
49.580	412
49.630	428
49.680	438
49.730	440
49.781	457
49.831	463
49.881	470
49.931	476
49.981	468
50.032	479
50.082	476
50.132	468
50.182	467
50.232	459
50.282	451
50.333	445
50.384	428
50.434	429
50.484	424
50.534	414
50.584	416
50.635	415
50.685	416
50.735	418
50.785	416
50.835	428
50.886	433
50.936	436
50.986	447
51.036	453
51.086	460
51.136	463
51.187	457
51.237	469
51.288	467
51.338	459
51.388	464
51.438	456
51.489	452
51.539	447
51.589	432
51.639	435
51.689	431
51.740	421
51.790	425
51.840	422
51.890	424
51.940	425
51.990	421
52.041	432
52.091	437
52.141	436
52.192	447
52.242	450
52.293	455
52.343	458
52.393	451
52.443	461
52.493	459
52.543	454
52.594	456
52.644	451
52.694	449
52.744	444
52.794	432
52.844	437
52.895	434
52.945	426
52.995	429
53.045	429
53.096	431
53.147	432
53.197	426
53.247	439
53.297	442
53.347	442
53.397	451
53.448	451
53.498	455
53.548	459
53.598	451
53.648	459
53.698	458
53.749	451
53.799	452
53.849	443
53.899	442
53.949	437
54.001	426
54.051	431
54.101	430
54.151	424
54.201	427
54.251	427
54.302	430
54.352	433
54.402	430
54.452	442
54.502	446
54.552	449
54.603	455
54.653	453
54.703	462
54.753	461
54.803	456
54.854	464
54.905	460
54.955	455
55.005	452
55.055	443
55.105	440
55.156	434
55.206	423
55.256	425
55.306	421
55.356	416
55.406	420
55.457	415
55.507	424
55.557	427
55.607	428
55.657	439
55.708	445
55.758	450
55.809	459
55.859	455
55.909	469
55.959	472
56.010	465
56.060	472
56.110	469
56.160	461
56.210	459
56.261	442
56.311	446
56.361	437
56.411	422
56.461	423
56.511	417
56.562	412
56.612	411
56.662	402
56.713	411
56.763	415
56.813	416
56.864	429
56.914	434
56.964	445
57.014	455
57.064	453
57.115	471
57.165	476
57.215	471
57.265	482
57.315	480
57.365	476
57.416	472
57.466	456
57.516	457
57.566	448
57.617	432
57.667	428
57.718	418
57.768	410
57.818	408
57.868	398
57.918	402
57.969	403
58.019	402
58.069	414
58.119	422
58.169	432
58.219	442
58.270	444
58.320	463
58.370	472
58.420	475
58.470	485
58.521	486
58.572	488
58.622	487
58.672	472
58.722	473
58.772	463
58.823	448
58.873	440
58.923	429
58.973	420
59.023	409
59.073	394
59.124	397
59.174	394
59.224	390
59.274	399
59.324	404
59.374	412
59.426	425
59.476	426
59.526	448
59.576	460
59.626	469
59.677	482
59.727	487
59.777	496
59.827	496
59.877	486
59.927	490
59.978	483
60.028	469
60.078	462
60.128	447
60.178	435
60.229	422
60.279	402
60.330	400
60.380	391
60.430	384
60.480	386
60.531	390
60.581	393
60.631	404
60.681	409
60.731	427
60.781	440
60.832	452
60.882	469
60.932	477
60.982	492
61.032	499
61.083	490
61.133	504
61.184	500
61.234	490
61.284	485
61.334	469
61.385	458
61.435	443
61.485	420
61.535	413
61.585	401
61.635	388
61.686	385
61.736	383
61.786	381
61.836	386
61.886	388
61.937	403
61.987	416
62.037	427
62.088	446
62.138	455
62.188	476
62.239	489
62.289	490
62.339	504
62.389	507
62.439	506
62.489	502
62.540	483
62.590	483
62.640	468
62.690	447
62.740	437
62.791	422
62.841	404
62.891	393
62.941	379
62.992	378
63.042	375
63.093	374
63.143	385
63.193	393
63.243	400
63.293	419
63.344	426
63.394	452
63.444	467
63.494	477
63.544	496
63.594	503
63.645	510
63.695	511
63.745	496
63.795	502
63.845	492
63.896	471
63.947	464
63.997	448
64.047	430
64.097	415
64.147	395
64.198	388
64.248	381
64.298	371
64.348	375
64.398	376
64.448	384
64.499	394
64.549	402
64.599	424
64.649	441
64.699	453
64.749	474
64.801	488
64.851	500
64.901	507
64.951	501
65.001	511
65.052	507
65.102	496
65.152	490
65.202	474
65.252	458
65.302	442
65.353	418
65.403	408
65.453	395
65.503	379
65.553	377
65.603	374
65.654	374
65.705	379
65.755	382
65.805	400
65.855	414
65.906	426
65.956	448
66.006	462
66.056	480
66.106	494
66.156	490
66.207	510
66.257	513
66.307	506
66.357	507
66.407	493
66.457	485
66.508	469
66.558	443
66.609	434
66.659	418
66.709	397
66.760	390
66.810	382
66.860	375
66.910	373
66.960	370
67.010	380
67.061	391
67.111	400
67.161	421
67.211	436
67.261	454
67.312	470
67.362	476
67.412	497
67.462	505
67.513	508
67.563	512
67.614	505
67.664	503
67.714	492
67.764	470
67.814	463
67.864	445
67.915	425
67.965	414
68.015	403
68.065	389
68.115	379
68.166	372
68.216	375
68.266	380
68.316	384
68.366	399
68.417	415
68.468	426
68.518	442
68.568	453
68.618	476
68.668	487
68.718	498
68.769	506
68.819	497
68.869	509
68.919	503
68.969	489
69.020	486
69.070	468
69.120	452
69.170	439
69.220	415
69.270	408
69.322	396
69.372	381
69.422	380
69.472	377
69.522	376
69.573	383
69.623	387
69.673	405
69.723	419
69.773	429
69.823	452
69.874	466
69.924	480
69.974	494
70.024	488
70.074	506
70.124	508
70.175	497
70.226	500
70.276	487
70.326	477
70.376	463
70.427	438
70.477	431
70.527	417
70.577	398
70.627	392
70.677	383
70.728	378
70.778	378
70.828	378
70.878	391
70.928	399
70.978	408
71.029	428
71.079	442
71.130	458
71.180	473
71.230	474
71.281	496
71.331	502
71.381	498
71.431	505
71.481	499
71.531	493
71.582	483
71.632	458
71.682	454
71.732	439
71.782	420
71.832	412
71.883	400
71.933	390
71.984	384
72.034	376
72.084	383
72.135	389
72.185	392
72.235	407
72.285	421
72.335	436
72.385	450
72.436	454
72.486	479
72.536	488
72.586	491
72.636	503
72.686	501
72.737	502
72.787	493
72.837	476
72.888	474
72.938	461
72.989	441
73.039	432
73.089	419
73.139	406
73.189	396
73.239	384
73.290	386
73.340	385
73.390	384
73.440	395
73.490	406
73.541	416
73.591	429
73.641	435
73.691	458
73.741	471
73.792	478
73.843	493
73.893	495
73.943	500
73.993	498
74.043	486
74.093	488
74.144	477
74.194	460
74.244	452
74.294	436
74.344	424
74.395	411
74.445	398
74.495	396
74.545	391
74.595	385
74.645	391
74.697	397
74.747	403
74.797	415
74.847	418
74.897	439
74.947	451
74.998	462
75.048	477
75.098	476
75.148	493
75.198	496
75.249	487
75.299	493
75.349	486
75.399	475
75.449	467
75.499	450
75.550	442
75.601	430
75.651	411
75.701	408
75.751	400
75.801	390
75.852	393
75.902	395
75.952	395
76.002	402
76.052	406
76.103	424
76.153	435
76.203	446
76.253	462
76.303	463
76.353	481
76.404	489
76.454	485
76.505	492
76.555	490
76.605	487
76.656	478
76.706	461
76.756	458
76.806	445
76.856	426
76.906	421
76.957	412
77.007	401
77.057	398
77.107	389
77.157	395
77.207	399
77.258	400
77.308	412
77.358	421
77.409	428
77.459	446
77.510	448
77.560	468
77.610	479
77.660	475
77.710	488
77.760	489
77.811	489
77.861	485
77.911	467
77.961	469
78.011	458
78.061	440
78.112	435
78.162	423
78.212	414
78.262	408
78.313	395
78.364	397
78.414	397
78.464	395
78.514	405
78.564	412
78.614	422
78.665	433
78.715	435
78.765	456
78.815	466
78.865	469
78.915	481
78.966	485
79.016	489
79.066	488
79.116	475
79.166	478
79.218	470
79.268	454
79.318	450
79.368	437
79.418	426
79.468	416
79.519	402
79.569	401
79.619	399
79.669	392
79.719	400
79.769	404
79.820	411
79.870	421
79.920	424
79.970	442
80.020	453
80.071	458
80.122	473
80.172	481
80.222	486
80.272	489
80.322	479
80.373	485
80.423	480
80.473	466
80.523	460
80.573	449
80.624	439
80.674	428
80.724	412
80.774	409
80.824	403
80.874	394
80.925	397
80.976	399
81.026	404
81.076	411
81.126	413
81.176	429
81.227	440
81.277	448
81.327	463
81.377	471
81.427	482
81.478	487
81.528	480
81.578	490
81.628	486
81.678	478
81.728	473
81.779	461
81.829	452
81.880	440
81.930	422
81.980	418
82.030	409
82.081	398
82.131	397
82.181	399
82.231	396
82.281	399
82.332	403
82.382	415
82.432	428
82.482	436
82.532	449
82.582	456
82.633	473
82.683	481
82.733	476
82.784	491
82.834	490
82.885	487
82.935	484
82.985	468
83.035	466
83.085	455
83.135	436
83.186	431
83.236	419
83.286	408
83.336	402
83.386	399
83.436	393
83.487	396
83.537	394
83.587	405
83.637	414
83.688	419
83.739	435
83.789	439
83.839	460
83.889	470
83.939	474
83.989	489
84.040	491
84.090	489
84.140	492
84.190	475
84.240	480
84.290	471
84.341	452
84.391	445
84.441	434
84.491	421
84.541	412
84.593	396
84.643	396
84.693	391
84.743	388
84.793	393
84.843	401
84.894	408
84.944	419
84.994	424
85.044	443
85.094	457
85.144	463
85.195	478
85.245	484
85.295	493
85.345	496
85.395	482
85.446	490
85.497	482
85.547	467
85.597	461
85.647	450
85.697	436
85.748	426
85.798	410
85.848	404
85.898	399
85.948	388
85.998	392
86.049	393
86.099	396
86.149	406
86.199	406
86.249	428
86.300	439
86.350	444
86.401	465
86.451	473
86.501	484
86.551	491
86.602	484
86.652	495
86.702	491
86.752	480
86.802	477
86.853	465
86.903	454
86.953	441
87.003	422
87.053	416
87.103	407
87.154	395
87.204	393
87.254	391
87.305	393
87.355	396
87.405	395
87.456	414
87.506	423
87.556	432
87.606	450
87.656	459
87.707	474
87.757	483
87.807	480
87.857	494
87.907	495
87.957	489
88.008	488
88.058	476
88.108	469
88.158	456
88.209	436
88.259	432
88.310	420
88.360	405
88.410	400
88.460	395
88.510	390
88.561	391
88.611	389
88.661	401
88.711	409
88.761	416
88.811	432
88.862	441
88.912	458
88.962	469
89.012	472
89.062	489
89.113	493
89.164	494
89.214	495
89.264	481
89.314	482
89.364	472
89.415	454
89.465	448
89.515	434
89.565	418
89.615	412
89.665	404
89.716	394
89.766	390
89.816	384
89.866	393
89.916	397
89.966	403
90.018	415
90.068	427
90.118	441
90.168	452
90.218	460
90.269	479
90.319	486
90.369	493
90.419	496
90.469	486
90.519	493
90.570	487
90.620	472
90.670	467
90.720	454
90.770	436
90.821	426
90.871	407
90.922	403
90.972	394
91.022	384
91.072	387
91.123	387
91.173	389
91.223	400
91.273	403
91.323	422
91.373	435
91.424	442
91.474	461
91.524	474
91.574	486
91.624	494
91.675	487
91.725	501
91.776	497
91.826	484
91.876	486
91.926	472
91.977	462
92.027	446
92.077	425
92.127	419
92.177	406
92.227	392
92.278	389
92.328	384
92.378	384
92.428	387
92.478	387
92.529	403
92.579	414
92.629	423
92.680	442
92.730	456
92.780	470
92.831	484
92.881	478
92.931	499
92.981	503
93.031	496
93.081	497
93.132	489
93.182	480
93.232	469
93.282	447
93.332	439
93.383	424
93.433	404
93.483	399
93.533	391
93.584	383
93.634	381
93.685	376
93.735	387
93.785	396
93.835	402
93.885	420
93.936	434
93.986	449
94.036	464
94.086	468
94.136	490
94.186	499
94.237	500
94.287	506
94.337	501
94.387	498
94.437	489
94.488	469
94.539	464
94.589	448
94.639	428
94.689	417
94.739	403
94.790	393
94.840	385
94.890	374
94.940	378
94.990	381
95.040	384
95.091	398
95.141	409
95.191	425
95.241	442
95.291	449
95.341	472
95.393	485
95.443	492
95.493	503
95.543	503
95.593	509
95.644	505
95.694	488
95.744	487
95.794	474
95.844	456
95.894	441
95.945	427
95.995	410
96.045	397
96.095	383
96.145	379
96.195	373
96.246	372
96.297	380
96.347	393
96.397	399
96.447	413
96.498	422
96.548	447
96.598	463
96.648	477
96.698	492
96.748	492
96.799	510
96.849	512
96.899	503
96.949	508
96.999	495
97.049	485
97.100	469
97.150	447
97.201	436
97.251	420
97.301	398
97.352	391
97.402	381
97.452	368
97.502	371
97.552	367
97.602	378
97.653	387
97.703	396
97.753	417
97.803	433
97.853	450
97.904	469
97.954	473
98.004	497
98.054	508
98.105	504
98.155	515
98.206	512
98.256	507
98.306	497
98.356	472
98.406	467
98.456	448
98.507	425
98.557	414
98.607	398
98.657	384
98.707	375
98.758	365
98.808	368
98.858	370
98.908	374
98.958	390
99.009	404
99.060	420
99.110	439
99.160	448
99.210	475
99.260	489
99.310	496
99.361	511
99.411	515
99.461	519
99.511	514
99.561	494
99.612	495
99.662	480
99.712	456
99.762	446
99.812	425
99.862	406
99.914	392
99.964	373
100.014	370
100.064	367
100.114	362
100.165	369
100.215	379
100.265	391
100.315	406
100.365	416
100.415	443
100.466	462
100.516	473
100.566	495
100.616	504
100.666	516
100.716	521
100.767	509
100.818	515
100.868	506
100.918	488
100.968	477
101.019	458
101.069	440
101.119	420
101.169	395
101.219	387
101.269	377
101.320	362
101.370	363
101.420	366
101.470	369
101.520	379
101.570	390
101.621	410
101.671	427
101.722	443
101.772	466
101.822	479
101.873	500
101.923	510
101.973	508
102.023	523
102.073	521
102.123	512
102.174	505
102.224	486
102.274	473
102.324	455
102.374	428
102.424	416
102.475	398
102.525	379
102.576	372
102.626	367
102.676	362
102.727	364
102.777	366
102.827	382
102.877	397
102.927	411
102.977	432
103.028	447
103.078	471
103.128	489
103.178	495
103.228	514
103.278	522
103.329	522
103.379	520
103.429	501
103.480	503
103.530	487
103.581	459
103.631	450
103.681	431
103.731	408
103.781	392
103.831	383
103.882	370
103.932	364
103.982	358
104.032	365
104.082	373
104.133	381
104.183	400
104.233	415
104.283	437
104.333	456
104.384	466
104.435	494
104.485	506
104.535	515
104.585	523
104.635	510
104.685	520
104.736	512
104.786	492
104.836	482
104.886	465
104.936	442
104.987	426
105.037	401
105.087	391
105.137	377
105.187	361
105.237	363
105.289	363
105.339	360
105.389	375
105.439	381
105.489	405
105.539	423
105.590	434
105.640	462
105.690	478
105.740	497
105.790	510
105.841	506
105.891	523
105.941	522
105.991	512
106.041	509
106.091	496
106.142	479
106.193	461
106.243	433
106.293	421
106.343	403
106.393	384
106.444	375
106.494	368
106.544	362
106.594	364
106.644	363
106.695	379
106.745	391
106.795	404
106.845	428
106.895	445
106.945	466
106.996	485
107.046	485
107.097	512
107.147	518
107.197	511
107.248	520
107.298	512
107.348	505
107.398	492
107.448	464
107.498	456
107.549	434
107.599	411
107.649	399
107.699	387
107.749	372
107.799	367
107.850	360
107.900	366
107.950	372
108.001	380
108.051	398
108.102	414
108.152	432
108.202	452
108.252	460
108.302	488
108.352	501
108.403	507
108.453	518
108.503	518
108.553	518
108.603	511
108.653	491
108.704	485
108.754	467
108.804	446
108.854	430
108.905	412
108.956	396
109.006	384
109.056	370
109.106	368
109.156	367
109.206	364
109.257	377
109.307	390
109.357	402
109.407	421
109.457	432
109.507	457
109.558	474
109.608	488
109.658	503
109.708	500
109.758	518
109.810	519
109.860	502
109.910	507
109.960	494
110.010	477
110.060	462
110.111	440
110.161	423
110.211	407
110.261	386
110.311	381
110.361	373
110.412	364
110.462	369
110.512	379
110.562	382
110.612	395
110.663	403
110.714	427
110.764	445
110.814	460
110.864	479
110.914	483
110.965	506
111.015	514
111.065	508
111.115	516
111.165	511
111.216	500
111.266	487
111.316	467
111.366	455
111.416	437
111.466	416
111.517	402
111.568	388
111.618	374
111.668	371
111.718	377
111.768	373
111.819	376
111.869	380
111.919	399
111.969	415
112.019	431
112.070	451
112.120	459
112.170	485
112.220	498
112.270	497
112.320	514
112.371	515
112.421	511
112.472	507
112.522	487
112.572	483
112.622	466
112.673	443
112.723	431
112.773	414
112.823	396
112.873	387
112.924	372
112.974	372
113.024	370
113.074	368
113.124	379
113.174	393
113.225	403
113.275	423
113.325	430
113.376	457
113.426	475
113.477	481
113.527	501
113.577	507
113.627	514
113.677	516
113.727	496
113.778	505
113.828	492
113.878	471
113.928	460
113.978	441
114.028	424
114.079	409
114.129	388
114.179	382
114.229	374
114.280	366
114.331	372
114.381	376
114.431	384
114.481	396
114.531	404
114.581	427
114.632	445
114.682	457
114.732	479
114.782	491
114.832	504
114.882	510
114.933	503
114.983	513
115.033	509
115.083	493
115.133	485
115.185	468
115.235	454
115.285	437
115.335	412
115.385	403
115.435	390
115.486	374
115.536	375
115.586	371
115.636	372
115.686	378
115.736	380
115.787	403
115.837	416
115.887	431
115.937	451
115.987	466
116.038	484
116.089	497
116.139	496
116.189	513
116.239	513
116.289	508
116.340	504
116.390	491
116.440	481
116.490	465
116.540	440
116.590	429
116.641	412
116.691	396
116.741	387
116.791	383
116.841	372
116.892	372
116.942	369
116.993	383
117.043	395
117.093	404
117.143	424
117.194	437
117.244	459
117.294	475
117.344	482
117.394	500
117.445	509
117.495	510
117.545	511
117.595	494
117.645	500
117.695	489
117.746	467
117.796	457
117.846	439
117.897	422
117.947	407
117.997	398
118.048	383
118.098	376
118.148	368
118.198	373
118.248	377
118.299	384
118.349	399
118.399	407
118.449	430
118.499	448
118.549	457
118.600	481
118.650	492
118.700	500
118.750	510
118.801	501
118.851	513
118.902	506
118.952	489
119.002	483
119.052	468
119.102	449
119.153	434
119.203	410
119.253	403
119.303	389
119.353	374
119.403	374
119.454	372
119.504	372
119.554	382
119.604	384
119.654	404
119.705	420
119.756	431
119.806	454
119.856	468
119.906	487
119.956	498
120.007	496
120.057	512
120.107	513
120.157	504
120.207	503
120.257	491
120.308	479
120.358	462
120.408	436
120.458	427
120.508	411
120.558	392
120.610	386
120.660	378
120.710	370
120.760	373
120.810	371
120.861	384
120.911	397
120.961	403
121.011	424
121.061	442
121.111	460
121.162	477
121.212	480
121.262	503
121.312	509
121.362	508
121.413	514
121.463	506
121.514	500
121.564	488
121.614	463
121.664	457
121.715	438
121.765	417
121.815	406
121.865	393
121.915	382
121.965	375
122.016	368
122.066	372
122.116	378
122.166	384
122.216	400
122.267	415
122.317	433
122.368	448
122.418	456
122.468	483
122.518	495
122.569	500
122.619	512
122.669	511
122.719	514
122.769	504
122.819	486
122.870	483
122.920	468
122.970	446
123.020	431
123.070	415
123.121	400
123.171	387
123.221	373
123.272	373
123.322	372
123.372	370
123.423	382
123.473	393
123.523	405
123.573	421
123.623	431
123.673	455
123.724	471
123.774	483
123.824	499
123.874	504
123.924	513
123.975	514
124.025	500
124.075	503
124.125	491
124.176	474
124.226	461
124.277	441
124.327	426
124.377	410
124.427	390
124.477	384
124.528	377
124.578	368
124.628	373
124.678	383
124.728	385
124.778	397
124.829	406
124.879	425
124.929	445
124.979	460
125.029	479
125.080	481
125.131	502
125.181	511
125.231	504
125.281	514
125.331	505
125.382	498
125.432	487
125.482	463
125.532	454
125.582	437
125.632	414
125.683	404
125.733	391
125.783	374
125.833	374
125.883	367
125.933	373
125.985	378
126.035	384
126.085	402
126.135	418
126.185	432
126.236	450
126.286	457
126.336	486
126.386	496
126.436	499
126.486	512
126.537	511
126.587	513
126.637	505
126.687	483
126.737	482
126.787	465
126.838	444
126.889	432
126.939	415
126.989	398
127.039	388
127.090	373
127.140	370
127.190	371
127.240	370
127.290	381
127.340	392
127.391	406
127.441	422
127.491	431
127.541	457
127.591	474
127.641	482
127.692	500
127.742	506
127.793	513
127.843	513
127.893	497
127.944	503
127.994	491
128.044	468
128.094	460
128.144	442
128.194	426
128.245	408
128.295	388
128.345	383
128.395	375
128.445	368
128.496	373
128.546	377
128.596	386
128.646	398
128.697	408
128.747	428
128.798	447
128.848	458
128.898	480
128.948	489
128.998	503
129.048	511
129.099	501
129.149	512
129.199	506
129.249	495
129.299	485
129.350	467
129.400	453
129.450	436
129.500	412
129.550	404
129.601	390
129.652	377
129.702	375
129.752	375
129.802	375
129.852	380
129.902	385
129.953	405
130.003	419
130.053	432
130.103	453
130.153	468
130.204	484
130.254	498
130.304	495
130.354	510
130.404	513
130.454	506
130.506	504
130.556	487
130.606	478
130.656	462
130.706	438
130.757	429
130.807	415
130.857	397
130.907	387
130.957	383
131.007	374
131.058	375
131.108	372
131.158	384
131.208	397
131.258	407
131.308	426
131.359	439
131.410	459
131.460	476
131.510	480
131.560	499
131.611	505
131.661	510
131.711	511
131.761	493
131.811	499
131.861	486
131.912	465
131.962	455
132.012	438
132.062	420
132.112	407
132.162	391
132.213	385
132.263	377
132.314	372
132.364	375
132.414	380
132.465	388
132.515	401
132.565	415
132.615	432
132.665	449
132.715	460
132.766	480
132.816	493
132.866	499
132.916	506
132.966	496
133.016	509
133.067	502
133.117	485
133.168	480
133.218	464
133.268	444
133.319	432
133.369	409
133.419	402
133.469	391
133.519	376
133.569	377
133.620	377
133.670	378
133.720	385
133.770	390
133.820	410
133.870	425
133.921	434
133.971	456
134.021	470
134.072	485
134.122	497
134.173	492
134.223	509
134.273	508
134.323	499
134.373	498
134.423	486
134.474	473
134.524	457
134.574	429
134.624	425
134.674	412
134.725	392
134.775	388
134.825	382
134.875	376
134.925	379
134.976	377
135.027	391
135.077	402
135.127	411
135.177	431
135.227	447
135.277	462
135.328	477
135.378	478
135.428	498
135.478	504
135.528	501
135.579	506
135.629	497
135.679	491
135.729	480
135.779	456
135.829	449
135.881	433
135.931	416
135.981	405
136.031	395
136.081	388
136.131	382
136.182	375
136.232	382
136.282	390
136.332	396
136.382	410
136.433	423
136.483	439
136.533	454
136.583	461
136.633	483
136.683	492
136.734	496
136.785	504
136.835	500
136.885	501
136.935	493
136.985	474
137.036	470
137.086	456
137.136	436
137.186	426
137.236	411
137.287	401
137.337	392
137.387	378
137.437	382
137.487	384
137.537	384
137.588	394
137.638	405
137.689	418
137.739	434
137.789	440
137.840	463
137.890	476
137.940	481
137.990	496
138.040	498
138.090	503
138.141	500
138.191	486
138.241	487
138.291	476
138.341	459
138.391	447
138.442	431
138.492	419
138.542	407
138.593	390
138.643	389
138.694	385
138.744	380
138.794	388
138.844	396
138.894	402
138.944	413
138.995	420
139.045	441
139.095	457
139.145	467
139.195	480
139.245	479
139.296	497
139.346	500
139.396	493
139.446	496
139.497	488
139.548	477
139.598	467
139.648	447
139.698	439
139.748	425
139.798	407
139.849	403
139.899	393
139.949	380
139.999	386
140.049	381
140.099	392
140.150	399
140.200	404
140.250	422
140.300	435
140.350	448
140.402	463
140.452	464
140.502	486
140.552	493
140.602	490
140.652	499
140.703	495
140.753	491
140.803	482
140.853	460
140.903	459
140.953	444
141.004	426
141.054	417
141.104	407
141.154	396
141.204	391
141.255	380
141.306	388
141.356	390
141.406	392
141.456	407
141.506	417
141.557	428
141.607	445
141.657	448
141.707	469
141.757	481
141.808	484
141.858	495
141.908	495
141.958	496
142.008	492
142.058	472
142.109	475
142.160	463
142.210	445
142.260	436
142.310	423
142.360	410
142.411	400
142.461	388
142.511	390
142.561	389
142.611	384
142.662	395
142.712	403
142.762	415
142.812	426
142.862	432
142.912	453
142.963	465
143.013	472
143.064	486
143.114	490
143.164	496
143.214	496
143.265	482
143.315	487
143.365	476
143.415	463
143.465	456
143.516	439
143.566	427
143.616	416
143.666	398
143.716	397
143.766	391
143.817	385
143.867	390
143.917	395
143.968	402
144.018	411
144.069	414
144.119	436
144.169	450
144.219	456
144.269	473
144.319	479
144.370	491
144.420	495
144.470	486
144.520	493
144.570	487
144.620	478
144.671	469
144.721	458
144.771	446
144.821	431
144.872	413
144.923	409
144.973	400
145.023	391
145.073	390
145.123	396
145.173	394
145.224	399
145.274	401
145.324	419
145.374	431
145.424	442
145.474	458
145.525	462
145.575	480
145.625	487
145.675	485
145.725	496
145.777	494
145.827	488
145.877	483
145.927	465
145.977	461
146.027	449
146.078	430
146.128	424
146.178	412
146.228	400
146.278	395
146.328	395
146.379	390
146.429	391
146.479	392
146.529	406
146.579	415
146.630	424
146.681	440
146.731	447
146.781	466
146.831	478
146.881	478
146.932	490
146.982	495
147.032	494
147.082	493
147.132	473
147.182	477
147.233	466
147.283	446
147.333	440
147.383	426
147.433	414
147.484	404
147.534	391
147.585	391
147.635	389
147.685	385
147.735	395
147.786	401
147.836	410
147.886	422
147.936	427
147.986	449
148.037	463
148.087	467
148.137	484
148.187	489
148.237	496
148.287	496
148.338	482
148.388	491
148.438	481
148.489	463
148.539	456
148.589	445
148.640	430
148.690	419
148.740	400
148.790	398
148.840	392
148.891	384
148.941	389
148.991	392
149.041	397
149.091	406
149.141	410
149.192	430
149.242	444
149.292	452
149.342	470
149.393	478
149.443	489
149.494	496
149.544	488
149.594	496
149.644	492
149.694	480
149.745	475
149.795	462
149.845	451
149.895	436
149.945	415
149.995	411
150.046	401
150.096	388
150.146	387
150.196	387
150.246	389
150.297	393
150.348	396
150.398	413
150.448	425
150.498	434
150.548	452
150.599	463
150.649	478
150.699	488
150.749	484
150.799	498
150.849	498
150.900	492
150.950	490
151.000	477
151.050	469
151.100	456
151.150	434
151.202	428
151.252	415
151.302	400
151.352	395
151.402	389
151.453	386
151.503	385
151.553	384
151.603	398
151.653	406
151.703	414
151.754	432
151.804	443
151.854	461
151.904	474
151.954	477
152.005	494
152.055	495
152.106	498
152.156	500
152.206	490
152.256	485
152.307	475
152.357	453
152.407	448
152.457	433
152.507	417
152.557	407
152.608	401
152.658	389
152.708	385
152.758	378
152.808	386
152.859	391
152.909	397
152.960	411
153.010	425
153.060	439
153.110	454
153.161	460
153.211	483
153.261	489
153.311	495
153.361	501
153.411	490
153.462	497
153.512	493
153.562	475
153.612	470
153.662	455
153.713	437
153.763	425
153.813	407
153.864	399
153.914	391
153.964	380
154.015	380
154.065	382
154.115	384
154.165	394
154.215	399
154.265	417
154.316	431
154.366	440
154.416	463
154.466	475
154.516	488
154.567	497
154.617	490
154.667	506
154.717	504
154.768	492
154.818	490
154.869	477
154.919	464
154.969	449
155.019	423
155.069	420
155.120	406
155.170	387
155.220	386
155.270	380
155.320	376
155.370	381
155.421	382
155.471	398
155.521	410
155.571	418
155.621	438
155.672	454
155.723	470
155.773	484
155.823	482
155.873	502
155.923	507
155.974	501
156.024	503
156.074	494
156.124	486
156.174	473
156.224	448
156.275	442
156.325	427
156.375	408
156.425	398
156.475	389
156.525	382
156.577	378
156.627	372
156.677	380
156.727	390
156.777	396
156.828	413
156.878	427
156.928	445
156.978	461
157.028	467
157.078	490
157.129	498
157.179	500
157.229	507
157.279	503
157.329	501
157.379	493
157.430	473
157.481	468
157.531	451
157.581	432
157.631	420
157.682	405
157.732	393
157.782	385
157.832	372
157.882	377
157.932	379
157.983	380
158.033	394
158.083	407
158.133	420
158.183	436
158.233	445
158.284	468
158.334	481
158.385	491
158.435	501
158.485	501
158.536	508
158.586	504
158.636	489
158.686	486
158.736	473
158.786	456
158.837	445
158.887	430
158.937	414
158.987	400
159.037	386
159.088	383
159.138	378
159.188	374
159.238	382
159.289	394
159.339	401
159.390	414
159.440	422
159.490	444
159.540	458
159.590	471
159.640	486
159.691	485
159.741	502
159.791	505
159.841	493
159.891	499
159.942	489
159.992	478
160.042	467
160.092	447
160.142	437
160.193	422
160.244	404
160.294	397
160.344	390
160.394	384
160.444	383
160.494	379
160.545	390
160.595	397
160.645	403
160.695	423
160.745	437
160.796	450
160.846	467
160.896	468
160.946	488
160.996	496
161.046	492
161.098	501
161.148	496
161.198	491
161.248	482
161.298	460
161.349	457
161.399	443
161.449	424
161.499	416
161.549	405
161.599	395
161.650	390
161.700	382
161.750	387
161.800	390
161.850	394
161.900	408
161.951	419
162.002	432
162.052	445
162.102	448
162.152	472
162.203	481
162.253	482
162.303	495
162.353	496
162.403	495
162.453	490
162.504	471
162.554	473
162.604	460
162.654	442
162.704	433
162.754	420
162.805	410
162.855	400
162.906	388
162.956	391
163.006	390
163.057	388
163.107	398
163.157	406
163.207	417
163.257	429
163.307	434
163.358	455
163.408	466
163.458	472
163.508	486
163.558	489
163.608	494
163.659	493
163.709	479
163.760	483
163.810	473
163.860	459
163.911	451
163.961	436
164.011	425
164.061	414
164.111	396
164.161	398
164.212	392
164.262	388
164.312	393
164.362	399
164.412	406
164.462	414
164.513	419
164.563	437
164.613	451
164.664	459
164.714	473
164.765	479
164.815	488
164.865	491
164.915	481
164.965	489
165.015	483
165.066	472
165.116	465
165.166	450
165.216	441
165.266	429
165.317	411
165.367	410
165.417	401
165.467	390
165.517	394
165.568	397
165.619	398
165.669	405
165.719	406
165.769	425
165.819	436
165.869	443
165.920	461
165.970	468
166.020	480
166.070	485
166.120	479
166.171	490
166.221	486
166.271	480
166.321	474
166.371	460
166.421	455
166.473	443
166.523	425
166.573	421
166.623	411
166.673	400
166.723	399
166.774	399
166.824	397
166.874	400
166.924	400
166.974	413
167.025	423
167.075	432
167.125	447
167.175	447
167.225	468
167.275	476
167.326	475
167.377	486
167.427	488
167.477	484
167.527	483
167.577	467
167.628	466
167.678	458
167.728	437
167.778	434
167.828	421
167.879	412
167.929	404
167.979	391
168.029	397
168.079	396
168.129	394
168.180	404
168.230	413
168.281	417
168.331	433
168.381	435
168.432	456
168.482	467
168.532	469
168.582	482
168.632	486
168.682	488
