#Creator: pendulumdriveEventBuffer
#Creation time: Thu Apr 11 16:06:28 2019
#Time	Pos
#[s]	[au]
0.049	456
0.100	480
0.150	493
0.200	494
0.251	505
0.301	503
0.351	504
0.401	497
0.451	477
0.502	476
0.552	460
0.602	438
0.652	430
0.702	416
0.752	402
0.803	393
0.853	380
0.903	381
0.953	380
1.004	381
1.054	392
1.105	402
1.155	414
1.205	428
1.255	435
1.305	457
1.356	470
1.406	479
1.456	492
1.506	493
1.556	500
1.606	500
1.657	486
1.707	488
1.757	476
1.807	462
1.857	453
1.909	437
1.959	425
2.009	412
2.059	396
2.109	394
2.159	390
2.210	384
2.260	389
2.310	411
2.360	403
2.410	413
2.460	417
2.511	436
2.561	450
2.611	459
2.661	473
2.711	475
2.763	489
2.813	492
2.863	483
2.913	491
2.963	483
3.013	474
3.064	466
3.114	451
3.164	443
3.214	432
3.264	414
3.314	410
3.365	403
3.415	394
3.465	396
3.515	399
3.565	401
3.616	405
3.667	409
3.717	423
3.767	432
3.817	443
3.867	455
3.918	458
3.968	474
4.018	479
4.068	474
4.118	484
4.168	483
4.219	475
4.269	472
4.319	457
4.369	455
4.419	446
4.470	427
4.521	427
4.571	418
4.621	408
4.671	409
4.721	406
4.772	406
4.822	408
4.872	406
4.922	418
4.972	427
5.022	430
5.073	443
5.123	449
5.173	458
5.223	465
5.274	460
5.325	472
5.375	472
5.425	468
5.475	469
5.525	463
5.575	458
5.626	453
5.676	434
5.726	438
5.776	429
5.826	419
5.877	422
5.927	417
5.977	416
6.027	416
6.077	411
6.128	423
6.179	426
6.229	426
6.279	438
6.329	443
6.379	448
6.429	455
6.480	454
6.530	462
6.580	464
6.630	453
6.680	461
6.731	458
6.781	451
6.831	452
6.881	466
6.932	440
6.982	438
7.033	425
7.083	430
7.133	429
7.183	424
7.233	427
7.283	427
7.334	430
7.384	433
7.434	428
7.484	440
7.534	445
7.585	444
7.635	450
7.685	450
7.735	453
7.786	454
7.836	446
7.887	452
7.937	449
7.987	443
8.037	444
8.087	455
8.137	438
8.188	435
8.238	425
8.288	432
8.338	432
8.388	430
8.439	434
8.489	435
8.539	438
8.589	441
8.639	436
8.690	448
8.741	451
8.791	450
8.841	453
8.891	447
8.941	455
8.992	451
9.042	443
9.092	447
9.142	443
9.192	437
9.242	436
9.293	423
9.343	431
9.393	429
9.443	420
9.493	428
9.543	430
9.595	429
9.645	435
9.695	431
9.745	443
9.795	447
9.846	445
9.896	455
9.946	458
9.996	460
10.046	463
10.096	452
10.147	461
10.197	457
10.247	447
10.297	448
10.347	442
10.397	436
10.448	432
10.499	418
10.549	423
10.599	421
10.649	412
10.700	418
10.750	420
10.800	423
10.850	426
10.900	425
10.950	440
11.001	445
11.051	448
11.101	459
11.151	462
11.201	470
11.251	472
11.302	461
11.352	471
11.403	470
11.453	458
11.503	457
11.554	449
11.604	442
11.654	434
11.704	418
11.754	420
11.804	415
11.855	405
11.905	409
11.955	408
12.005	410
12.055	416
12.105	416
12.156	429
12.206	438
12.257	442
12.307	455
12.357	462
12.408	470
12.458	475
12.508	466
12.558	480
12.608	480
12.658	471
12.709	471
12.759	461
12.809	454
12.859	445
12.909	423
12.960	424
13.010	417
13.060	404
13.110	404
13.161	401
13.211	400
13.262	403
13.312	400
13.362	415
13.412	422
13.462	428
13.512	445
13.563	453
13.613	466
13.663	474
13.713	470
13.763	486
13.814	488
13.864	484
13.914	485
13.964	477
14.014	470
14.065	459
14.116	438
14.166	437
14.216	425
14.266	411
14.316	405
14.366	399
14.417	393
14.467	393
14.517	389
14.567	398
14.617	408
14.668	413
14.718	427
14.768	436
14.818	451
14.868	463
14.918	466
14.970	485
15.020	490
15.070	491
15.120	495
15.170	487
15.221	486
15.271	478
15.321	460
15.371	455
15.421	442
15.471	424
15.522	416
15.572	408
15.622	397
15.672	391
15.722	384
15.772	387
15.823	393
15.874	396
15.924	407
15.974	419
16.024	432
16.075	445
16.125	452
16.175	472
16.225	481
16.275	489
16.325	497
16.376	487
16.426	497
16.476	492
16.526	477
16.576	475
16.626	461
16.677	448
16.727	435
16.778	415
16.828	410
16.878	399
16.929	385
16.979	386
17.029	385
17.079	384
17.129	393
17.179	395
17.230	411
17.280	424
17.330	432
17.380	454
17.430	465
17.480	478
17.531	490
17.581	482
17.631	501
17.682	501
17.732	490
17.783	490
17.833	480
17.883	468
17.933	456
17.983	432
18.033	427
18.084	414
18.134	396
18.184	392
18.234	387
18.284	384
18.334	385
18.385	382
18.435	396
18.485	405
18.535	413
18.586	432
18.637	446
18.687	460
18.737	475
18.787	474
18.837	495
18.887	500
18.938	495
18.988	501
19.038	492
19.088	487
19.138	476
19.189	453
19.239	448
19.289	433
19.339	413
19.389	407
19.439	398
19.491	388
19.541	385
19.591	377
19.641	386
19.691	392
19.741	396
19.792	413
19.842	425
19.892	439
19.942	455
19.992	457
20.043	481
20.093	490
20.143	491
20.193	501
20.243	497
20.293	497
20.344	489
20.395	469
20.445	468
20.495	454
20.545	436
20.595	426
20.646	413
20.696	403
20.746	394
20.796	381
20.846	385
20.897	387
20.947	385
20.997	397
21.047	408
21.097	421
21.147	435
21.198	440
21.248	463
21.299	474
21.349	480
21.399	493
21.449	493
21.500	496
21.550	496
21.600	480
21.650	481
21.700	470
21.751	458
21.801	445
21.851	431
21.901	420
21.951	408
22.001	394
22.052	394
22.102	391
22.153	385
22.203	393
22.253	399
22.304	408
22.354	419
22.404	422
22.454	443
22.504	456
22.554	464
22.605	477
22.655	476
22.705	489
22.755	490
22.805	484
22.855	487
22.906	479
22.956	468
23.006	461
23.057	445
23.107	436
23.158	425
23.208	409
23.258	407
23.308	400
23.358	394
23.408	396
23.459	399
23.509	402
23.559	411
23.609	411
23.659	430
23.709	441
23.760	448
23.810	463
23.860	463
23.910	479
23.961	484
24.012	478
24.062	485
24.112	481
24.162	476
24.212	469
24.262	451
24.313	450
24.363	439
24.413	425
24.463	419
24.513	411
24.563	402
24.614	403
24.664	397
24.714	405
24.764	408
24.814	408
24.866	421
24.916	431
24.966	438
25.016	449
25.066	447
25.116	466
25.167	474
25.217	469
25.267	478
25.317	476
25.367	476
25.417	471
25.468	454
25.518	457
25.568	448
25.618	435
25.668	431
25.719	423
25.770	417
25.820	414
25.870	404
25.920	411
25.970	413
26.021	409
26.071	420
26.121	426
26.171	433
26.221	442
26.272	441
26.322	456
26.372	461
26.422	462
26.472	470
26.522	470
26.573	471
26.623	467
26.674	452
26.724	459
26.774	452
26.824	440
26.875	440
26.925	432
26.975	427
27.025	423
27.075	414
27.126	419
27.176	418
27.226	418
27.276	425
27.326	428
27.376	433
27.427	440
27.477	435
27.527	451
27.578	455
27.628	454
27.678	461
27.729	461
27.779	462
27.829	461
27.879	448
27.929	454
27.980	449
28.030	439
28.080	439
28.130	435
28.180	432
28.230	428
28.281	418
28.331	425
28.381	426
28.431	424
28.482	431
28.533	433
28.583	437
28.633	441
28.683	439
28.733	449
28.783	454
28.834	452
28.884	457
28.934	465
28.984	456
29.034	454
29.084	444
29.135	448
29.185	444
29.235	437
29.285	437
29.335	432
29.387	431
29.437	429
29.487	421
29.537	428
29.587	430
29.637	430
29.688	435
29.738	437
29.788	444
29.838	449
29.888	444
29.938	453
29.989	457
30.039	456
30.089	457
30.139	447
30.189	455
30.240	452
30.291	438
30.341	442
30.391	437
30.441	432
30.491	431
30.542	426
30.592	426
30.642	426
30.692	420
30.742	428
30.792	431
30.843	432
30.893	439
30.943	435
30.993	448
31.043	453
31.094	451
31.144	461
31.195	462
31.245	460
31.295	464
31.345	454
31.396	456
31.446	452
31.496	440
31.546	442
31.596	434
31.646	429
31.697	427
31.747	414
31.797	420
31.847	418
31.897	414
31.948	421
31.998	424
32.049	428
32.099	435
32.149	431
32.199	447
32.250	454
32.300	455
32.350	465
32.400	467
32.450	469
32.501	470
32.551	457
32.601	465
32.651	459
32.701	448
32.751	446
32.802	438
32.852	430
32.902	424
32.953	411
33.003	414
33.053	412
33.104	406
33.154	412
33.204	415
33.254	421
33.304	427
33.355	427
33.405	444
33.455	452
33.505	451
33.555	467
33.605	470
33.656	478
33.706	477
33.756	467
33.806	476
33.857	469
33.907	456
33.958	454
34.008	445
34.058	437
34.108	427
34.158	412
34.209	412
34.259	408
34.309	400
34.359	403
34.409	406
34.459	410
34.510	416
34.560	417
34.610	432
34.660	443
34.710	448
34.761	463
34.812	468
34.862	478
34.912	482
34.962	473
35.012	484
35.063	480
35.113	472
35.163	466
35.213	456
35.263	449
35.313	438
35.364	419
35.414	418
35.464	408
35.514	400
35.564	399
35.614	399
35.666	400
35.716	404
35.766	403
35.816	420
35.866	429
35.917	438
35.967	452
36.017	459
36.067	472
36.117	480
36.167	476
36.218	488
36.268	488
36.318	482
36.368	480
36.418	466
36.469	463
36.519	451
36.570	433
36.620	428
36.670	417
36.720	405
36.771	401
36.821	401
36.871	395
36.921	395
36.971	394
37.021	408
37.072	415
37.122	422
37.172	437
37.222	445
37.272	460
37.323	470
37.373	472
37.423	487
37.474	488
37.524	489
37.574	489
37.625	476
37.675	475
37.725	465
37.775	446
37.825	443
37.875	430
37.926	417
37.976	410
38.026	395
38.076	397
38.126	395
38.177	390
38.227	398
38.277	404
38.327	410
38.378	423
38.428	426
38.479	447
38.529	458
38.579	464
38.629	478
38.679	483
38.729	489
38.780	489
38.830	475
38.880	484
38.930	477
38.980	458
39.031	458
39.081	444
39.131	432
39.181	424
39.231	406
39.282	405
39.333	400
39.383	390
39.433	397
39.483	400
39.533	404
39.584	412
39.634	414
39.684	434
39.734	444
39.784	450
39.834	466
39.885	473
39.935	481
39.985	485
40.035	476
40.085	486
40.135	481
40.187	468
40.237	466
40.287	456
40.337	446
40.387	435
40.438	418
40.488	416
40.538	410
40.588	400
40.638	401
40.688	401
40.739	405
40.789	408
40.839	408
40.889	425
40.939	434
40.989	437
41.040	453
41.091	461
41.141	470
41.191	477
41.241	470
41.292	480
41.342	479
41.392	470
41.442	471
41.492	461
41.542	455
41.593	446
41.643	429
41.693	429
41.743	422
41.793	410
41.843	412
41.894	409
41.944	409
41.995	411
42.045	410
42.095	421
42.146	428
42.196	432
42.246	444
42.296	449
42.346	460
42.396	463
42.447	461
42.497	471
42.547	472
42.597	467
42.647	468
42.697	461
42.748	457
42.798	451
42.849	435
42.899	438
42.949	430
43.000	421
43.050	421
43.100	435
43.150	417
43.200	418
43.250	414
43.301	424
43.351	429
43.401	432
43.451	440
43.501	443
43.552	452
43.602	456
43.652	453
43.702	462
43.753	462
43.803	460
43.854	461
43.904	452
43.954	454
44.004	448
44.054	437
44.104	440
44.155	434
44.205	427
44.255	430
44.305	425
44.355	425
44.406	427
44.456	420
44.506	430
44.556	433
44.606	435
44.657	441
44.708	445
44.758	450
44.808	453
44.858	448
44.908	456
44.958	456
45.009	454
45.059	453
45.109	443
45.159	448
45.209	444
45.260	434
45.310	437
45.360	433
45.410	428
45.460	430
45.510	422
45.562	431
45.612	432
45.662	428
45.712	439
45.762	439
45.813	442
45.863	449
45.913	442
45.963	453
46.013	457
46.063	449
46.114	455
46.164	454
46.214	453
46.264	449
46.314	434
46.364	440
46.415	437
46.466	429
46.516	431
46.566	427
46.616	424
46.667	427
46.717	420
46.767	431
46.817	434
46.867	432
46.917	441
46.968	445
47.018	450
47.068	455
47.118	449
47.168	460
47.218	461
47.269	456
47.319	461
47.370	456
47.420	454
47.470	450
47.521	433
47.571	437
47.621	433
47.671	424
47.721	424
47.771	421
47.822	420
47.872	419
47.922	414
47.972	423
48.022	428
48.072	430
48.123	440
48.173	445
48.223	451
48.274	458
48.324	454
48.375	465
48.425	470
48.475	466
48.525	468
48.575	463
48.625	461
48.676	455
48.726	440
48.776	441
48.826	433
48.876	423
48.926	421
48.977	415
49.027	413
49.077	412
49.127	404
49.178	416
49.229	420
49.279	422
49.329	433
49.379	438
49.429	450
49.479	457
49.530	456
49.580	470
49.630	473
49.680	475
49.730	478
49.781	482
49.831	473
49.881	466
49.931	450
49.981	450
50.031	439
50.083	429
50.133	422
50.183	417
50.233	409
50.283	406
50.333	400
50.384	405
50.434	407
50.484	410
50.534	421
50.584	428
50.635	439
50.685	449
50.735	451
50.785	467
50.835	474
50.885	479
50.936	484
50.987	475
51.037	484
51.087	478
51.137	462
51.187	463
51.238	454
51.288	441
51.338	431
51.388	422
51.438	413
51.489	406
51.539	395
51.589	398
51.639	400
51.689	396
51.739	406
51.790	409
51.840	423
51.891	435
51.941	438
51.991	457
52.041	467
52.092	477
52.142	485
52.192	479
52.242	491
52.292	489
52.343	478
52.393	479
52.443	469
52.493	457
52.543	447
52.593	426
52.644	423
52.694	412
52.745	396
52.795	396
52.845	393
52.896	388
52.946	394
52.996	391
53.046	407
53.096	418
53.146	422
53.197	442
53.247	453
53.297	466
53.347	479
53.397	475
53.447	493
53.498	495
53.548	489
53.598	493
53.649	485
53.699	478
53.750	467
53.800	444
53.850	439
53.900	426
53.950	408
54.000	403
54.051	395
54.101	388
54.151	386
54.201	381
54.251	392
54.301	399
54.352	404
54.402	421
54.452	434
54.502	448
54.553	462
54.604	464
54.654	487
54.704	494
54.754	492
54.804	501
54.854	498
54.905	492
54.955	485
55.005	464
55.055	463
55.105	447
55.155	427
55.206	418
55.256	404
55.306	396
55.356	388
55.406	377
55.458	383
55.508	385
55.558	386
55.608	400
55.658	411
55.708	424
55.759	439
55.809	446
55.859	470
55.909	483
55.959	488
56.009	500
56.060	499
56.110	504
56.160	500
56.210	482
56.260	482
56.311	470
56.362	452
56.412	441
56.462	424
56.512	411
56.562	399
56.613	381
56.663	384
56.713	381
56.763	378
56.813	387
56.864	395
56.914	405
56.964	419
57.014	426
57.064	447
57.114	464
57.165	474
57.215	489
57.266	504
57.316	503
57.366	506
57.416	494
57.467	499
57.517	488
57.567	474
57.617	464
57.667	445
57.718	433
57.768	418
57.818	399
57.868	394
57.918	386
57.968	377
58.019	380
58.069	383
58.119	389
58.170	399
58.220	404
58.270	425
58.321	439
58.371	454
58.421	471
58.471	472
58.521	493
58.572	500
58.622	497
58.672	504
58.722	498
58.772	494
58.822	483
58.873	461
58.923	456
58.973	440
59.023	418
59.074	411
59.125	400
59.175	389
59.225	385
59.275	376
59.325	382
59.375	387
59.426	389
59.476	407
59.526	418
59.576	432
59.626	448
59.676	452
59.727	476
59.777	487
59.827	487
59.877	500
59.927	501
59.979	500
60.029	494
60.079	475
60.129	474
60.179	462
60.229	443
60.280	432
60.330	419
60.380	406
60.430	398
60.480	384
60.530	388
60.581	386
60.631	384
60.681	394
60.731	404
60.781	414
60.832	428
60.883	432
60.933	457
60.983	468
61.033	474
61.083	489
61.134	492
61.184	497
61.234	497
61.284	482
61.334	486
61.384	476
61.435	460
61.485	452
61.535	438
61.585	427
61.635	415
61.686	396
61.736	397
61.787	392
61.837	385
61.887	393
61.937	396
61.988	404
62.038	414
62.088	419
62.138	436
62.188	450
62.238	458
62.289	473
62.339	479
62.389	488
62.439	491
62.489	481
62.540	490
62.590	484
62.641	470
62.691	466
62.741	455
62.791	443
62.842	431
62.892	412
62.942	412
62.992	404
63.042	394
63.093	398
63.143	398
63.193	401
63.243	407
63.293	408
63.343	425
63.394	435
63.444	443
63.494	457
63.545	465
63.595	474
63.645	480
63.696	475
63.746	486
63.796	483
63.846	475
63.896	472
63.947	461
63.997	454
64.047	444
64.097	428
64.147	425
64.197	418
64.248	408
64.298	405
64.348	407
64.398	405
64.449	409
64.499	407
64.550	419
64.600	427
64.650	433
64.700	445
64.750	451
64.801	462
64.851	469
64.901	466
64.951	478
65.001	478
65.051	474
65.102	473
65.152	461
65.202	459
65.252	452
65.302	436
65.353	436
65.404	426
65.454	418
65.504	415
65.554	415
65.604	410
65.655	412
65.705	408
65.755	418
65.805	424
65.855	429
65.905	439
65.956	439
66.006	454
66.056	461
66.106	459
66.156	468
66.206	469
66.258	468
66.308	470
66.358	455
66.408	460
66.458	454
66.509	441
66.559	440
66.609	433
66.659	425
66.709	423
66.759	412
66.810	418
66.860	417
66.910	412
66.960	422
67.010	426
67.061	432
67.111	438
67.162	434
67.212	450
67.262	456
67.312	454
67.363	465
67.413	464
67.463	465
67.513	464
67.563	452
67.613	457
67.664	453
67.714	441
67.764	442
67.814	436
67.864	429
67.915	427
67.965	416
68.015	421
68.066	422
68.116	417
68.166	426
68.217	427
68.267	433
68.317	439
68.367	436
68.417	451
68.467	455
68.518	454
68.568	462
68.618	462
68.668	463
68.718	462
68.769	450
68.819	456
68.869	450
68.919	438
68.970	438
69.020	434
69.071	430
69.121	426
69.171	414
69.221	422
69.271	422
69.321	420
69.372	427
69.422	427
69.472	437
69.522	440
69.572	439
69.623	452
69.673	457
69.723	456
69.773	464
69.823	461
69.874	463
69.925	462
69.975	451
70.025	455
70.075	450
70.125	440
70.176	438
70.226	431
70.276	428
70.326	424
70.376	414
70.426	420
70.477	420
70.527	417
70.577	424
70.627	443
70.677	435
70.727	442
70.779	438
70.829	453
70.879	457
70.929	459
70.979	467
71.030	482
71.080	469
71.130	466
71.180	454
71.230	458
71.280	451
71.331	441
71.381	439
71.431	431
71.481	425
71.531	421
71.581	412
71.632	415
71.683	415
71.733	414
71.783	421
71.833	425
71.884	432
71.934	438
71.984	438
72.034	453
72.084	458
72.134	463
72.185	469
72.235	463
72.285	474
72.335	471
72.385	462
72.435	462
72.486	457
72.536	448
72.587	442
72.637	431
72.687	428
72.738	420
72.788	408
72.838	413
72.888	409
72.938	408
72.988	414
73.039	413
73.089	425
73.139	432
73.189	435
73.239	450
73.289	455
73.340	463
73.390	471
73.441	463
73.491	477
73.541	477
73.592	468
73.642	471
73.692	464
73.742	457
73.792	448
73.842	431
73.893	431
73.943	422
73.993	409
74.043	411
74.093	408
74.144	405
74.194	408
74.244	401
74.294	415
74.345	423
74.395	424
74.446	441
74.496	450
74.546	460
74.596	468
74.646	461
74.696	479
74.747	480
74.797	475
74.847	480
74.897	474
74.947	468
74.998	460
75.048	440
75.098	440
75.148	430
75.198	416
75.249	413
75.300	406
75.350	403
75.400	402
75.450	396
75.500	406
75.550	412
75.601	416
75.651	430
75.701	438
75.751	451
75.801	462
75.852	461
75.902	477
75.952	483
76.002	479
76.052	487
76.102	482
76.154	479
76.204	471
76.254	453
76.304	452
76.354	442
76.405	424
76.455	420
76.505	411
76.555	404
76.605	399
76.655	390
76.706	398
76.756	401
76.806	404
76.856	416
76.906	425
76.956	437
77.007	449
77.058	452
77.108	470
77.158	478
77.208	481
77.259	490
77.309	486
77.359	488
77.409	483
77.459	467
77.509	467
77.560	455
77.610	440
77.660	432
77.710	420
77.760	411
77.810	403
77.861	392
77.911	397
77.962	395
78.012	392
78.062	406
78.113	414
78.163	424
78.213	434
78.263	441
78.313	459
78.363	467
78.414	475
78.464	485
78.514	480
78.564	492
78.614	490
78.664	478
78.715	479
78.765	470
78.815	456
78.866	445
78.916	431
78.967	422
79.017	412
79.067	398
79.117	396
79.167	393
79.217	392
79.268	397
79.318	399
79.368	409
79.418	420
79.468	425
79.518	443
79.569	456
79.619	465
79.669	477
79.719	475
79.770	491
79.821	493
79.871	481
79.921	487
79.971	479
80.021	470
80.071	462
80.122	441
80.172	437
80.222	424
80.272	408
80.322	405
80.373	398
80.423	392
80.473	393
80.523	389
80.573	400
80.623	406
80.675	410
80.725	428
80.775	440
80.825	451
80.875	466
80.925	464
80.976	483
81.026	489
81.076	486
81.126	493
81.176	488
81.227	484
81.277	476
81.327	457
81.377	453
81.427	440
81.477	425
81.528	416
81.579	407
81.629	397
81.679	395
81.729	386
81.779	393
81.830	398
81.880	398
81.930	414
81.980	424
82.030	436
82.081	449
82.131	452
82.181	474
82.231	482
82.281	484
82.331	493
82.382	491
82.432	492
82.483	486
82.533	469
82.583	470
82.633	455
82.684	437
82.734	430
82.784	419
82.834	409
82.884	399
82.935	388
82.985	393
83.035	392
83.085	392
83.135	403
83.185	410
83.236	420
83.286	433
83.337	435
83.387	459
83.437	472
83.488	474
83.538	487
83.588	491
83.638	495
83.688	493
83.738	478
83.789	482
83.839	471
83.889	456
83.939	448
83.989	434
84.039	423
84.090	411
84.140	396
84.190	395
84.241	391
84.291	385
84.342	393
84.392	398
84.442	407
84.492	417
84.542	423
84.592	443
84.643	454
84.693	465
84.743	479
84.793	482
84.843	492
84.893	496
84.944	486
84.994	493
85.044	485
85.094	473
85.145	466
85.196	451
85.246	438
85.296	426
85.346	408
85.396	404
85.446	396
85.497	387
85.547	389
85.597	395
85.647	394
85.697	403
85.747	406
85.798	424
85.848	436
85.898	448
85.948	464
85.998	468
86.050	487
86.100	493
86.150	487
86.200	498
86.250	495
86.300	487
86.351	482
86.401	465
86.451	459
86.501	444
86.551	424
86.601	419
86.652	407
86.702	394
86.752	390
86.802	383
86.852	388
86.903	391
86.954	393
87.004	407
87.054	418
87.104	430
87.154	445
87.205	449
87.255	472
87.305	483
87.355	482
87.405	498
87.456	499
87.506	499
87.556	495
87.606	473
87.656	477
87.706	464
87.757	444
87.807	436
87.858	423
87.908	410
87.958	400
88.008	386
88.059	386
88.109	385
88.159	384
88.209	392
88.259	401
88.310	412
88.360	424
88.410	429
88.460	454
88.510	467
88.560	472
88.611	489
88.661	496
88.711	503
88.762	502
88.812	487
88.862	493
88.913	483
88.963	466
89.013	457
89.063	441
89.113	428
89.164	414
89.214	395
89.264	393
89.314	386
89.364	380
89.414	384
89.465	387
89.515	395
89.565	405
89.615	410
89.666	431
89.717	447
89.767	456
89.817	475
89.867	483
89.917	496
89.967	501
90.018	494
90.068	503
90.118	497
90.168	485
90.218	480
90.268	464
90.319	449
90.369	436
90.419	412
90.469	407
90.519	395
90.571	384
90.621	382
90.671	380
90.721	383
90.771	388
90.821	390
90.872	409
90.922	423
90.972	434
91.022	454
91.072	466
91.122	482
91.173	493
91.223	491
91.273	506
91.323	505
91.373	499
91.424	496
91.475	482
91.525	473
91.575	459
91.625	433
91.675	429
91.726	414
91.776	396
91.826	391
91.876	383
91.926	379
91.976	380
92.027	379
92.077	392
92.127	402
92.177	412
92.227	429
92.278	441
92.328	462
92.379	474
92.429	479
92.479	496
92.529	504
92.580	503
92.630	507
92.680	504
92.730	493
92.780	481
92.830	458
92.881	453
92.931	436
92.981	418
93.031	407
93.081	399
93.132	387
93.182	381
93.233	374
93.283	381
93.333	386
93.383	392
93.434	408
93.484	422
93.534	437
93.584	452
93.634	459
93.685	482
93.735	491
93.785	498
93.835	505
93.885	494
93.935	504
93.986	498
94.036	480
94.086	475
94.137	459
94.187	442
94.237	431
94.288	411
94.338	402
94.388	391
94.438	380
94.488	380
94.539	381
94.589	380
94.639	392
94.689	394
94.739	414
94.789	429
94.840	438
94.890	459
94.940	472
94.990	485
95.041	494
95.091	489
95.142	505
95.192	503
95.242	494
95.292	491
95.342	479
95.393	466
95.443	452
95.493	428
95.543	423
95.593	409
95.643	392
95.694	388
95.744	385
95.794	381
95.844	385
95.894	384
95.945	397
95.996	411
96.046	417
96.096	438
96.146	452
96.196	465
96.247	479
96.297	478
96.347	496
96.397	500
96.447	494
96.497	498
96.548	490
96.598	483
96.648	470
96.698	447
96.748	443
96.798	428
96.850	412
96.900	406
96.950	395
97.000	390
97.050	387
97.101	380
97.151	392
97.201	397
97.251	402
97.301	419
97.351	431
97.402	446
97.452	459
97.502	462
97.552	484
97.602	489
97.653	490
97.703	495
97.754	492
97.804	493
97.854	483
97.904	464
97.955	461
98.005	447
98.055	431
98.105	421
98.155	411
98.205	402
98.256	395
98.306	385
98.356	390
98.406	393
98.456	394
98.507	405
98.557	415
98.607	429
98.658	441
98.708	445
98.758	466
98.809	476
98.859	483
98.909	489
98.959	488
99.009	493
99.059	488
99.110	474
99.160	474
99.210	462
99.260	448
99.310	439
99.361	428
99.411	417
99.461	407
99.511	393
99.562	395
99.612	394
99.663	392
99.713	401
99.763	409
99.813	416
99.863	428
99.913	431
99.964	449
100.014	460
100.064	469
100.114	479
100.164	475
100.215	488
100.265	488
100.315	478
100.365	480
100.415	472
100.466	461
100.517	453
100.567	438
100.617	430
100.667	419
100.717	406
100.768	407
100.818	400
100.868	400
100.918	400
100.968	397
101.018	411
101.069	419
101.119	423
101.169	439
101.219	448
101.269	458
101.319	467
101.371	461
101.421	480
101.471	483
101.521	475
101.571	481
101.622	475
101.672	469
101.722	461
101.772	440
101.822	442
101.872	432
101.923	418
101.973	416
102.023	410
102.073	406
102.123	405
102.173	398
102.224	410
102.275	416
102.325	416
102.375	430
102.425	438
102.476	448
102.526	456
102.576	452
102.626	469
102.676	476
102.726	473
102.777	476
102.827	473
102.877	472
102.927	465
102.977	448
103.027	449
103.078	441
103.128	428
103.179	425
103.229	418
103.279	413
103.330	413
103.380	403
103.430	413
103.480	416
103.530	416
103.580	428
103.631	434
103.681	443
103.731	450
103.781	448
103.831	463
103.881	468
103.932	464
103.982	472
104.033	469
104.083	468
104.133	464
104.184	448
104.234	452
104.284	444
104.334	433
104.384	431
104.434	424
104.485	421
104.535	417
104.585	409
104.635	417
104.685	418
104.736	416
104.786	427
104.836	431
104.886	439
104.937	446
104.987	443
105.038	457
105.088	464
105.138	463
105.188	470
105.238	467
105.288	466
105.339	463
105.389	450
105.439	452
105.489	446
105.539	436
105.590	433
105.640	427
105.690	423
105.740	420
105.790	411
105.841	418
105.892	420
105.942	420
105.992	428
106.042	431
106.092	439
106.142	446
106.193	444
106.243	457
106.293	461
106.343	462
106.393	468
106.444	463
106.494	467
106.544	463
106.594	451
106.644	455
106.694	447
106.746	436
106.796	433
106.846	427
106.896	423
106.946	421
106.997	408
107.047	416
107.097	418
107.147	418
107.197	425
107.247	430
107.298	438
107.348	444
107.398	445
107.448	458
107.498	462
107.548	466
107.599	470
107.650	463
107.700	469
107.750	466
107.800	455
107.851	456
107.901	449
107.951	440
108.001	435
108.051	423
108.101	423
108.152	417
108.202	408
108.252	414
108.302	415
108.352	413
108.402	421
108.453	416
108.503	434
108.554	442
108.604	442
108.654	458
108.705	462
108.755	467
108.805	472
108.855	463
108.905	474
108.955	471
109.006	462
109.056	464
109.106	455
109.156	448
109.206	439
109.256	423
109.307	424
109.357	417
109.407	408
109.458	409
109.508	409
109.559	409
109.609	415
109.659	412
109.709	426
109.759	434
109.809	438
109.860	451
109.910	459
109.960	468
110.010	474
110.060	466
110.110	480
110.161	478
110.211	472
110.261	471
110.311	465
110.362	456
110.413	449
110.463	430
110.513	428
110.563	420
110.613	407
110.663	408
110.714	404
110.764	403
110.814	405
110.864	401
110.914	414
110.965	422
111.015	427
111.065	442
111.115	450
111.165	462
111.215	471
111.267	468
111.317	484
111.367	485
111.417	481
111.467	483
111.517	475
111.568	472
111.618	461
111.668	443
111.718	439
111.768	428
111.819	414
111.869	410
111.919	403
111.969	398
112.019	396
112.069	392
112.120	404
112.171	408
112.221	412
112.271	427
112.321	438
112.371	450
112.422	461
112.472	461
112.522	482
112.572	485
112.622	486
112.673	491
112.723	484
112.773	484
112.823	476
112.873	456
112.923	455
112.974	443
113.024	428
113.075	420
113.125	410
113.175	402
113.225	397
113.276	388
113.326	393
113.376	397
113.426	400
113.476	411
113.527	423
113.577	434
113.627	447
113.677	452
113.727	470
113.777	480
113.828	484
113.878	494
113.929	483
113.979	492
114.029	488
114.080	473
114.130	472
114.180	460
114.230	445
114.280	434
114.330	422
114.381	410
114.431	404
114.481	389
114.531	391
114.581	390
114.631	388
114.682	399
114.732	407
114.782	417
114.833	429
114.883	435
114.934	456
114.984	467
115.034	476
115.084	487
115.134	479
115.184	496
115.235	495
115.285	485
115.335	484
115.385	476
115.435	463
115.485	452
115.536	429
115.586	425
115.636	414
115.686	399
115.737	397
115.788	392
115.838	385
115.888	391
115.938	392
115.988	403
116.038	413
116.089	418
116.139	438
116.189	451
116.239	463
116.289	476
116.339	472
116.390	491
116.440	493
116.490	488
116.540	492
116.590	485
116.642	478
116.692	468
116.742	446
116.792	443
116.842	430
116.892	412
116.943	409
116.993	401
117.043	394
117.093	393
117.143	387
117.193	396
117.244	403
117.294	406
117.344	423
117.394	434
117.444	450
117.495	459
117.546	460
117.596	479
117.646	487
117.696	484
117.746	492
117.797	489
117.847	487
117.897	477
117.947	459
117.997	459
118.048	446
118.098	428
118.148	423
118.198	411
118.248	405
118.298	400
118.349	390
118.399	396
118.450	398
118.500	400
118.550	412
118.600	422
118.651	432
118.701	445
118.751	447
118.801	467
118.851	477
118.902	480
118.952	488
119.002	484
119.052	487
119.102	484
119.152	466
119.203	469
119.253	458
119.303	446
119.354	435
119.404	425
119.454	416
119.505	409
119.555	397
119.605	401
119.655	399
119.705	398
119.756	407
119.806	413
119.856	422
119.906	432
119.956	438
120.006	453
120.057	463
120.107	469
120.157	479
120.207	474
120.258	485
120.309	484
120.359	472
120.409	475
120.459	467
120.509	455
120.559	447
120.610	445
120.660	428
120.710	418
120.760	406
120.810	407
120.860	403
120.911	398
120.961	404
121.011	411
121.061	415
121.111	425
121.163	428
121.213	444
121.263	453
121.313	461
121.363	470
121.413	468
121.464	481
121.514	480
121.564	475
121.614	478
121.664	471
121.714	464
121.765	457
121.815	437
121.865	437
121.915	427
121.965	412
122.016	411
122.067	407
122.117	401
122.167	405
122.217	401
122.267	411
122.318	417
122.368	416
122.418	435
122.468	444
122.518	453
122.568	464
122.619	461
122.669	477
122.719	480
122.769	475
122.819	483
122.870	476
122.920	471
122.971	465
123.021	444
123.071	447
123.121	435
123.172	420
123.222	417
123.272	411
123.322	402
123.372	402
123.422	397
123.473	405
123.523	409
123.573	410
123.623	423
123.673	434
123.724	443
123.774	456
123.825	454
123.875	473
123.925	480
123.975	477
124.026	485
124.076	483
124.126	480
124.176	475
124.226	458
124.277	457
124.327	445
124.377	430
124.427	425
124.477	416
124.527	408
124.578	402
124.628	393
124.678	399
124.729	401
124.779	402
124.829	414
124.880	422
124.930	432
124.980	444
125.030	446
125.080	466
125.131	474
125.181	477
125.231	486
125.281	486
125.331	489
125.381	484
125.432	470
125.482	471
125.532	459
125.582	445
125.633	438
125.683	426
125.734	416
125.784	407
125.834	395
125.884	397
125.934	397
125.985	394
126.035	403
126.085	410
126.135	419
126.185	430
126.235	432
126.286	452
126.336	464
126.386	469
126.436	483
126.486	485
126.537	491
126.588	488
126.638	477
126.688	482
126.738	474
126.788	460
126.839	452
126.889	438
126.939	429
126.989	416
127.039	402
127.089	400
127.140	397
127.190	389
127.240	395
127.290	404
127.340	406
127.390	416
127.442	420
127.492	438
127.542	451
127.592	460
127.642	473
127.693	474
127.743	489
127.793	493
127.843	485
127.893	491
127.943	485
127.994	475
128.044	468
128.094	447
128.144	443
128.194	430
128.245	412
128.295	408
128.346	400
128.396	392
128.446	392
128.496	395
128.547	396
128.597	401
128.647	405
128.697	421
128.747	431
128.797	443
128.848	460
128.898	459
128.948	480
128.998	488
129.048	487
129.099	496
129.149	494
129.199	489
129.250	482
129.300	463
129.350	460
129.401	448
129.451	429
129.501	422
129.551	410
129.601	398
129.651	394
129.702	383
129.752	389
129.802	392
129.852	392
129.902	405
129.953	415
130.003	427
130.053	442
130.103	445
130.154	468
130.204	479
130.255	482
130.305	495
130.355	497
130.405	498
130.455	494
130.505	478
130.556	478
130.606	467
130.656	449
130.706	441
130.756	427
130.807	413
130.857	402
130.907	389
130.957	388
131.007	386
131.058	384
131.109	392
131.159	400
131.209	408
131.259	423
131.309	426
131.360	450
131.410	464
131.460	471
131.510	487
131.560	491
131.610	499
131.661	501
131.711	488
131.761	494
131.811	483
131.861	469
131.911	459
131.963	445
132.013	431
132.063	419
132.113	401
132.163	396
132.214	391
132.264	380
132.314	388
132.364	391
132.414	396
132.464	405
132.515	409
132.565	430
132.615	443
132.665	452
132.715	471
132.765	479
132.816	490
132.867	497
132.917	489
132.967	498
133.017	494
133.068	486
133.118	477
133.168	463
133.218	450
133.268	440
133.318	417
133.369	413
133.419	402
133.469	392
133.519	390
133.569	390
133.619	390
133.670	396
133.720	397
133.771	414
133.821	425
133.871	436
133.922	452
133.972	462
134.022	476
134.072	485
134.122	483
134.172	495
134.223	494
134.273	490
134.323	487
134.373	469
134.423	467
134.473	454
134.524	434
134.574	430
134.625	417
134.675	406
134.725	402
134.776	401
134.826	394
134.876	392
134.926	395
134.976	405
135.026	413
135.077	421
135.127	435
135.177	442
135.227	459
135.277	470
135.328	470
135.378	485
135.428	489
135.478	488
135.529	488
135.579	475
135.630	477
135.680	467
135.730	448
135.780	445
135.830	434
135.880	422
135.931	415
135.981	403
136.031	401
136.081	400
136.131	394
136.182	403
136.232	407
136.282	412
136.332	425
136.382	425
136.433	444
136.484	454
136.534	456
136.584	472
136.634	478
136.684	480
136.734	482
136.785	467
136.835	476
136.885	473
136.935	457
136.985	458
137.036	446
137.086	435
137.136	427
137.186	411
137.236	414
137.286	409
137.338	402
137.388	408
137.438	410
137.488	413
137.538	420
137.589	420
137.639	435
137.689	445
137.739	448
137.789	461
137.839	466
137.890	471
137.940	474
137.990	466
138.040	474
138.090	472
138.140	459
138.191	460
138.242	451
138.292	445
138.342	436
138.392	422
138.443	424
138.493	420
138.543	412
138.593	415
138.643	415
138.693	417
138.744	422
138.794	420
138.844	433
138.894	439
138.944	441
138.994	453
139.045	457
139.095	461
139.146	468
139.196	458
139.246	467
139.297	465
139.347	458
139.397	458
139.447	451
139.497	446
139.547	440
139.598	424
139.648	429
139.698	425
139.748	420
139.798	422
139.848	421
139.899	424
139.949	426
139.999	422
140.050	436
140.100	441
140.151	442
140.201	450
140.251	453
140.301	459
140.351	462
140.401	455
140.452	462
140.502	461
140.552	454
140.602	454
140.652	447
140.702	446
140.753	441
140.803	426
140.853	431
140.903	426
140.954	420
141.005	424
141.055	447
141.105	428
141.155	431
141.205	427
141.255	439
141.306	443
141.356	446
141.406	453
141.456	453
141.506	462
141.557	463
141.607	456
141.657	463
141.707	459
141.757	454
141.807	452
141.859	443
141.909	441
141.959	435
142.009	426
142.059	427
142.109	423
142.160	418
142.210	420
142.260	415
142.310	423
142.360	428
142.411	425
142.461	439
142.511	445
142.561	448
142.611	457
142.661	449
142.712	465
142.763	469
142.813	460
142.863	468
142.913	464
142.963	460
143.014	455
143.064	443
143.114	443
143.164	436
143.214	424
143.265	424
143.315	419
143.365	414
143.415	414
143.465	407
143.515	416
143.566	420
143.616	421
143.667	432
143.717	440
143.767	445
143.817	456
143.868	453
143.918	470
143.968	473
144.018	469
144.068	477
144.119	474
144.169	472
144.219	467
144.269	451
144.319	454
144.369	444
144.420	429
144.470	426
144.521	418
144.571	410
144.621	407
144.672	397
144.722	404
144.772	405
144.822	408
144.872	421
144.922	426
144.973	435
145.023	446
145.073	447
145.123	466
145.173	474
145.223	475
145.274	484
145.324	484
145.374	485
145.425	481
145.475	463
145.526	467
145.576	456
145.626	440
145.676	436
145.726	425
145.776	414
145.827	406
145.877	393
145.927	399
145.977	398
146.027	395
146.077	402
146.128	410
146.178	420
146.228	431
146.278	436
146.329	454
146.380	465
146.430	470
146.480	484
146.530	488
146.580	494
146.630	492
146.681	481
146.731	484
146.781	475
146.831	461
146.881	454
146.931	440
146.982	427
147.032	416
147.082	399
147.132	397
147.182	392
147.234	384
147.284	390
147.334	394
147.384	400
147.434	409
147.484	414
147.535	434
147.585	448
147.635	458
147.685	475
147.735	481
147.785	493
147.836	499
147.886	490
147.936	499
147.986	494
148.036	484
148.087	476
148.138	461
148.188	450
148.238	435
148.288	416
148.338	407
148.389	398
148.439	384
148.489	382
148.539	389
148.589	385
148.640	391
148.690	394
148.740	411
148.790	423
148.840	434
148.890	455
148.941	463
148.991	483
149.042	492
149.092	491
149.142	506
149.192	505
149.243	501
149.293	497
149.343	478
149.393	475
149.443	460
149.494	437
149.544	429
149.594	414
149.644	398
149.694	390
149.744	379
149.795	378
149.845	378
149.895	376
149.946	389
149.996	399
150.046	412
150.097	430
150.147	435
150.197	459
150.247	475
150.297	482
150.348	497
150.398	504
150.448	508
150.498	510
150.548	491
150.598	497
150.649	484
150.699	461
150.749	455
150.799	438
150.850	422
150.901	408
150.951	388
151.001	386
151.051	380
151.101	372
151.151	378
151.202	383
151.252	392
151.302	406
151.352	412
151.402	435
151.452	451
151.503	461
151.553	481
151.603	492
151.653	502
151.703	507
151.755	496
151.805	508
151.855	501
151.905	485
151.955	479
152.005	462
152.056	448
152.106	431
152.156	410
152.206	402
152.256	392
152.306	379
152.357	379
152.407	378
152.457	381
152.507	389
152.557	390
152.608	411
152.659	425
152.709	436
152.759	459
152.809	470
152.859	485
152.910	496
152.960	492
153.010	507
153.060	506
153.110	496
153.160	494
153.211	480
153.261	470
153.311	455
153.361	432
153.411	425
153.462	411
153.512	396
153.563	391
153.613	385
153.663	383
153.713	383
153.764	382
153.814	397
153.864	408
153.914	416
153.964	436
154.014	450
154.065	463
154.115	477
154.165	476
154.215	495
154.265	499
154.316	497
154.366	499
154.417	489
154.467	483
154.517	474
154.567	452
154.618	445
154.668	434
154.718	418
154.768	409
154.818	401
154.869	392
154.919	391
154.969	384
155.019	393
155.069	399
155.119	404
155.170	418
155.220	446
155.270	443
155.321	455
155.371	456
155.421	477
155.472	484
155.522	486
155.572	492
155.622	481
155.672	488
155.723	481
155.773	465
155.823	463
155.873	451
155.923	438
155.973	428
156.024	418
156.074	411
156.124	405
156.174	397
156.225	400
156.275	401
156.326	404
156.376	412
156.426	415
156.476	429
156.526	437
156.577	442
156.627	460
156.677	466
156.727	472
156.777	477
156.827	471
156.878	481
156.928	478
156.978	467
157.028	467
157.078	460
157.129	449
157.180	443
157.230	427
157.280	427
157.330	420
157.380	408
157.431	413
157.481	411
157.531	409
157.581	414
157.631	411
157.681	426
157.732	432
157.782	434
157.832	447
157.882	452
157.932	457
157.982	463
158.034	457
158.084	468
158.134	469
158.184	460
158.234	462
158.285	458
158.335	453
158.385	447
158.435	434
158.485	438
158.535	434
158.586	424
158.636	426
158.686	424
158.736	424
158.786	425
158.837	420
158.887	430
158.938	434
158.988	432
159.038	442
159.088	445
159.139	450
159.189	453
159.239	447
159.289	457
159.339	456
159.389	450
159.440	453
159.490	450
159.540	449
159.590	446
159.640	436
159.691	440
159.741	438
159.791	432
159.842	435
159.892	433
159.942	434
159.993	437
160.043	429
160.093	440
160.143	443
160.193	439
160.243	448
160.294	447
160.344	451
160.394	452
160.444	441
160.494	449
160.545	448
160.595	442
160.645	444
160.695	441
160.746	439
160.796	436
160.847	426
160.897	435
160.947	433
160.997	430
161.047	435
161.097	437
161.148	440
161.198	441
161.248	438
161.298	449
161.348	451
161.399	449
161.449	455
161.499	455
161.549	457
161.599	456
161.650	445
161.701	451
161.751	447
161.801	440
161.851	438
161.901	446
161.952	430
162.002	428
162.052	417
162.102	423
162.152	425
162.202	423
162.253	427
162.303	430
162.353	435
162.403	442
162.453	440
162.503	452
162.555	457
162.605	460
162.655	465
162.705	461
162.755	469
162.806	468
162.856	457
162.906	461
162.956	456
163.006	446
163.056	444
163.107	431
163.157	431
163.207	422
163.257	412
163.307	414
163.357	414
163.408	409
163.459	416
163.509	415
163.559	422
163.609	431
163.660	431
163.710	445
163.760	453
163.810	460
163.860	469
163.910	463
163.961	478
164.011	481
164.061	470
164.111	477
164.161	471
164.211	464
164.262	455
164.312	438
164.363	436
164.413	428
164.463	412
164.514	412
164.564	406
164.614	400
164.664	401
164.714	396
164.764	408
164.815	414
164.865	418
164.915	431
164.965	442
165.015	452
165.065	462
165.116	462
165.166	480
165.217	484
165.267	481
165.317	489
165.368	484
165.418	480
165.468	473
165.518	453
165.568	455
165.618	440
165.669	424
165.719	419
165.769	409
165.819	401
165.869	398
165.920	388
165.970	394
166.020	398
166.070	400
166.121	413
166.171	423
166.222	435
166.272	448
166.322	452
166.372	472
166.422	482
166.472	483
166.523	494
166.573	494
166.623	494
166.673	490
166.723	473
166.774	472
166.824	461
166.874	442
166.924	435
166.974	420
167.025	410
167.076	400
167.126	387
167.176	390
167.226	387
167.276	385
167.326	396
167.377	404
167.427	415
167.477	426
167.527	432
167.577	455
167.628	468
167.678	476
167.728	492
167.778	492
167.828	501
167.878	501
167.930	488
167.980	492
168.030	482
168.080	464
168.130	457
168.181	441
168.231	427
168.281	414
168.331	394
168.381	392
168.431	386
168.482	378
168.532	384
168.582	388
168.632	395
168.682	405
168.732	411
168.783	433
168.834	447
168.884	460
168.934	476
168.984	484
169.035	497
169.085	503
169.135	496
169.185	503
169.235	499
169.285	488
169.336	478
169.386	458
169.436	449
169.486	434
169.536	413
169.586	405
169.637	395
169.687	384
169.738	380
169.788	387
169.838	382
169.889	389
169.939	392
169.989	409
170.039	421
170.089	436
170.139	454
170.190	462
170.240	484
170.290	494
170.340	490
170.390	506
170.440	505
170.491	502
170.541	498
170.591	478
170.642	473
170.692	459
170.743	436
170.793	428
170.843	414
170.893	397
170.943	389
170.993	377
171.044	378
171.094	379
171.144	392
171.194	391
171.244	403
171.294	413
171.345	431
171.395	437
171.445	463
171.495	475
171.546	482
171.597	498
171.647	504
171.697	507
171.747	507
171.797	488
171.847	493
171.898	480
171.948	461
171.998	452
172.048	435
172.098	419
172.149	407
172.199	389
172.249	386
172.299	380
172.349	373
172.399	381
172.451	387
172.501	396
172.551	408
172.601	413
172.651	438
172.701	452
172.752	463
172.802	482
172.852	489
172.902	500
172.952	505
173.003	493
173.053	502
173.103	494
173.153	480
173.203	474
173.253	457
173.304	444
173.355	430
173.405	404
173.455	401
173.505	392
173.555	382
173.606	382
173.656	383
173.706	388
173.756	393
173.806	398
173.857	417
173.907	431
173.957	440
174.007	460
174.057	471
174.107	485
174.158	493
174.208	486
174.259	501
174.309	500
174.359	489
174.409	487
174.460	475
174.510	465
174.560	451
174.610	430
174.660	421
174.711	411
174.761	395
174.811	394
174.861	389
174.911	389
174.961	390
175.012	390
175.062	404
175.113	414
175.163	420
175.213	438
175.264	450
175.314	466
175.364	477
175.414	476
175.464	491
175.514	492
175.565	490
175.615	492
175.665	482
175.715	478
175.765	466
175.815	446
175.866	442
175.916	430
175.966	416
176.017	409
176.067	402
176.118	397
176.168	395
176.218	390
176.268	400
176.318	407
176.368	412
176.419	426
176.469	434
176.519	448
176.569	460
176.619	461
176.669	477
176.720	483
176.770	485
176.820	487
176.870	477
176.921	480
176.972	474
177.022	456
177.072	457
177.122	444
177.172	432
177.222	424
177.273	415
177.323	409
177.373	405
177.423	396
177.473	404
177.523	407
177.574	408
177.624	420
177.674	419
177.724	437
177.774	446
177.826	448
177.876	463
177.926	469
177.976	473
178.026	478
178.076	471
178.127	477
178.177	473
178.227	462
178.277	461
178.327	452
178.377	442
178.428	437
178.478	419
178.528	420
178.578	417
178.628	408
178.679	412
178.730	413
178.780	413
178.830	420
178.880	417
178.930	431
178.981	439
179.031	440
179.081	455
179.131	458
179.181	464
179.232	468
179.282	460
179.332	469
179.382	468
179.432	459
179.482	461
179.533	454
179.583	448
179.634	443
179.684	427
179.734	430
179.784	426
179.835	417
179.885	421
179.935	420
179.985	421
180.035	424
180.086	420
180.136	434
180.186	439
180.236	439
180.286	449
180.336	452
180.387	457
180.437	462
180.487	452
180.538	464
180.588	462
180.638	453
180.689	457
180.739	450
180.789	445
180.839	440
180.889	429
180.940	432
180.990	429
181.040	422
181.090	425
181.140	425
181.190	427
181.241	430
181.291	426
181.341	436
181.391	441
181.442	442
181.493	451
181.543	455
181.593	459
181.643	461
181.693	453
181.743	461
181.794	459
181.844	452
181.894	452
181.944	446
181.994	442
182.044	437
182.095	426
182.145	429
182.195	427
182.245	421
182.295	424
182.347	425
182.397	428
182.447	432
182.497	428
182.547	440
182.597	445
182.648	446
182.698	454
182.748	456
182.798	464
182.848	464
182.898	456
182.949	464
182.999	461
183.049	454
183.099	454
183.149	443
183.200	443
183.251	435
183.301	424
183.351	425
183.401	422
183.451	416
183.502	418
183.552	420
183.602	422
183.652	426
183.702	425
183.752	437
183.803	443
183.853	448
183.903	457
183.953	457
184.003	468
184.054	471
184.104	464
184.155	471
184.205	470
184.255	464
184.305	459
184.356	449
184.406	446
184.456	439
184.506	425
184.556	425
184.606	417
184.657	409
184.707	411
184.757	410
184.807	411
184.857	414
184.908	416
184.958	428
185.009	436
185.059	444
185.109	451
185.159	455
185.210	468
185.260	476
185.310	469
185.360	481
185.410	480
185.461	477
185.511	473
185.561	457
185.611	458
185.661	448
185.711	433
185.762	429
185.812	420
185.862	411
185.913	406
185.963	396
186.013	401
186.064	402
186.114	400
186.164	412
186.214	420
186.264	428
186.315	440
186.365	441
186.415	462
186.465	472
186.515	474
186.565	487
186.616	489
186.666	490
186.716	487
186.766	472
186.817	476
186.867	466
186.918	450
186.968	442
187.018	429
187.068	420
187.118	410
187.169	394
187.219	396
187.269	392
187.319	387
187.369	395
187.419	401
187.470	409
187.520	420
187.570	425
187.620	446
187.670	458
187.721	466
187.772	481
187.822	488
187.872	496
187.922	499
187.972	487
188.023	495
188.073	487
188.123	472
188.173	465
188.223	451
188.273	440
188.324	425
188.374	405
188.424	402
188.474	393
188.524	384
188.574	384
188.626	386
188.676	390
188.726	398
188.776	400
188.826	423
188.877	435
188.927	445
188.977	467
189.027	477
189.077	490
189.127	499
189.178	494
189.228	506
189.278	504
189.328	495
189.378	490
189.429	475
189.479	464
189.530	448
189.580	426
189.630	418
189.680	405
189.731	388
189.781	385
189.831	381
189.881	376
189.931	379
189.981	380
190.032	396
190.082	409
190.132	420
190.182	440
190.232	452
190.283	472
190.333	485
190.383	487
190.434	505
190.484	509
190.534	508
190.585	507
190.635	488
190.685	490
190.735	478
190.785	454
190.835	445
190.886	426
190.936	408
190.986	398
191.036	383
191.086	377
191.137	373
191.187	371
191.237	376
191.287	383
191.338	392
191.388	410
191.439	425
191.489	443
191.539	461
191.589	468
191.639	493
191.689	502
191.740	510
191.790	517
191.840	501
191.890	512
191.940	503
191.991	482
192.041	475
192.091	458
192.141	440
192.191	422
192.242	398
192.293	392
192.343	378
192.393	366
192.443	368
192.493	370
192.544	370
192.594	383
192.644	389
192.694	411
192.744	430
192.794	442
192.845	466
192.895	482
192.945	499
192.995	510
193.045	504
193.095	521
193.147	519
193.197	507
193.247	504
193.297	488
193.347	473
193.398	455
193.448	428
193.498	417
193.548	401
193.598	379
193.648	375
193.699	367
193.749	362
193.799	365
193.849	368
193.899	383
193.949	396
194.000	408
194.051	433
194.101	452
194.151	471
194.201	489
194.252	491
194.302	514
194.352	520
194.402	517
194.452	522
194.502	513
194.553	503
194.603	490
194.653	464
194.703	451
194.753	432
194.803	408
194.854	396
194.904	381
194.955	370
195.005	364
195.055	361
195.106	364
195.156	371
195.206	379
195.256	398
195.306	415
195.356	437
195.407	456
195.457	464
195.507	492
195.557	506
195.607	511
195.657	523
195.708	521
195.758	522
195.809	514
195.859	491
195.909	487
195.960	468
196.010	444
196.060	429
196.110	408
196.160	392
196.210	379
196.261	365
196.311	362
196.361	361
196.411	361
196.461	372
196.512	385
196.562	402
196.612	420
196.662	432
196.713	460
196.763	479
196.814	492
196.864	510
196.914	513
196.964	526
197.014	525
197.064	510
197.115	512
197.165	498
197.215	480
197.265	463
197.315	441
197.366	424
197.416	403
197.466	382
197.516	374
197.566	368
197.617	358
197.668	361
197.718	375
197.768	376
197.818	388
197.868	398
197.918	424
197.969	443
198.019	463
198.069	483
198.119	489
198.169	512
198.220	520
198.270	516
198.320	525
198.370	518
198.420	507
198.470	494
198.522	471
198.572	459
198.622	439
198.672	414
198.722	401
198.773	386
198.823	370
198.873	366
198.923	359
198.973	364
199.023	369
199.074	374
199.124	395
199.174	411
199.224	426
199.274	450
199.324	457
199.375	487
199.426	501
199.476	504
199.526	520
199.576	522
199.627	522
199.677	516
199.727	489
199.777	491
199.827	474
199.877	449
199.928	434
199.978	415
200.028	397
200.078	384
200.128	370
200.178	367
200.229	364
200.279	361
200.330	373
200.380	385
200.430	398
200.481	416
200.531	425
200.581	454
200.631	473
200.681	481
200.731	504
200.782	511
200.832	519
200.882	521
200.932	503
200.982	512
201.032	498
201.083	478
201.133	467
201.183	445
201.234	429
201.284	410
201.335	388
201.385	382
201.435	372
201.485	364
201.535	366
201.585	372
201.636	379
201.686	390
201.736	400
201.786	423
201.836	440
201.886	454
201.937	478
201.987	490
202.037	505
202.087	513
202.138	505
202.189	518
202.239	513
202.289	499
202.339	491
202.389	474
202.439	460
202.490	442
202.540	417
202.590	408
202.640	393
202.690	378
202.741	375
202.791	373
202.841	371
202.891	377
202.941	381
202.991	398
203.043	414
203.093	425
203.143	447
203.193	462
203.243	481
203.293	494
203.344	490
203.394	510
203.444	511
203.494	509
203.544	506
203.595	491
203.645	484
203.695	469
203.745	446
203.795	435
203.845	419
203.896	402
203.947	393
203.997	386
204.047	378
204.097	377
204.147	374
204.198	385
204.248	395
204.298	404
204.348	422
204.398	436
204.449	454
204.499	469
204.549	474
204.599	493
204.649	500
204.699	503
204.750	506
204.800	493
204.851	496
204.901	486
204.951	467
205.001	460
205.052	446
205.102	427
205.152	416
205.202	405
205.252	395
205.303	388
205.353	377
205.403	384
205.453	387
205.503	392
205.553	407
205.604	415
205.654	432
205.705	446
205.755	452
205.805	472
205.856	480
205.906	489
205.956	496
206.006	487
206.056	496
206.106	492
206.157	478
206.207	475
206.257	461
206.307	449
206.357	438
206.407	417
206.458	413
206.508	405
206.558	391
206.609	394
206.659	395
206.710	393
206.760	401
206.810	402
206.860	417
206.910	430
206.960	435
207.011	452
207.061	462
207.111	473
207.161	480
207.211	475
207.261	488
207.312	489
207.362	479
207.412	479
207.462	472
207.513	461
207.564	452
207.614	433
207.664	431
207.714	422
207.764	408
207.814	407
207.865	403
207.915	400
207.965	403
208.015	400
208.065	413
208.115	419
208.166	424
208.216	439
208.266	447
208.316	458
208.366	465
208.418	463
208.468	479
208.518	479
208.568	477
208.618	478
208.668	474
208.719	468
208.769	459
208.819	444
208.869	443
208.919	432
208.969	421
209.020	420
209.070	412
209.120	410
209.170	408
209.220	400
209.271	413
209.322	419
209.372	419
209.422	432
209.472	439
209.522	450
209.573	457
209.623	456
209.673	469
209.723	473
209.773	471
209.824	474
209.874	469
209.924	469
209.974	463
210.024	448
210.074	447
210.125	440
210.175	429
210.226	426
210.276	421
210.326	415
210.376	413
210.427	408
210.477	416
210.527	419
210.577	420
210.627	430
210.678	436
210.728	445
210.778	451
210.828	451
210.878	464
210.928	469
210.979	468
211.029	474
211.079	485
211.130	468
211.180	462
211.230	448
211.281	451
211.331	444
211.381	433
211.431	430
211.481	423
211.532	419
211.582	416
211.632	408
211.682	416
211.732	418
211.782	420
211.833	428
211.883	431
211.933	441
211.983	450
212.034	449
212.085	463
212.135	467
212.185	470
212.235	474
212.285	463
212.335	472
212.386	465
212.436	452
212.486	454
212.536	447
212.586	435
212.636	430
212.687	417
212.737	419
212.787	415
212.837	408
212.887	413
212.939	415
212.989	416
213.039	423
213.089	423
213.139	438
213.189	446
213.240	448
213.290	461
213.340	465
213.390	471
213.440	475
213.490	465
213.541	475
213.591	471
213.641	459
213.691	461
213.741	452
213.792	443
213.843	436
213.893	417
213.943	420
213.993	415
214.043	406
214.094	409
214.144	409
214.194	409
214.244	417
214.294	414
214.344	429
214.395	437
214.445	441
214.495	457
214.545	463
214.595	472
214.646	477
214.696	470
214.747	481
214.797	479
214.847	469
214.897	470
214.948	462
214.998	452
215.048	443
215.098	423
215.148	426
215.198	417
215.249	404
215.299	405
215.349	402
215.399	402
215.449	405
215.500	404
215.550	417
215.601	426
215.651	432
215.701	447
215.751	456
215.802	467
215.852	476
215.902	471
215.952	486
216.002	487
216.053	480
216.103	481
216.153	475
216.203	467
216.253	456
216.303	438
216.354	435
216.404	425
216.454	410
216.505	405
216.555	399
216.605	397
216.656	397
216.706	394
216.756	402
216.806	412
216.856	416
216.907	432
216.957	442
217.007	456
217.057	467
217.107	467
217.157	485
217.208	490
217.258	488
217.308	492
217.358	485
217.409	483
217.459	474
217.510	453
217.560	452
217.610	439
217.660	422
217.710	415
217.761	406
217.811	398
217.861	393
217.911	385
217.961	392
218.011	397
218.062	400
218.112	413
218.162	426
218.212	438
218.262	451
218.313	454
218.364	477
218.414	486
218.464	489
218.514	497
218.564	487
218.615	497
218.665	490
218.715	472
218.765	470
218.815	458
218.865	442
218.916	431
218.966	418
219.016	407
219.066	397
219.116	385
219.166	388
219.218	387
219.268	386
219.318	397
219.368	409
219.418	418
219.469	431
219.519	437
219.569	460
219.619	472
219.669	483
219.719	493
219.770	487
219.820	501
219.870	501
219.920	486
219.970	491
220.021	478
220.071	466
220.122	452
220.172	431
220.222	423
220.272	411
220.323	394
220.373	390
220.423	386
220.473	380
220.523	385
220.573	384
220.624	397
220.674	411
220.724	418
220.774	439
220.824	451
220.875	466
220.925	480
220.975	478
221.026	499
221.076	503
221.126	497
221.177	502
221.227	493
221.277	486
221.327	474
221.377	449
221.427	445
221.478	430
221.528	409
221.578	404
221.628	393
221.678	385
221.729	382
221.779	376
221.829	385
221.879	391
221.930	400
221.980	416
222.031	429
222.081	445
222.131	460
222.181	463
222.231	485
222.281	496
222.332	496
222.382	505
222.432	501
222.482	499
222.532	493
222.583	472
222.633	468
222.683	454
222.733	434
222.783	422
222.834	409
222.885	398
222.935	389
222.985	378
223.035	381
223.085	383
223.136	384
223.186	397
223.236	409
223.286	422
223.336	437
223.386	443
223.437	468
223.487	480
223.537	487
223.587	500
223.637	501
223.687	506
223.739	502
223.789	486
223.839	487
223.889	474
223.939	455
223.990	445
224.040	428
224.090	414
224.140	401
224.190	386
224.240	385
224.291	383
224.341	379
224.391	385
224.441	395
224.491	403
224.541	414
224.592	424
224.643	445
224.693	460
224.743	471
224.793	486
224.844	491
224.894	503
224.944	505
224.994	495
225.044	499
225.094	491
225.145	478
225.195	467
225.245	447
225.295	438
225.345	421
225.395	406
225.446	397
225.496	389
225.547	380
225.597	381
225.647	391
225.698	390
225.748	399
225.798	400
225.848	424
225.898	438
225.948	450
225.999	466
226.049	471
226.099	492
226.149	497
226.199	496
226.249	505
226.300	501
226.350	493
226.401	486
226.451	467
226.501	459
226.552	445
226.602	424
226.652	416
226.702	404
226.752	392
226.802	387
226.853	379
226.903	384
226.953	387
227.003	389
227.053	405
227.104	417
227.154	428
227.204	446
227.254	450
227.305	476
227.355	485
227.406	483
227.456	501
227.506	500
227.556	500
227.606	498
227.656	478
227.707	479
227.757	467
227.807	444
227.857	436
227.907	422
227.958	408
228.008	400
228.058	389
228.108	387
228.158	385
228.209	384
228.260	392
228.310	402
228.360	411
228.410	425
228.460	428
228.510	453
228.561	465
228.611	472
228.661	490
228.711	495
228.761	500
228.812	502
228.862	488
228.912	492
228.962	482
229.012	464
229.062	457
229.114	442
229.164	429
229.214	416
229.264	399
229.314	395
229.365	391
229.415	384
229.465	387
229.515	391
229.565	398
229.615	409
229.666	414
229.716	433
229.766	446
229.816	456
229.866	474
229.916	482
229.967	493
230.018	496
230.068	488
230.118	497
230.168	491
230.219	478
230.269	473
230.319	459
230.369	447
230.419	435
230.469	414
230.520	410
230.570	401
230.620	390
230.670	391
230.720	390
230.770	393
230.821	399
230.871	402
230.922	418
230.972	429
231.022	440
231.073	456
231.123	466
231.173	480
231.223	489
231.273	484
231.323	497
231.374	495
231.424	489
231.474	486
231.524	473
231.574	466
231.624	450
231.675	431
231.725	425
231.775	414
231.826	400
231.876	398
231.927	394
231.977	391
232.027	393
232.077	392
232.127	406
232.177	415
232.228	424
232.278	440
232.328	447
232.378	465
232.428	475
232.478	477
232.529	492
232.579	494
232.629	491
232.679	492
232.730	479
232.781	477
232.831	467
232.881	446
232.931	443
232.981	430
233.031	416
233.082	408
233.132	399
233.182	395
233.232	395
233.282	389
233.333	398
233.383	404
233.433	411
233.483	423
233.533	429
233.583	448
233.635	460
233.685	465
233.735	480
233.785	486
233.835	490
233.885	493
233.936	477
233.986	485
234.036	478
234.086	460
234.136	457
234.187	445
234.237	432
234.287	422
234.337	404
234.387	405
234.437	399
234.488	392
234.539	397
234.589	399
234.639	404
234.689	414
234.739	414
234.790	434
234.840	446
234.890	451
234.940	467
234.990	476
235.041	482
235.091	489
235.141	478
235.191	489
235.241	484
235.291	468
235.342	469
235.392	457
235.443	446
235.493	435
235.543	416
235.593	416
235.644	408
235.694	398
235.744	399
235.794	399
235.844	400
235.895	406
235.945	406
235.995	424
236.045	433
236.095	438
236.145	455
236.196	464
236.246	474
236.297	482
236.347	474
236.397	487
236.448	483
236.498	477
236.548	477
236.598	466
236.648	458
236.698	447
236.749	428
236.799	427
236.849	419
236.899	405
236.949	406
236.999	401
237.050	402
237.100	405
237.150	404
237.201	416
237.251	424
237.302	429
237.352	445
237.402	453
237.452	464
237.502	471
237.552	468
237.603	482
237.653	483
237.703	477
237.753	479
237.803	470
237.853	465
237.904	458
237.954	436
238.004	437
238.054	429
238.105	417
238.156	414
238.206	410
238.256	407
238.306	408
238.356	405
238.406	413
238.457	419
238.507	424
238.557	436
238.607	443
238.657	454
238.707	461
238.758	462
238.808	475
238.858	476
238.908	474
238.958	476
239.010	470
239.060	468
239.110	462
239.160	444
239.210	446
239.260	437
239.311	426
239.361	423
239.411	419
239.461	415
239.511	413
239.561	407
239.612	415
239.662	418
239.712	422
239.762	431
239.812	437
239.863	447
239.914	454
239.964	453
240.014	466
240.064	470
240.114	468
240.165	473
240.215	462
240.265	467
240.315	461
240.365	448
240.416	449
240.466	442
240.516	433
240.566	428
240.616	419
240.666	420
240.717	419
240.767	412
240.818	419
240.868	422
240.918	424
240.968	431
241.019	429
241.069	444
241.119	451
241.169	451
241.219	462
241.270	464
241.320	465
241.370	468
241.420	456
241.470	462
241.520	459
241.571	448
241.621	449
241.671	442
241.722	435
241.772	431
241.822	418
241.873	422
241.923	420
241.973	413
242.023	421
242.073	425
242.124	425
242.174	433
242.224	430
242.274	444
242.324	450
242.374	450
242.425	461
242.475	463
242.525	466
242.575	467
242.626	457
242.677	463
242.727	459
242.777	449
242.827	447
242.877	441
242.927	435
242.978	431
243.028	419
243.078	423
243.128	420
243.178	416
243.228	421
243.279	423
243.329	427
243.379	433
243.429	433
243.479	445
243.531	450
243.581	453
243.631	462
243.681	465
243.731	469
243.781	469
243.832	461
243.882	467
243.932	463
243.982	452
244.032	450
244.082	442
244.133	437
244.183	430
244.233	417
244.283	420
244.333	417
244.384	412
244.435	417
244.485	418
244.535	423
244.585	428
244.635	428
244.686	443
244.736	451
244.786	453
244.836	464
244.886	466
244.936	473
244.987	474
245.037	465
245.087	470
245.137	466
245.187	458
245.238	455
245.288	445
245.339	440
245.389	432
245.439	416
245.489	418
245.540	415
245.590	407
245.640	410
245.690	411
245.740	416
245.790	421
245.841	419
245.891	436
245.941	444
245.991	448
246.041	462
246.092	465
246.142	474
246.193	478
246.243	470
246.293	479
246.343	477
246.394	468
246.444	465
246.494	467
246.544	448
246.594	437
246.645	423
246.695	420
246.745	413
246.795	405
246.845	405
246.895	407
246.946	405
246.996	408
247.046	408
247.097	423
247.147	433
247.197	438
247.248	454
247.298	459
247.348	473
247.398	481
247.448	475
247.499	486
247.549	487
247.599	481
247.649	479
247.699	463
247.749	461
247.800	450
247.850	433
247.900	429
247.950	418
248.001	408
248.051	403
248.102	391
248.152	397
248.202	398
248.252	397
248.302	409
248.353	416
248.403	424
248.453	441
248.503	442
248.553	462
248.603	473
248.654	475
248.704	489
248.754	492
248.804	495
248.854	492
248.905	472
248.956	479
249.006	470
249.056	450
249.106	444
249.156	432
249.207	417
249.257	410
249.307	395
249.357	394
249.407	390
249.457	385
249.508	394
249.558	400
249.608	408
249.658	420
249.708	424
249.758	445
249.810	459
249.860	466
249.910	483
249.960	490
250.010	497
250.061	500
250.111	487
250.161	495
250.211	487
250.261	472
250.311	465
250.362	452
250.412	440
250.462	423
250.512	404
250.562	401
250.613	392
250.663	384
250.714	385
250.764	386
250.814	391
250.864	400
250.915	402
250.965	423
251.015	436
251.065	446
251.115	467
251.165	478
251.216	491
251.266	498
251.316	493
251.366	504
251.416	502
251.467	490
251.517	487
251.567	473
251.618	462
251.668	447
251.718	422
251.769	418
251.819	404
251.869	390
251.919	386
251.969	382
252.019	381
252.070	385
252.120	386
252.170	404
252.220	415
252.270	424
252.321	445
252.371	456
252.421	473
252.471	487
252.522	488
252.572	503
252.623	507
252.673	502
252.723	503
252.773	491
252.823	485
252.873	471
252.924	449
252.974	440
253.024	424
253.074	406
253.124	397
253.175	394
253.225	382
253.275	379
253.325	376
253.375	385
253.426	394
253.477	403
253.527	420
253.577	433
253.627	452
253.677	466
253.728	472
253.778	492
253.828	502
253.878	507
253.928	508
253.978	494
254.029	501
254.079	493
254.129	472
254.179	465
254.229	449
254.279	430
254.331	418
254.381	399
254.431	391
254.481	385
254.531	374
254.582	379
254.632	383
254.682	384
254.732	398
254.782	405
254.832	425
254.883	442
254.933	450
254.983	474
255.033	485
255.083	497
255.133	505
255.184	496
255.235	509
255.285	505
255.335	490
255.385	487
255.436	473
255.486	456
255.536	442
255.586	417
255.636	412
255.686	398
255.737	382
255.787	382
255.837	378
255.887	378
255.937	385
255.987	387
256.038	403
256.088	417
256.139	428
256.189	449
256.239	463
256.290	480
256.340	490
256.390	489
256.440	507
256.490	508
256.540	502
256.591	501
256.641	491
256.691	480
256.741	466
256.791	442
256.841	435
256.892	419
256.942	400
256.993	394
257.043	387
257.093	380
257.144	379
257.194	375
257.244	389
257.294	398
257.344	406
257.394	425
257.445	439
257.495	456
257.545	472
257.595	475
257.645	495
257.696	501
257.746	502
257.796	507
257.846	501
257.897	497
257.947	487
257.998	464
258.048	459
258.098	443
258.148	423
258.198	413
258.248	401
258.299	391
258.349	384
258.399	376
258.449	382
258.499	386
258.550	390
258.600	405
258.650	417
258.700	433
258.750	448
258.801	454
258.852	476
258.902	489
258.952	488
259.002	503
259.052	502
259.102	505
259.153	498
259.203	480
259.253	479
259.303	466
259.353	446
259.404	435
259.454	419
259.504	408
259.554	398
259.604	384
259.654	386
259.706	382
259.756	384
259.806	392
259.856	399
259.906	414
259.957	427
260.007	434
260.057	456
260.107	468
260.157	478
260.207	492
260.258	488
260.308	502
260.358	502
260.408	487
260.458	492
260.508	481
260.559	467
260.610	455
260.660	439
260.710	429
260.760	415
260.811	398
260.861	396
260.911	389
260.961	384
261.011	389
261.061	397
261.112	399
261.162	409
261.212	416
261.262	437
261.312	449
261.362	462
261.413	477
261.463	477
261.514	492
261.564	498
261.614	491
261.665	496
261.715	492
261.765	482
261.815	473
261.865	451
261.915	448
261.966	434
262.016	415
262.066	409
262.116	399
262.166	390
262.216	389
262.267	384
262.317	392
262.367	399
262.418	403
262.468	419
262.519	431
262.569	442
262.619	458
262.669	459
262.719	482
262.769	489
262.820	487
262.870	497
262.920	495
262.970	492
263.020	483
263.070	467
263.121	466
263.171	451
263.221	433
263.271	426
263.322	414
263.373	403
263.423	399
263.473	387
263.523	393
263.573	394
263.623	396
263.674	406
263.724	416
263.774	428
263.824	441
263.874	444
263.925	465
263.975	476
264.025	480
264.075	491
264.125	491
264.175	495
264.227	491
264.277	476
264.327	477
264.377	468
264.427	449
264.477	441
264.528	430
264.578	418
264.628	409
264.678	394
264.728	395
264.779	393
264.829	392
264.879	400
264.929	405
264.979	415
265.029	426
265.080	428
265.131	449
265.181	461
265.231	468
265.281	481
265.331	485
265.382	492
265.432	492
265.482	481
265.532	486
265.582	477
265.633	464
265.683	457
265.733	443
265.783	433
265.833	422
265.883	406
265.934	405
265.984	399
266.035	392
266.085	397
266.135	401
266.185	406
266.236	416
266.286	416
266.336	436
266.386	447
266.436	455
266.487	469
266.537	475
266.587	484
266.637	488
266.687	478
266.737	489
266.788	483
266.838	472
266.889	468
266.939	455
266.989	446
267.040	437
267.090	417
267.140	415
267.190	407
267.240	400
267.290	399
267.341	417
267.391	401
267.441	407
267.491	408
267.541	423
267.591	434
267.642	442
267.692	457
267.742	460
267.793	477
267.843	483
267.894	478
267.944	488
267.994	487
268.044	480
268.094	478
268.144	463
268.195	458
268.245	448
268.295	429
268.345	427
268.395	416
268.445	406
268.496	404
268.546	399
268.596	401
268.646	402
268.697	403
268.748	418
268.798	423
268.848	432
268.898	445
268.948	447
268.998	466
269.049	475
269.099	472
269.149	485
269.199	486
269.249	485
269.299	483
269.350	464
269.400	469
269.450	459
269.500	442
269.550	436
269.602	427
269.652	414
269.702	411
269.752	398
269.802	402
269.852	402
269.903	400
269.953	410
270.003	417
270.053	422
270.103	435
270.153	435
270.204	456
270.254	465
270.304	468
270.354	480
270.404	484
270.455	486
270.506	486
270.556	471
270.606	476
270.656	468
270.706	453
270.757	448
270.807	436
270.857	427
270.907	419
270.957	405
271.008	406
271.058	404
271.108	397
271.158	405
271.208	410
271.258	416
271.309	424
271.359	426
271.410	446
271.460	454
271.510	459
271.560	474
271.611	477
271.661	484
271.711	484
271.761	473
271.811	480
271.862	473
271.912	462
271.962	458
272.012	449
272.062	438
272.112	429
272.163	411
272.213	412
272.263	407
272.314	398
272.364	407
272.414	406
272.465	410
272.515	416
272.565	420
272.615	435
272.665	445
272.716	450
272.766	464
272.816	470
272.866	479
272.916	483
272.966	475
273.017	484
273.067	479
273.117	470
273.167	467
273.218	455
273.269	448
273.319	437
273.369	420
273.419	418
273.469	410
273.519	400
273.570	404
273.620	404
273.670	404
273.720	412
273.770	410
273.820	426
273.871	435
273.921	442
273.971	454
274.021	459
274.071	475
274.123	480
274.173	474
274.223	487
274.273	484
274.323	477
274.373	474
274.424	462
274.474	458
274.524	447
274.574	430
274.624	427
274.674	418
274.725	408
274.775	405
274.825	404
274.875	402
274.925	404
274.976	402
275.027	414
275.077	424
275.127	432
275.177	445
275.227	447
275.278	466
275.328	475
275.378	472
275.428	486
275.478	485
275.528	486
275.579	483
275.629	471
275.679	471
275.729	460
275.779	443
275.830	438
275.880	427
275.931	416
275.981	409
276.031	399
276.081	399
276.132	398
276.182	396
276.232	405
276.282	411
276.332	418
276.382	432
276.433	435
276.483	454
276.533	466
276.583	468
276.633	482
276.684	487
276.734	489
276.785	490
276.835	474
276.885	481
276.935	472
276.986	457
277.036	454
277.086	440
277.136	426
277.186	417
277.237	400
277.287	401
277.337	396
277.387	388
277.437	397
277.487	400
277.538	406
277.588	416
277.638	420
277.689	439
277.739	452
277.789	455
277.840	475
277.890	481
277.940	491
277.990	495
278.040	484
278.091	492
278.141	487
278.191	474
278.241	469
278.291	455
278.341	444
278.392	430
278.442	411
278.492	408
278.542	401
278.593	390
278.643	391
278.694	392
278.744	394
278.794	401
278.844	404
278.894	421
278.945	434
278.995	442
279.045	462
279.095	471
279.145	482
279.195	491
279.246	485
279.296	499
279.346	496
279.396	487
279.446	485
279.497	472
279.548	464
279.598	449
279.648	428
279.698	423
279.748	411
279.799	396
279.849	393
279.899	389
279.949	388
279.999	390
280.049	388
280.100	404
280.150	414
280.200	423
280.250	442
280.300	453
280.350	469
280.402	480
280.452	477
280.502	499
280.552	501
280.602	498
280.653	499
280.703	488
280.753	483
280.803	469
280.853	449
280.903	443
280.954	428
281.004	411
281.054	404
281.104	413
281.154	387
281.205	384
281.255	378
281.306	389
281.356	396
281.406	403
281.456	420
281.507	433
281.557	449
281.607	463
281.657	469
281.707	488
281.757	496
281.808	500
281.858	506
281.908	492
281.958	499
282.008	491
282.059	472
282.109	465
282.159	450
282.210	433
282.260	421
282.310	409
282.361	395
282.411	389
282.461	376
282.511	382
282.561	383
282.611	388
282.662	399
282.712	407
282.762	424
282.812	441
282.862	445
282.913	472
282.963	483
283.013	493
283.063	503
283.114	495
283.164	508
283.215	504
283.265	489
283.315	487
283.365	474
283.415	458
283.465	444
283.516	420
283.566	413
283.616	401
283.666	386
283.716	383
283.767	380
283.817	378
283.867	384
283.917	388
283.967	403
284.018	417
284.069	425
284.119	448
284.169	461
284.219	478
284.269	491
284.320	487
284.370	505
284.420	507
284.470	500
284.520	503
284.570	492
284.621	482
284.671	468
284.721	441
284.771	437
284.821	420
284.871	401
284.923	395
284.973	387
285.023	380
285.073	378
285.123	376
285.174	386
285.224	396
285.274	403
285.324	423
285.374	437
285.424	455
285.475	471
285.525	471
285.575	496
285.625	505
285.675	504
285.725	511
285.776	503
285.827	502
285.877	491
285.927	468
285.977	463
286.028	447
286.078	424
286.128	415
286.178	402
286.228	389
286.278	382
286.329	373
286.379	377
286.429	381
286.479	385
286.529	401
286.579	412
286.630	429
286.680	445
286.731	453
286.781	477
286.831	489
286.882	495
286.932	508
286.982	507
287.032	510
287.082	506
287.132	488
287.183	486
287.233	472
287.283	452
287.333	440
287.383	422
287.433	409
287.484	395
287.534	382
287.585	380
287.635	377
287.685	374
287.736	383
287.786	395
287.836	406
287.886	419
287.936	427
287.986	451
288.037	466
288.087	478
288.137	494
288.187	493
288.237	508
288.288	510
288.338	500
288.388	502
288.438	490
288.489	478
288.539	465
288.590	449
288.640	432
288.690	417
288.740	398
288.790	393
288.840	384
288.891	376
288.941	378
288.991	383
289.041	389
289.091	399
289.142	406
289.192	427
289.242	442
289.292	456
289.342	473
289.393	476
289.444	497
289.494	504
289.544	499
289.594	506
289.644	501
289.694	495
289.745	485
289.795	463
289.845	456
289.895	442
289.945	421
289.996	411
290.046	399
290.096	386
290.146	385
290.196	377
290.246	382
290.298	389
290.348	393
290.398	407
290.448	421
290.498	432
290.549	450
290.599	455
290.649	478
290.699	489
290.749	490
290.799	502
290.850	502
290.900	501
290.950	496
291.000	476
291.050	476
291.100	463
291.151	444
291.202	434
291.252	420
291.302	408
291.352	399
291.403	388
291.453	388
291.503	388
291.553	385
291.603	398
291.653	406
291.704	416
291.754	429
291.804	435
291.854	455
291.904	469
291.954	473
292.005	489
292.055	490
292.106	496
292.156	495
292.206	481
292.257	485
292.307	476
292.357	458
292.407	453
292.457	440
292.507	428
292.558	418
292.608	402
292.658	402
292.708	399
292.758	392
292.808	397
292.859	403
292.909	409
292.959	418
293.010	422
293.060	439
293.111	452
293.161	456
293.211	471
293.261	477
293.311	484
293.361	487
293.412	479
293.462	485
293.512	480
293.562	468
293.612	463
293.662	451
293.713	444
293.763	433
293.813	418
293.863	417
293.914	412
293.965	404
294.015	406
294.065	406
294.115	410
294.165	415
294.215	416
294.266	430
294.316	439
294.366	444
294.416	456
294.466	462
294.517	471
294.567	476
294.617	467
294.667	477
294.717	474
294.767	467
294.819	466
294.869	469
294.919	453
294.969	444
295.019	431
295.069	431
295.120	423
295.170	417
295.220	416
295.270	417
295.320	417
295.371	420
295.421	417
295.471	430
295.521	432
295.571	438
295.621	448
295.672	447
295.723	460
295.773	465
295.823	460
295.873	467
295.923	467
295.974	464
296.024	462
296.074	453
296.124	453
296.174	448
296.225	436
296.275	437
296.325	432
296.375	426
296.425	427
296.475	419
296.526	426
296.576	427
296.627	424
296.677	432
296.727	438
296.777	440
296.828	447
296.878	447
296.928	455
296.978	458
297.028	451
297.079	460
297.129	458
297.179	457
297.229	454
297.279	443
297.329	449
297.380	445
297.430	434
297.481	435
297.531	433
297.581	430
297.632	430
297.682	423
297.732	431
297.782	434
297.832	429
297.882	440
297.933	443
297.983	446
298.033	452
298.083	446
298.133	457
298.183	458
298.234	452
298.284	459
298.334	455
298.385	452
298.435	451
298.486	438
298.536	442
298.586	438
298.636	427
298.686	431
298.736	429
298.787	428
298.837	428
298.887	421
298.937	431
298.987	435
299.037	434
299.088	444
299.138	447
299.188	452
299.238	458
299.289	451
299.340	463
299.390	464
299.440	459
299.490	462
299.540	458
299.590	456
299.641	451
299.691	437
299.741	440
299.791	434
299.841	425
299.891	425
299.942	422
299.992	421
300.042	421
300.092	414
300.142	426
300.194	429
300.244	430
300.294	441
300.344	447
300.394	454
300.444	460
300.495	456
300.545	471
300.595	471
300.645	468
300.695	471
300.745	467
300.796	464
300.846	459
300.896	443
300.946	445
300.996	435
301.047	424
301.098	422
301.148	415
301.198	414
301.248	411
301.298	406
301.349	414
301.399	418
301.449	422
301.499	432
301.549	439
301.600	449
301.650	457
301.700	457
301.750	473
301.800	477
301.850	477
301.901	482
301.951	489
302.002	475
302.052	470
302.102	454
302.152	454
302.203	445
302.253	432
302.303	428
302.353	419
302.403	411
302.454	406
302.504	399
302.554	404
302.604	408
302.654	408
302.704	418
302.755	427
302.805	437
302.855	447
302.906	450
302.956	470
303.006	476
303.057	482
303.107	486
303.157	477
303.207	487
303.257	484
303.308	471
303.358	470
303.408	459
303.458	448
303.508	437
303.558	419
303.609	416
303.659	407
303.709	396
303.759	397
303.810	397
303.861	396
303.911	404
303.961	405
304.011	420
304.061	430
304.111	438
304.162	455
304.212	466
304.262	477
304.312	485
304.362	482
304.412	495
304.463	494
304.513	484
304.563	487
304.613	477
304.663	465
304.715	455
304.765	434
304.815	429
304.865	418
304.915	401
304.965	399
305.016	394
305.066	389
305.116	391
305.166	389
305.216	402
305.266	414
305.317	418
305.367	436
305.417	449
305.467	464
305.517	476
305.568	475
305.619	494
305.669	500
305.719	493
305.769	499
305.819	492
305.870	484
305.920	475
305.970	455
306.020	449
306.070	434
306.120	416
306.171	408
306.221	399
306.271	390
306.321	387
306.371	380
306.422	390
306.472	395
306.523	400
306.573	415
306.623	428
306.673	444
306.724	458
306.774	463
306.824	483
306.874	494
306.924	495
306.974	504
307.025	501
307.075	502
307.125	494
307.175	473
307.225	471
307.276	457
307.326	437
307.377	426
307.427	413
307.477	401
307.527	392
307.578	384
307.628	383
307.678	384
307.728	384
307.778	396
307.829	408
307.879	421
307.929	434
307.979	442
308.029	465
308.079	478
308.130	486
308.180	498
308.230	500
308.281	507
308.331	504
308.381	487
308.432	490
308.482	479
308.532	460
308.582	449
308.632	434
308.683	420
308.733	406
308.783	390
308.833	387
308.883	382
308.933	377
308.984	383
309.034	409
309.084	399
309.134	412
309.185	420
309.235	442
309.286	458
309.336	469
309.386	487
309.436	486
309.486	504
309.537	507
309.587	498
309.637	505
309.687	497
309.737	484
309.787	473
309.838	453
309.888	442
309.938	427
309.988	406
310.038	399
310.089	391
310.140	380
310.190	381
310.240	383
310.290	385
310.340	391
310.391	400
310.441	418
310.491	432
310.541	447
310.591	464
310.641	471
310.692	492
310.742	500
310.792	499
310.842	509
310.892	506
310.942	500
310.994	494
311.044	474
