#Creator: pendulumdriveEventBuffer
#Creation time: Thu Apr 11 16:06:28 2019
#Time	Pos
#[s]	[au]
0.050	449
0.100	432
0.150	433
0.202	425
0.252	416
0.302	417
0.352	414
0.402	411
0.452	416
0.503	413
0.553	424
0.603	431
0.653	432
0.703	445
0.753	450
0.804	456
0.854	463
0.904	457
0.954	468
1.004	470
1.056	462
1.106	467
1.156	463
1.206	458
1.256	454
1.306	439
1.357	442
1.407	438
1.457	428
1.507	430
1.557	427
1.608	425
1.658	426
1.708	420
1.758	431
1.808	433
1.858	432
1.909	441
1.960	445
2.010	448
2.060	449
2.110	444
2.160	456
2.211	456
2.261	451
2.311	455
2.361	452
2.411	452
2.462	451
2.512	439
2.562	446
2.612	444
2.662	437
2.712	442
2.763	440
2.813	442
2.864	441
2.914	433
2.964	443
3.014	444
3.065	440
3.115	446
3.165	446
3.215	446
3.265	447
3.316	437
3.366	445
3.416	444
3.466	439
3.516	441
3.566	439
3.617	439
3.667	440
3.717	432
3.768	440
3.818	441
3.868	440
3.919	445
3.969	447
4.019	451
4.069	451
4.119	448
4.170	454
4.220	457
4.270	455
4.320	457
4.370	452
4.420	453
4.471	450
4.521	438
4.571	442
4.621	439
4.672	432
4.723	431
4.773	447
4.823	428
4.873	426
4.923	419
4.973	430
5.024	433
5.074	434
5.124	441
5.174	443
5.224	452
5.274	457
5.325	454
5.375	466
5.425	467
5.475	466
5.526	468
5.577	463
5.627	464
5.677	459
5.727	444
5.777	445
5.827	439
5.878	428
5.928	427
5.978	423
6.028	418
6.078	416
6.128	410
6.179	420
6.229	422
6.279	424
6.329	433
6.379	437
6.431	447
6.481	455
6.531	456
6.581	470
6.631	474
6.681	475
6.732	478
6.782	490
6.832	474
6.882	469
6.932	455
6.982	455
7.033	446
7.083	434
7.133	429
7.183	422
7.233	416
7.285	412
7.335	404
7.385	409
7.435	410
7.485	412
7.535	422
7.586	429
7.636	438
7.686	449
7.736	448
7.786	465
7.836	473
7.887	477
7.937	483
7.987	476
8.037	483
8.087	481
8.138	468
8.189	466
8.239	458
8.289	445
8.339	437
8.389	427
8.440	417
8.490	411
8.540	403
8.590	403
8.640	405
8.691	405
8.741	412
8.791	411
8.841	427
8.891	436
8.941	442
8.992	457
9.042	467
9.093	473
9.143	482
9.193	475
9.243	487
9.294	487
9.344	476
9.394	476
9.444	468
9.494	457
9.545	449
9.595	430
9.645	427
9.695	421
9.745	406
9.795	406
9.846	403
9.896	402
9.946	407
9.997	404
10.047	417
10.097	427
10.148	430
10.198	446
10.248	455
10.298	467
10.348	474
10.399	470
10.449	486
10.499	485
10.549	476
10.599	481
10.649	472
10.700	467
10.750	459
10.800	439
10.850	439
10.901	429
10.952	416
11.002	415
11.052	410
11.102	408
11.152	408
11.202	402
11.253	415
11.303	421
11.353	423
11.403	438
11.453	447
11.503	455
11.554	463
11.604	459
11.654	473
11.704	476
11.754	470
11.806	475
11.856	473
11.906	469
11.956	462
12.006	448
12.056	447
12.107	440
12.157	428
12.207	425
12.257	420
12.307	421
12.357	416
12.408	409
12.458	418
12.508	422
12.558	424
12.608	435
12.659	440
12.710	447
12.760	453
12.810	451
12.860	463
12.910	466
12.961	463
13.011	467
13.061	463
13.111	464
13.161	460
13.211	446
13.262	451
13.312	445
13.362	436
13.412	436
13.462	445
13.513	428
13.563	429
13.614	422
13.664	429
13.714	430
13.764	431
13.815	438
13.865	452
13.915	445
13.965	447
14.015	443
14.065	453
14.116	454
14.166	452
14.216	457
14.266	451
14.316	454
14.367	450
14.417	442
14.467	447
14.518	445
14.568	440
14.618	441
14.669	437
14.719	439
14.769	440
14.819	434
14.869	441
14.920	442
14.970	442
15.020	446
15.070	439
15.120	448
15.170	448
15.221	442
15.271	447
15.321	447
15.371	444
15.422	444
15.472	439
15.523	443
15.573	441
15.623	434
15.673	438
15.723	439
15.774	438
15.824	441
15.874	436
15.924	444
15.974	446
16.024	443
16.075	454
16.125	453
16.175	453
16.225	457
16.275	446
16.326	457
16.377	454
16.427	444
16.477	449
16.527	445
16.577	441
16.628	438
16.678	427
16.728	432
16.778	430
16.828	423
16.878	428
16.929	428
16.979	432
17.029	436
17.079	432
17.129	444
17.179	448
17.231	446
17.281	460
17.331	463
17.381	464
17.431	467
17.482	459
17.532	468
17.582	464
17.632	455
17.682	456
17.732	449
17.783	444
17.833	437
17.883	423
17.933	425
17.983	421
18.033	414
18.084	416
18.135	416
18.185	419
18.235	424
18.285	422
18.336	434
18.386	442
18.436	445
18.486	459
18.536	463
18.586	471
18.637	475
18.687	469
18.737	479
18.787	477
18.837	470
18.888	468
18.938	460
18.988	454
19.039	445
19.089	430
19.139	430
19.190	421
19.240	410
19.290	411
19.340	408
19.390	409
19.440	411
19.491	409
19.541	422
19.591	430
19.641	434
19.691	448
19.742	455
19.792	468
19.842	475
19.892	472
19.943	484
19.993	485
20.044	483
20.094	482
20.144	473
20.194	466
20.244	458
20.294	440
20.345	438
20.395	427
20.445	416
20.495	411
20.545	408
20.596	403
20.646	403
20.696	398
20.746	409
20.796	417
20.847	422
20.898	436
20.948	443
20.998	458
21.048	469
21.098	468
21.148	484
21.199	489
21.249	487
21.299	488
21.349	477
21.399	480
21.450	471
21.500	456
21.550	449
21.600	439
21.650	424
21.701	417
21.752	409
21.802	404
21.852	402
21.902	393
21.952	402
22.003	405
22.053	410
22.103	423
22.153	427
22.203	445
22.253	456
22.304	459
22.354	477
22.404	483
22.454	488
22.504	491
22.554	478
22.606	486
22.656	481
22.706	466
22.756	463
22.806	451
22.857	438
22.907	429
22.957	410
23.007	411
23.057	405
23.107	396
23.158	401
23.208	401
23.258	404
23.308	414
23.358	416
23.408	432
23.459	444
23.510	448
23.560	464
23.610	473
23.660	481
23.711	487
23.761	477
23.811	488
23.861	485
23.911	472
23.961	471
24.012	462
24.062	454
24.112	441
24.162	423
24.212	422
24.262	414
24.313	404
24.363	405
24.414	404
24.464	404
24.514	409
24.565	407
24.615	424
24.665	433
24.715	438
24.765	454
24.815	461
24.866	471
24.916	477
24.966	472
25.016	483
25.066	482
25.116	476
25.167	476
25.217	467
25.267	460
25.318	451
25.368	435
25.419	434
25.469	425
25.519	416
25.569	415
25.619	411
25.669	411
25.720	412
25.770	412
25.820	423
25.870	429
25.920	432
25.971	443
26.021	451
26.071	459
26.121	465
26.171	459
26.222	473
26.273	475
26.323	469
26.373	472
26.423	465
26.473	463
26.523	456
26.574	442
26.624	443
26.674	436
26.724	426
26.774	427
26.825	423
26.875	423
26.925	422
26.975	418
27.025	426
27.075	431
27.127	432
27.177	442
27.227	465
27.277	452
27.327	456
27.377	451
27.428	463
27.478	463
27.528	461
27.578	465
27.628	454
27.679	457
27.729	453
27.779	445
27.829	446
27.879	439
27.929	434
27.980	434
28.031	431
28.081	431
28.131	432
28.181	427
28.232	435
28.282	436
28.332	438
28.382	444
28.432	443
28.482	451
28.533	453
28.583	446
28.633	455
28.683	454
28.733	453
28.783	452
28.834	443
28.884	450
28.935	445
28.985	438
29.035	441
29.086	439
29.136	436
29.186	439
29.236	430
29.286	439
29.336	440
29.387	436
29.437	445
29.487	446
29.537	448
29.587	453
29.637	444
29.688	454
29.738	454
29.788	449
29.839	454
29.889	450
29.940	447
29.990	446
30.040	434
30.090	440
30.140	437
30.190	430
30.241	434
30.291	433
30.341	433
30.391	435
30.441	429
30.491	441
30.542	442
30.592	443
30.642	452
30.692	454
30.743	457
30.794	461
30.844	453
30.894	461
30.944	461
30.994	457
31.044	457
31.095	451
31.145	448
31.195	443
31.245	432
31.295	435
31.345	430
31.396	422
31.446	423
31.496	423
31.546	424
31.596	426
31.648	423
31.698	434
31.748	441
31.798	441
31.848	453
31.898	458
31.949	465
31.999	469
32.049	461
32.099	472
32.149	471
32.200	464
32.250	466
32.300	459
32.350	453
32.400	446
32.450	433
32.501	432
32.552	427
32.602	417
32.652	416
32.702	415
32.752	414
32.803	417
32.853	415
32.903	425
32.953	432
33.003	437
33.054	448
33.104	455
33.154	464
33.204	471
33.254	466
33.304	480
33.355	480
33.405	475
33.456	478
33.506	470
33.556	465
33.606	458
33.657	438
33.707	439
33.757	430
33.807	420
33.857	416
33.908	411
33.958	408
34.008	407
34.058	404
34.108	414
34.158	420
34.209	424
34.259	436
34.310	446
34.360	456
34.410	466
34.460	466
34.511	481
34.561	486
34.611	483
34.661	486
34.711	473
34.762	478
34.812	469
34.862	451
34.912	450
34.962	440
35.012	426
35.063	421
35.113	414
35.163	406
35.214	404
35.264	397
35.315	405
35.365	410
35.415	414
35.465	425
35.515	431
35.565	446
35.616	457
35.666	459
35.716	475
35.766	481
35.816	486
35.866	489
35.917	479
35.967	486
36.017	480
36.067	466
36.118	463
36.169	450
36.219	438
36.269	430
36.319	413
36.369	412
36.419	406
36.470	397
36.520	399
36.570	404
36.620	404
36.670	414
36.720	416
36.771	434
36.821	444
36.871	449
36.921	466
36.971	473
37.023	479
37.073	486
37.123	477
37.173	488
37.223	485
37.273	474
37.324	471
37.374	460
37.424	453
37.474	440
37.524	421
37.574	421
37.625	414
37.675	403
37.725	405
37.775	404
37.825	404
37.876	410
37.927	409
37.977	424
38.027	434
38.077	437
38.127	453
38.178	462
38.228	472
38.278	478
38.328	471
38.378	484
38.428	484
38.479	476
38.529	475
38.579	468
38.629	462
38.679	453
38.730	436
38.780	434
38.831	424
38.881	416
38.931	414
38.981	410
39.032	410
39.082	413
39.132	409
39.182	421
39.232	427
39.283	430
39.333	443
39.383	452
39.433	461
39.483	466
39.533	464
39.584	476
39.634	478
39.684	473
39.735	474
39.785	468
39.835	464
39.886	457
39.936	442
39.986	443
40.036	435
40.086	425
40.137	423
40.187	419
40.237	419
40.287	419
40.337	414
40.387	425
40.438	427
40.488	428
40.538	439
40.588	443
40.639	452
40.689	459
40.740	454
40.790	467
40.840	468
40.890	464
40.940	468
40.991	460
41.041	459
41.091	457
41.141	444
41.191	447
41.241	440
41.292	434
41.342	433
41.392	431
41.442	429
41.492	428
41.544	423
41.594	432
41.644	433
41.694	436
41.744	441
41.794	442
41.845	449
41.895	452
41.945	448
41.995	457
42.045	457
42.095	455
42.146	456
42.196	447
42.246	452
42.296	450
42.346	442
42.396	444
42.448	441
42.498	439
42.548	439
42.598	431
42.648	439
42.699	439
42.749	434
42.799	441
42.849	444
42.899	443
42.949	448
43.000	441
43.050	450
43.100	452
43.150	446
43.200	451
43.251	450
43.301	448
43.352	446
43.402	435
43.452	442
43.502	440
43.553	432
43.603	438
43.653	436
43.703	436
43.753	438
43.803	430
43.854	441
43.904	446
43.954	440
44.004	451
44.054	454
44.105	454
44.155	458
44.206	447
44.256	459
44.306	456
44.356	449
44.407	451
44.457	447
44.507	444
44.557	441
44.607	430
44.657	433
44.708	432
44.758	420
44.808	429
44.858	428
44.908	430
44.959	435
45.009	429
45.059	442
45.110	446
45.160	446
45.210	457
45.261	460
45.311	465
45.361	468
45.411	457
45.461	468
45.512	466
45.562	456
45.612	459
45.662	452
45.712	447
45.762	441
45.813	427
45.863	429
45.913	424
45.963	416
46.014	418
46.064	419
46.115	421
46.165	422
46.215	422
46.265	435
46.315	441
46.366	446
46.416	455
46.466	461
46.516	467
46.566	472
46.616	467
46.667	477
46.717	475
46.767	467
46.817	469
46.867	459
46.918	454
46.969	447
47.019	429
47.069	430
47.119	423
47.169	414
47.220	413
47.270	411
47.320	412
47.370	413
47.420	412
47.470	425
47.521	432
47.571	438
47.621	449
47.671	470
47.721	468
47.771	473
47.823	472
47.873	482
47.923	482
47.973	478
48.023	479
48.074	465
48.124	465
48.174	455
48.224	436
48.274	436
48.324	427
48.375	416
48.425	412
48.475	411
48.525	406
48.575	409
48.625	404
48.676	415
48.727	421
48.777	428
48.827	442
48.877	447
48.928	460
48.978	468
49.028	469
49.078	482
49.128	484
49.178	485
49.229	486
49.279	471
49.329	476
49.379	467
49.429	451
49.480	447
49.530	437
49.580	424
49.631	417
49.681	407
49.731	407
49.782	404
49.832	400
49.882	408
49.932	411
49.982	418
50.032	428
50.083	430
50.133	450
50.183	459
50.233	460
50.283	478
50.334	482
50.384	485
50.434	488
50.484	476
50.535	482
50.585	474
50.636	462
50.686	456
50.736	446
50.786	436
50.836	426
50.886	412
50.937	413
50.987	409
51.037	401
51.087	407
51.137	410
51.188	413
51.238	422
51.288	423
51.338	440
51.388	450
51.439	454
51.490	467
51.540	474
51.590	479
51.640	481
51.690	473
51.740	482
51.791	479
51.841	466
51.891	465
51.941	455
51.991	447
52.042	436
52.092	422
52.142	422
52.192	416
52.242	410
52.292	411
52.344	413
52.394	416
52.444	420
52.494	420
52.544	434
52.595	442
52.645	446
52.695	459
52.745	463
52.795	471
52.845	474
52.896	465
52.946	476
52.996	474
53.046	465
53.096	465
53.146	457
53.197	452
53.248	444
53.298	430
53.348	432
53.398	425
53.449	419
53.499	421
53.549	419
53.599	421
53.649	423
53.699	421
53.750	432
53.800	439
53.850	441
53.900	452
53.950	456
54.000	460
54.051	465
54.101	457
54.152	467
54.202	467
54.252	460
54.303	459
54.353	454
54.403	452
54.453	445
54.503	433
54.553	438
54.604	434
54.654	429
54.704	429
54.754	442
54.804	431
54.854	431
54.905	426
54.955	438
55.006	441
55.056	442
55.106	449
55.157	449
55.207	456
55.257	457
55.307	451
55.357	458
55.407	457
55.458	452
55.508	453
55.558	447
55.608	446
55.658	444
55.708	433
55.759	439
55.809	437
55.859	433
55.910	436
55.960	438
56.011	439
56.061	443
56.111	436
56.161	446
56.211	447
56.261	449
56.312	455
56.362	447
56.412	454
56.462	455
56.512	447
56.563	451
56.613	447
56.663	444
56.713	443
56.763	437
56.814	438
56.865	436
56.915	429
56.965	434
57.015	435
57.065	434
57.115	439
57.166	433
57.216	444
57.266	448
57.316	447
57.366	455
57.417	457
57.467	458
57.517	464
57.567	452
57.617	462
57.667	459
57.719	450
57.769	452
57.819	447
57.869	440
57.919	437
57.969	425
58.020	431
58.070	427
58.120	421
58.170	424
58.220	426
58.271	428
58.321	433
58.371	431
58.421	442
58.471	450
58.521	449
58.572	461
58.623	463
58.673	468
58.723	471
58.773	461
58.824	471
58.874	467
58.924	457
58.974	458
59.024	451
59.074	444
59.125	437
59.175	424
59.225	425
59.275	421
59.325	412
59.375	416
59.426	417
59.476	420
59.527	423
59.577	424
59.627	436
59.678	444
59.728	444
59.778	459
59.828	464
59.878	472
59.928	477
59.979	467
60.029	479
60.079	477
60.129	470
60.179	467
60.229	458
60.280	451
60.330	445
60.380	428
60.431	427
60.481	419
60.532	412
60.582	412
60.632	409
60.682	411
60.732	415
60.782	413
60.833	427
60.883	434
60.933	440
60.983	453
61.033	460
61.083	471
61.134	477
61.184	470
61.234	485
61.284	485
61.335	478
61.386	478
61.436	469
61.486	463
61.536	454
61.586	440
61.636	432
61.687	425
61.737	414
61.787	410
61.837	410
61.887	406
61.937	407
61.988	401
62.038	417
62.088	422
62.138	430
62.188	443
62.240	447
62.290	462
62.340	472
62.390	468
62.440	485
62.490	488
62.541	486
62.591	486
62.641	475
62.691	475
62.741	466
62.792	449
62.842	444
62.892	434
62.942	422
62.992	416
63.042	407
63.093	405
63.144	403
63.194	397
63.244	407
63.294	413
63.344	418
63.395	432
63.445	439
63.495	452
63.545	462
63.595	465
63.646	479
63.696	484
63.746	486
63.796	488
63.846	475
63.896	482
63.947	476
63.997	459
64.048	457
64.098	445
64.148	434
64.198	427
64.249	411
64.299	411
64.349	408
64.399	399
64.449	405
64.500	409
64.550	412
64.600	423
64.650	421
64.700	441
64.750	450
64.801	455
64.851	469
64.902	475
64.952	480
65.002	484
65.052	475
65.103	482
65.153	478
65.203	464
65.253	465
65.303	455
65.354	445
65.404	437
65.454	423
65.504	422
65.554	418
65.604	410
65.655	413
65.705	414
65.755	416
65.806	421
65.856	419
65.907	434
65.957	443
66.007	446
66.057	458
66.107	463
66.157	468
66.208	474
66.258	466
66.308	475
66.358	472
66.408	464
66.458	465
66.509	457
66.559	453
66.609	444
66.659	431
66.710	434
66.761	429
66.811	420
66.861	423
66.911	423
66.961	424
67.011	427
67.062	424
67.112	435
67.162	440
67.212	442
67.262	450
67.312	454
67.363	459
67.413	461
67.463	456
67.513	464
67.563	464
67.615	458
67.665	458
67.715	454
67.765	453
67.815	448
67.865	434
67.916	440
67.966	439
68.016	433
68.066	435
68.116	434
68.166	435
68.217	435
68.267	432
68.317	443
68.367	446
68.417	442
68.468	448
68.519	447
68.569	451
68.619	452
68.669	445
68.719	452
68.770	451
68.820	445
68.870	449
68.920	459
68.970	446
69.020	446
69.071	437
69.121	444
69.171	445
69.221	443
69.271	446
69.322	445
69.372	448
69.423	450
69.473	442
69.523	451
69.573	451
69.624	448
69.674	451
69.724	447
69.774	447
69.824	446
69.875	437
69.925	440
69.975	439
70.025	436
70.075	438
70.125	431
70.176	436
70.226	437
70.276	432
70.327	443
70.377	443
70.427	448
70.478	454
70.528	447
70.578	458
70.628	462
70.678	456
70.729	464
70.779	462
70.829	459
70.879	458
70.929	446
70.979	450
71.030	444
71.080	432
71.130	435
71.180	431
71.231	425
71.281	425
71.332	418
71.382	425
71.432	427
71.482	425
71.532	435
71.583	439
71.633	444
71.683	453
71.733	449
71.783	465
71.833	470
71.884	465
71.934	475
71.984	473
72.034	472
72.084	468
72.136	456
72.186	458
72.236	451
72.286	437
72.336	437
72.386	428
72.437	422
72.487	419
72.537	408
72.587	415
72.637	416
72.687	416
72.738	424
72.788	430
72.838	437
72.888	446
72.938	446
72.988	462
73.040	469
73.090	470
73.140	480
73.190	480
73.240	483
73.291	479
73.341	466
73.391	467
73.441	461
73.491	448
73.541	442
73.592	433
73.642	427
73.692	418
73.742	409
73.792	410
73.843	409
73.893	407
73.944	415
73.994	419
74.044	427
74.094	436
74.145	437
74.195	457
74.245	466
74.295	467
74.345	479
74.395	482
74.446	486
74.496	486
74.546	474
74.596	478
74.646	471
74.697	456
74.747	453
74.798	441
74.848	432
74.898	424
74.948	408
74.999	411
75.049	407
75.099	401
75.149	408
75.199	413
75.249	420
75.300	427
75.350	431
75.400	446
75.450	455
75.500	463
75.551	475
75.601	479
75.651	487
75.702	486
75.752	478
75.802	483
75.853	478
75.903	467
75.953	461
76.003	451
76.053	444
76.104	432
76.154	418
76.204	416
76.254	411
76.304	406
76.354	408
76.405	413
76.455	414
76.505	420
76.555	422
76.606	437
76.656	446
76.707	453
76.757	466
76.807	467
76.857	479
76.907	482
76.958	476
77.008	484
77.058	478
77.108	471
77.158	468
77.208	454
77.259	450
77.309	442
77.359	429
77.409	425
77.459	420
77.510	414
77.561	415
77.611	407
77.661	415
77.711	420
77.761	421
77.812	434
77.862	440
77.912	448
77.962	457
78.012	454
78.062	470
78.113	474
78.163	471
78.213	478
78.263	475
78.313	471
78.363	468
78.415	453
78.465	456
78.515	449
78.565	435
78.615	434
78.666	429
78.716	424
78.766	421
78.816	415
78.866	422
78.916	423
78.967	424
79.017	433
79.067	437
79.117	444
79.167	449
79.217	445
79.268	462
79.319	466
79.369	458
79.419	470
79.469	468
79.520	467
79.570	464
79.620	451
79.670	456
79.720	449
79.770	442
79.821	443
79.871	435
79.921	432
79.971	430
80.021	424
80.072	430
80.122	431
80.172	428
80.223	437
80.273	440
80.323	445
80.374	449
80.424	445
80.474	457
80.524	458
80.574	455
80.624	460
80.675	459
80.725	459
80.775	456
80.825	444
80.875	449
80.926	447
80.976	439
81.026	442
81.076	439
81.127	438
81.177	439
81.228	432
81.278	440
81.328	440
81.378	440
81.428	446
81.478	449
81.529	452
81.579	453
81.629	448
81.679	456
81.729	454
81.780	452
81.830	454
81.880	449
81.930	450
81.980	446
82.031	439
82.082	442
82.132	440
82.182	434
82.232	438
82.282	437
82.332	439
82.383	440
82.433	437
82.483	446
82.533	449
82.583	449
82.634	456
82.684	454
82.734	460
82.784	461
82.834	455
82.884	460
82.936	457
82.986	452
83.036	451
83.086	445
83.136	444
83.187	439
83.237	429
83.287	433
83.337	431
83.387	428
83.437	430
83.488	431
83.538	435
83.588	437
83.638	435
83.688	446
83.738	452
83.789	456
83.840	461
83.890	461
83.940	469
83.990	469
84.041	462
84.091	468
84.141	465
84.191	459
84.241	456
84.291	446
84.342	443
84.392	437
84.442	426
84.492	428
84.542	423
84.592	418
84.643	422
84.693	415
84.744	426
84.794	430
84.844	432
84.895	443
84.945	450
84.995	456
85.045	464
85.095	461
85.145	473
85.196	476
85.246	469
85.296	478
85.346	474
85.396	468
85.446	464
85.497	447
85.547	447
85.598	440
85.648	427
85.698	425
85.749	420
85.799	414
85.849	415
85.899	407
85.949	416
85.999	421
86.050	422
86.100	434
86.150	443
86.200	450
86.250	461
86.300	459
86.351	475
86.401	480
86.451	475
86.502	485
86.552	482
86.603	479
86.653	474
86.703	457
86.753	457
86.803	450
86.853	434
86.904	431
86.954	422
87.004	416
87.054	412
87.104	402
87.155	410
87.205	412
87.255	412
87.305	424
87.355	431
87.406	442
87.457	452
87.507	453
87.557	468
87.607	476
87.657	476
87.707	486
87.758	484
87.808	485
87.858	480
87.908	466
87.958	467
88.009	458
88.059	444
88.109	439
88.159	429
88.209	421
88.259	416
88.311	405
88.361	408
88.411	410
88.461	409
88.511	418
88.561	423
88.612	436
88.662	444
88.712	446
88.762	462
88.812	470
88.863	470
88.913	483
88.963	482
89.013	486
89.063	483
89.113	470
89.164	473
89.215	464
89.265	453
89.315	447
89.365	437
89.416	428
89.466	421
89.516	410
89.566	414
89.616	412
89.666	409
89.717	417
89.767	422
89.817	429
89.867	437
89.917	439
89.967	455
90.018	462
90.068	467
90.119	475
90.169	487
90.219	481
90.270	480
90.320	473
90.370	473
90.420	468
90.470	458
90.520	454
90.571	442
90.621	437
90.671	429
90.721	418
90.771	420
90.821	419
90.872	414
90.922	419
90.972	423
91.023	430
91.073	433
91.124	435
91.174	449
91.224	455
91.274	459
91.324	469
91.374	463
91.425	475
91.475	475
91.525	465
91.575	471
91.625	466
91.675	460
91.726	455
91.776	439
91.826	444
91.876	437
91.927	425
91.978	429
92.028	426
92.078	422
92.128	425
92.178	421
92.228	431
92.279	436
92.329	435
92.379	447
92.429	450
92.479	456
92.529	462
92.580	455
92.630	467
92.680	467
92.730	461
92.780	464
92.832	461
92.882	456
92.932	454
92.982	441
93.032	443
93.082	439
93.133	430
93.183	434
93.233	433
93.283	432
93.333	434
93.384	426
93.434	439
93.484	442
93.534	441
93.584	450
93.634	453
93.685	456
93.736	459
93.786	452
93.836	462
93.886	459
93.936	453
93.987	457
94.037	452
94.087	451
94.137	446
94.187	435
94.238	441
94.288	437
94.338	433
94.388	436
94.438	434
94.488	438
94.539	439
94.589	435
94.640	445
94.690	451
94.740	448
94.790	456
94.841	458
94.891	460
94.941	461
94.991	450
95.041	459
95.092	457
95.142	450
95.192	450
95.242	446
95.292	443
95.342	440
95.393	430
95.443	435
95.494	434
95.544	429
95.594	434
95.644	436
95.695	439
95.745	443
95.795	439
95.845	451
95.895	455
95.946	453
95.996	463
96.046	461
96.096	465
96.146	465
96.196	455
96.247	460
96.297	457
96.347	448
96.398	447
96.448	440
96.499	436
96.549	434
96.599	423
96.649	429
96.699	428
96.749	422
96.800	431
96.850	432
96.900	437
96.950	443
97.000	440
97.050	454
97.101	459
97.151	460
97.201	468
97.251	480
97.302	472
97.353	471
97.403	462
97.453	465
97.503	461
97.553	452
97.603	449
97.654	439
97.704	435
97.754	430
97.804	420
97.854	422
97.904	420
97.955	417
98.005	421
98.055	425
98.105	432
98.155	435
98.207	438
98.257	451
98.307	457
98.357	462
98.407	472
98.457	469
98.508	477
98.558	478
98.608	471
98.658	475
98.708	466
98.758	460
98.809	455
98.859	439
98.909	438
98.959	431
99.009	419
99.060	419
99.111	415
99.161	410
99.211	414
99.261	411
99.311	422
99.362	428
99.412	430
99.462	444
99.512	452
99.562	459
99.612	469
99.663	464
99.713	480
99.763	482
99.813	477
99.863	483
99.914	477
99.964	471
100.015	464
100.065	448
100.115	446
100.165	436
100.216	424
100.266	420
100.316	414
100.366	409
100.416	409
100.467	406
100.517	414
100.567	420
100.617	421
100.667	436
100.717	444
100.768	454
100.818	464
100.868	462
100.919	478
100.969	482
101.019	478
101.070	485
101.120	480
101.170	476
101.220	470
101.270	454
101.321	454
101.371	443
101.421	430
101.471	428
101.521	419
101.571	414
101.622	410
101.672	404
101.722	410
101.772	414
101.823	416
101.873	429
101.924	436
101.974	447
102.024	455
102.074	457
102.124	474
102.175	477
102.225	478
102.275	485
102.325	481
102.375	481
102.425	475
102.476	461
102.526	460
102.576	451
102.626	438
102.676	433
102.728	425
102.778	420
102.828	415
102.878	407
102.928	412
102.978	414
103.029	414
103.079	424
103.129	430
103.179	438
103.229	447
103.279	448
103.330	463
103.380	471
103.430	473
103.480	478
103.530	491
103.580	477
103.632	474
103.682	462
103.732	463
103.782	457
103.832	443
103.883	441
103.933	447
103.983	430
104.033	421
104.083	414
104.133	417
104.184	418
104.234	416
104.284	425
104.334	429
104.384	437
104.435	443
104.485	443
104.536	457
104.586	462
104.636	464
104.686	471
104.737	467
104.787	472
104.837	470
104.887	458
104.937	463
104.987	455
105.038	448
105.088	444
105.138	435
105.188	432
105.238	429
105.289	421
105.339	424
105.390	423
105.440	424
105.490	429
105.540	433
105.591	438
105.641	444
105.691	440
105.741	452
105.791	456
105.841	459
105.892	462
105.942	455
105.992	464
106.042	461
106.092	450
106.143	456
106.193	451
106.243	446
106.294	444
106.344	433
106.394	437
106.445	434
106.495	427
106.545	432
106.595	433
106.645	432
106.696	437
106.746	432
106.796	444
106.846	448
106.896	443
106.946	453
106.997	455
107.047	456
107.097	458
107.147	448
107.198	455
107.248	453
107.299	446
107.349	449
107.399	445
107.449	440
107.499	441
107.550	429
107.600	437
107.650	434
107.700	429
107.750	436
107.800	439
107.851	442
107.901	446
107.951	439
108.001	451
108.051	454
108.102	450
108.153	458
108.203	457
108.253	457
108.303	456
108.353	445
108.404	451
108.454	447
108.504	439
108.554	441
108.604	437
108.654	434
108.705	431
108.755	421
108.805	430
108.855	431
108.905	430
108.955	439
109.007	439
109.057	446
109.107	450
109.157	448
109.207	459
109.258	462
109.308	458
109.358	463
109.408	463
109.458	462
109.508	460
109.559	448
109.609	453
109.659	448
109.709	437
109.759	437
109.809	430
109.860	426
109.911	425
109.961	416
110.011	423
110.061	425
110.112	424
110.162	432
110.212	436
110.262	444
110.312	449
110.362	449
110.413	462
110.463	466
110.513	466
110.563	472
110.613	464
110.664	469
110.714	466
110.764	454
110.815	457
110.865	447
110.915	438
110.966	435
111.016	429
111.066	425
111.116	420
111.166	411
111.216	414
111.267	418
111.317	418
111.367	425
111.417	431
111.467	437
111.518	447
111.568	449
111.618	461
111.668	466
111.719	468
111.769	476
111.820	471
111.870	477
111.920	474
111.970	462
112.020	463
112.070	455
112.121	445
112.171	439
112.221	423
112.271	422
112.321	417
112.372	406
112.422	411
112.472	411
112.522	410
112.572	418
112.623	419
112.674	431
112.724	439
112.774	442
112.824	457
112.874	464
112.924	470
112.975	477
113.025	469
113.075	482
113.125	480
113.175	469
113.226	469
113.276	463
113.326	453
113.376	444
113.426	425
113.476	427
113.528	419
113.578	408
113.628	409
113.678	409
113.728	406
113.779	411
113.829	408
113.879	423
113.929	431
113.979	434
114.029	449
114.080	457
114.130	465
114.180	473
114.230	468
114.280	480
114.330	481
114.381	475
114.432	475
114.482	467
114.532	462
114.582	453
114.633	435
114.683	433
114.733	426
114.783	412
114.833	414
114.883	410
114.934	408
114.984	409
115.034	408
115.084	419
115.134	423
115.184	428
115.235	440
115.285	449
115.336	460
115.386	466
115.436	464
115.487	477
115.537	479
115.587	474
115.637	478
115.687	471
115.737	466
115.788	459
115.838	439
115.888	442
115.938	433
115.988	421
116.038	419
116.089	413
116.139	412
116.190	411
116.240	407
116.290	416
116.341	420
116.391	424
116.441	435
116.491	442
116.541	451
116.591	460
116.642	457
116.692	470
116.742	473
116.792	470
116.842	474
116.892	469
116.943	467
116.993	461
117.043	446
117.094	446
117.144	438
117.195	424
117.245	425
117.295	419
117.345	417
117.395	416
117.445	409
117.496	419
117.546	421
117.596	424
117.646	433
117.696	438
117.747	447
117.797	454
117.847	451
117.897	464
117.947	467
117.998	465
118.049	468
118.099	465
118.149	464
118.199	459
118.249	446
118.299	447
118.350	441
118.400	432
118.450	431
118.500	426
118.550	425
118.601	423
118.651	413
118.701	424
118.751	423
118.801	428
118.851	434
118.903	438
118.953	446
119.003	452
119.053	445
119.103	459
119.153	462
119.204	459
119.254	462
119.304	455
119.354	458
119.404	454
119.455	443
119.505	446
119.555	441
119.605	434
119.655	433
119.705	419
119.756	427
119.807	426
119.857	420
119.907	429
119.957	431
120.008	432
120.058	438
120.108	435
120.158	447
120.208	452
120.258	449
120.309	457
120.359	459
120.409	457
120.459	457
120.509	448
120.559	452
120.610	448
120.660	438
120.711	442
120.761	436
120.811	430
120.862	431
120.912	420
120.962	429
121.012	430
121.062	423
121.112	434
121.163	436
121.213	438
121.263	444
121.313	439
121.363	451
121.413	455
121.464	452
121.514	459
121.564	459
121.615	458
121.665	457
121.716	445
121.766	449
121.816	445
121.866	435
121.916	436
121.966	431
122.017	428
122.067	425
122.117	417
122.167	425
122.217	427
122.267	424
122.318	433
122.368	436
122.418	442
122.468	448
122.519	442
122.570	458
122.620	461
122.670	456
122.720	465
122.770	463
122.820	463
122.871	458
122.921	446
122.971	449
123.021	443
123.071	433
123.121	432
123.172	427
123.222	423
123.272	419
123.322	410
123.372	419
123.424	421
123.474	421
123.524	429
123.574	434
123.624	440
123.674	449
123.725	447
123.775	459
123.825	465
123.875	464
123.925	470
123.976	467
124.026	469
124.076	465
124.126	452
124.176	454
124.226	447
124.277	435
124.328	431
124.378	425
124.428	420
124.478	416
124.528	406
124.579	413
124.629	414
124.679	414
124.729	423
124.779	441
124.830	435
124.880	443
124.930	444
124.980	459
125.030	464
125.080	467
125.131	475
125.181	468
125.232	475
125.282	474
125.332	459
125.382	461
125.433	453
125.483	441
125.533	436
125.583	427
125.633	418
125.684	414
125.734	405
125.784	409
125.834	408
125.884	407
125.934	415
125.985	421
126.035	428
126.086	437
126.136	437
126.186	454
126.236	462
126.287	467
126.337	475
126.387	469
126.437	480
126.487	477
126.538	467
126.588	469
126.638	460
126.688	450
126.738	443
126.788	427
126.839	426
126.889	418
126.939	405
126.990	409
127.040	406
127.091	403
127.141	409
127.191	407
127.241	419
127.291	427
127.341	430
127.392	447
127.442	454
127.492	461
127.542	472
127.592	464
127.642	479
127.693	481
127.743	471
127.793	474
127.843	466
127.894	458
127.945	452
127.995	433
128.045	433
128.095	425
128.145	411
128.195	411
128.246	407
128.296	404
128.346	407
128.396	404
128.446	416
128.496	422
128.547	425
128.597	439
128.647	448
128.697	456
128.747	465
128.799	461
128.849	475
128.899	479
128.949	471
128.999	475
129.049	469
129.100	465
129.150	458
129.200	438
129.250	440
129.300	430
129.350	417
129.401	416
129.451	411
129.501	409
129.551	409
129.601	402
129.652	413
129.703	418
129.753	420
129.803	435
129.853	442
129.903	450
129.954	458
130.004	453
130.054	470
130.104	472
130.154	470
130.204	474
130.255	468
130.305	467
130.355	460
130.405	444
130.455	445
130.506	437
130.556	425
130.607	423
130.657	418
130.707	414
130.757	412
130.808	404
130.858	415
130.908	417
130.958	420
131.008	432
131.059	435
131.109	446
131.159	451
131.209	450
131.259	463
131.309	466
131.360	465
131.410	469
131.460	465
131.511	464
131.561	461
131.611	445
131.662	447
131.712	438
131.762	431
131.812	429
131.862	437
131.913	420
131.963	418
132.013	411
132.063	417
132.113	420
132.163	421
132.214	431
132.264	435
132.314	443
132.364	448
132.415	447
132.465	459
132.516	462
132.566	460
132.616	465
132.666	457
132.716	461
132.767	456
132.817	444
132.867	447
132.917	439
132.967	433
133.017	432
133.068	423
133.118	424
133.168	422
133.218	416
133.268	424
133.320	426
133.370	425
133.420	432
133.470	431
133.520	443
133.570	447
133.621	445
133.671	457
133.721	458
133.771	458
133.821	461
133.871	449
133.922	456
133.972	453
134.022	443
134.072	444
134.122	439
134.172	433
134.224	431
134.274	421
134.324	426
134.374	425
134.424	420
134.475	427
134.525	429
134.575	430
134.625	437
134.675	434
134.725	447
134.776	451
134.826	449
134.876	458
134.926	458
134.976	458
135.027	459
135.077	448
135.128	454
135.178	449
135.228	439
135.278	441
135.329	435
135.379	429
135.429	426
135.479	418
135.529	425
135.579	423
135.630	418
135.680	427
135.730	431
135.780	435
135.830	440
135.881	434
135.931	450
135.982	455
136.032	452
136.082	462
136.132	463
136.183	462
136.233	462
136.283	449
136.333	455
136.383	448
136.433	437
136.484	437
136.534	431
136.584	426
136.634	423
136.684	412
136.735	418
136.785	419
136.835	416
136.886	423
136.936	427
136.986	432
137.037	440
137.087	437
137.137	452
137.187	458
137.237	458
137.288	466
137.338	467
137.388	468
137.438	466
137.488	455
137.538	458
137.589	451
137.639	442
137.689	439
137.739	430
137.790	426
137.840	421
137.891	408
137.941	413
137.991	413
138.041	409
138.091	419
138.142	421
138.192	429
138.242	435
138.292	434
138.342	450
138.392	457
138.443	460
138.493	469
138.543	469
138.593	474
138.643	473
138.694	462
138.745	466
138.795	459
138.845	448
138.895	444
138.945	445
138.996	427
139.046	420
139.096	408
139.146	411
139.196	407
139.246	403
139.297	409
139.347	415
139.397	421
139.447	427
139.497	427
139.547	444
139.599	452
139.649	457
139.699	469
139.749	465
139.799	477
139.850	477
139.900	469
139.950	472
140.000	467
140.050	457
140.100	450
140.151	431
140.201	432
140.251	424
140.301	408
140.351	411
140.401	407
140.452	401
140.503	405
140.553	403
140.603	412
140.653	419
140.704	421
140.754	436
140.804	445
140.854	453
140.904	464
140.954	462
141.005	477
141.055	478
141.105	470
141.155	477
141.205	473
141.256	467
141.306	460
141.356	442
141.407	442
141.457	431
141.507	417
141.558	416
141.608	408
141.658	403
141.708	404
141.758	398
141.808	407
141.859	412
141.909	414
141.959	426
142.009	436
142.059	446
142.110	456
142.160	456
142.210	473
142.260	477
142.311	473
142.361	480
142.412	476
142.462	472
142.512	467
142.562	450
142.612	450
142.662	439
142.713	426
142.763	421
142.813	414
142.863	408
142.913	405
142.964	397
143.014	405
143.064	408
143.114	408
143.164	420
143.215	428
143.266	438
143.316	450
143.366	449
143.416	466
143.466	472
143.516	472
143.567	479
143.617	477
143.667	476
143.717	473
143.767	457
143.818	458
143.868	449
143.918	434
143.968	431
144.018	421
144.068	415
144.120	408
144.170	400
144.220	406
144.270	407
144.320	406
144.371	416
144.421	423
144.471	432
144.521	441
144.571	441
144.621	458
144.672	465
144.722	465
144.772	474
144.822	472
144.872	475
144.922	472
144.973	458
145.024	461
145.074	453
145.124	440
145.174	438
145.225	427
145.275	421
145.325	415
145.375	406
145.425	411
145.475	408
145.526	407
145.576	417
145.626	436
145.676	429
145.726	436
145.776	436
145.827	451
145.877	457
145.928	459
145.978	469
146.028	476
146.079	470
146.129	467
146.179	459
146.229	463
146.279	454
146.329	446
146.380	441
146.430	431
146.480	428
146.530	422
146.580	412
146.630	416
146.681	414
146.731	412
146.782	419
146.832	422
146.882	428
146.933	434
146.983	432
147.033	447
147.083	452
147.133	456
147.183	462
147.234	459
147.284	465
147.334	464
147.384	456
147.434	459
147.484	452
147.535	445
147.585	441
147.635	427
147.686	432
147.736	426
147.787	416
147.837	421
147.887	421
147.937	417
147.987	422
148.037	419
148.088	430
148.138	435
148.188	434
148.238	448
148.288	452
148.339	453
148.389	459
148.439	450
148.489	462
148.539	460
148.590	451
148.641	455
148.691	449
148.741	444
148.791	441
148.841	424
148.891	432
148.942	428
148.992	418
149.042	423
149.092	423
149.142	424
149.193	428
149.243	420
149.293	436
149.343	440
149.393	440
149.443	449
149.495	452
149.545	456
149.595	458
149.645	450
149.695	459
149.745	457
149.796	450
149.846	451
149.896	446
149.946	440
149.996	437
150.047	425
150.097	431
150.147	428
150.197	417
150.247	424
150.297	424
150.348	424
150.399	429
150.449	426
150.499	439
150.549	445
150.600	442
150.650	453
150.700	454
150.750	459
150.800	461
150.850	450
150.901	459
150.951	456
151.001	448
151.051	449
151.101	443
151.151	438
151.202	432
151.252	421
151.303	426
151.353	423
151.403	417
151.454	423
151.504	422
151.554	427
151.604	430
151.654	426
151.704	441
151.755	444
151.805	447
151.855	456
151.905	455
151.955	461
152.005	463
152.056	451
152.106	462
152.156	455
152.207	451
152.257	447
152.308	441
152.358	437
152.408	431
152.458	418
152.508	423
152.558	419
152.609	414
152.659	420
152.709	435
152.759	425
152.809	429
152.859	427
152.910	441
152.960	446
153.010	450
153.060	458
153.111	457
153.162	465
153.212	465
153.262	456
153.312	463
153.362	459
153.412	451
153.463	450
153.513	440
153.563	436
153.613	431
153.663	418
153.713	421
153.764	415
153.814	412
153.864	416
153.914	415
153.964	422
154.016	426
154.066	426
154.116	440
154.166	446
154.216	450
154.266	460
154.317	455
154.367	467
154.417	466
154.467	461
154.517	465
154.568	462
154.618	456
154.668	451
154.718	435
154.768	437
154.818	430
154.869	419
154.920	421
154.970	416
155.020	411
155.070	414
155.120	410
155.171	420
155.221	425
155.271	424
155.321	438
155.371	443
155.422	448
155.472	458
155.522	453
155.572	466
155.622	468
155.672	464
155.723	466
155.773	464
155.824	456
155.874	455
155.924	436
155.974	439
156.025	433
156.075	420
156.125	420
156.175	416
156.225	411
156.276	412
156.326	406
156.376	418
156.426	422
156.476	421
156.526	435
156.577	441
156.627	448
156.678	455
156.728	451
156.778	464
156.828	468
156.879	463
156.929	468
156.979	464
157.029	461
157.079	455
157.130	440
157.180	442
157.230	433
157.280	421
157.330	423
157.380	417
157.431	416
157.481	415
157.531	410
157.582	417
157.632	420
157.683	422
157.733	434
157.783	440
157.833	446
157.883	453
157.933	452
157.984	463
158.034	467
158.084	461
158.134	465
158.184	462
158.234	460
158.285	454
158.335	441
158.385	442
158.435	437
158.486	426
158.537	424
158.587	420
158.637	418
158.687	417
158.737	410
158.787	419
158.838	422
158.888	424
158.938	433
158.988	438
159.038	445
159.088	453
159.139	448
159.189	462
159.239	463
159.289	461
159.339	465
159.391	459
159.441	459
159.491	455
159.541	440
159.591	441
159.641	435
159.692	426
159.742	427
159.792	421
159.842	420
159.892	419
159.942	414
159.993	421
160.043	425
160.093	424
160.143	433
160.193	437
160.244	447
160.295	453
160.345	448
160.395	460
160.445	463
160.495	461
160.546	463
160.596	454
160.646	457
160.696	453
160.746	440
160.796	441
160.847	434
160.897	427
160.947	426
160.997	415
161.047	420
161.098	419
161.148	412
161.199	422
161.249	425
161.299	428
161.349	435
161.400	437
161.450	447
161.500	454
161.550	448
161.600	460
161.651	462
161.701	462
161.751	464
161.801	451
161.851	456
161.901	452
161.952	442
162.002	440
162.052	435
162.103	427
162.153	425
162.203	412
162.254	419
162.304	420
162.354	415
162.404	422
162.454	426
162.505	428
162.555	437
162.605	433
162.655	449
162.705	453
162.755	451
162.806	461
162.856	462
162.906	464
162.956	462
163.007	450
163.057	457
163.108	452
163.158	440
163.208	439
163.258	433
163.308	429
163.359	424
163.409	412
163.459	417
163.509	418
163.559	416
163.609	423
163.660	425
163.710	430
163.760	437
163.810	432
163.860	449
163.912	455
163.962	453
164.012	465
164.062	463
164.112	464
164.162	464
164.213	450
164.263	458
164.313	451
164.363	440
164.413	440
164.463	432
164.514	427
164.564	423
164.614	410
164.664	417
164.714	417
164.764	414
164.816	421
164.866	425
164.916	430
164.966	437
165.016	435
165.067	451
165.117	456
165.167	456
165.217	464
165.267	462
165.317	466
165.368	466
165.418	453
165.468	459
165.518	453
165.568	442
165.619	439
165.669	433
165.720	426
165.770	423
165.820	410
165.870	415
165.921	415
165.971	411
166.021	419
166.071	424
166.121	428
166.171	436
166.222	434
166.272	448
166.322	456
166.372	457
166.422	465
166.473	465
166.523	468
166.574	468
166.624	457
166.674	461
166.724	455
166.775	444
166.825	442
166.875	434
166.925	427
166.975	422
167.025	412
167.076	415
167.126	413
167.176	410
167.226	415
167.276	422
167.327	428
167.377	433
167.427	432
167.478	447
167.528	453
167.578	456
167.629	464
167.679	460
167.729	470
167.779	471
167.829	464
167.880	463
167.930	458
167.980	450
168.030	445
168.080	433
168.130	430
168.181	423
168.231	412
168.281	415
168.331	413
168.382	410
168.432	415
168.483	415
168.533	424
168.583	430
168.633	432
168.683	445
168.734	451
168.784	456
168.834	464
168.884	457
168.934	469
168.984	470
169.035	460
169.085	464
169.135	459
169.185	454
169.235	447
169.286	430
169.337	431
169.387	425
169.437	413
169.487	416
169.537	414
169.588	409
169.638	415
169.688	409
169.738	423
169.788	430
169.838	430
169.889	441
169.939	447
169.989	454
170.039	463
170.089	457
170.139	469
170.191	469
170.241	462
170.291	465
170.341	460
170.391	455
170.442	449
170.492	433
170.542	435
170.592	428
170.642	416
170.692	417
170.743	415
170.793	413
170.843	414
170.893	409
170.943	421
170.993	426
171.044	428
171.095	439
171.145	446
171.195	453
171.245	461
171.296	455
171.346	469
171.396	469
171.446	463
171.496	467
171.546	461
171.597	457
171.647	450
171.697	436
171.747	438
171.797	431
171.848	420
171.898	419
171.948	416
171.999	414
172.049	416
172.099	409
172.150	420
172.200	425
172.250	426
172.300	437
172.350	443
172.400	452
172.451	458
172.501	452
172.551	467
172.601	468
172.651	465
172.702	466
172.752	461
172.802	459
172.852	452
172.903	437
172.953	438
173.004	431
173.054	422
173.104	422
173.154	417
173.204	415
173.254	416
173.305	410
173.355	419
173.405	424
173.455	427
173.505	436
173.556	454
173.606	451
173.656	455
173.706	453
173.756	466
173.807	467
173.858	462
173.908	465
173.958	459
174.008	457
174.058	452
174.108	438
174.159	440
174.209	433
174.259	425
174.309	423
174.359	419
174.410	417
174.460	417
174.510	411
174.560	421
174.610	424
174.660	428
174.712	437
174.762	439
174.812	449
174.862	456
174.912	453
174.963	465
175.013	466
175.063	463
175.113	466
175.163	455
175.213	458
175.264	453
175.314	440
175.364	441
175.414	433
175.464	425
175.514	423
175.565	413
175.616	417
175.666	416
175.716	412
175.766	420
175.817	425
175.867	428
175.917	436
175.967	436
176.017	449
176.067	455
176.118	453
176.168	465
176.218	465
176.268	464
176.318	465
176.368	453
176.419	459
176.469	454
176.520	441
176.570	441
176.620	433
176.671	426
176.721	423
176.771	411
176.821	416
176.871	416
176.921	410
176.972	419
177.022	423
177.072	428
177.122	438
177.172	433
177.222	449
177.273	453
177.323	454
177.374	464
177.424	465
177.474	469
177.525	468
177.575	454
177.625	461
177.675	456
177.725	444
177.775	442
177.826	433
177.876	428
177.926	423
177.976	412
178.026	415
178.076	413
178.127	410
178.177	418
178.227	421
178.278	426
178.328	433
178.379	432
178.429	448
178.479	454
178.529	454
178.579	464
178.629	467
178.680	470
178.730	469
178.780	458
178.830	464
178.880	459
178.931	448
178.981	444
179.031	434
179.081	431
179.131	423
179.182	411
179.233	415
179.283	411
179.333	408
179.383	415
179.433	418
179.483	424
179.534	430
179.584	428
179.634	445
179.684	453
179.734	455
179.785	467
179.835	465
179.885	472
179.935	472
179.985	460
180.035	467
180.087	461
180.137	451
180.187	448
180.237	439
180.287	432
180.337	425
180.388	412
180.438	415
180.488	411
180.538	408
180.588	412
180.639	414
180.689	420
180.739	425
180.789	426
180.839	441
180.889	449
180.940	452
180.991	464
181.041	476
181.091	472
181.141	473
181.192	464
181.242	469
181.292	466
181.342	454
181.392	452
181.442	441
181.493	435
181.543	428
181.593	414
181.643	416
181.693	414
181.743	407
181.794	410
181.844	411
181.895	416
181.945	421
181.995	422
182.046	436
182.096	443
182.146	449
182.196	460
182.246	458
182.296	471
182.347	474
182.397	466
182.447	474
182.497	469
182.547	462
182.597	459
182.648	441
182.698	442
182.748	434
182.799	418
182.849	417
182.900	414
182.950	406
183.000	408
183.050	403
183.100	412
183.150	418
183.201	417
183.251	431
183.301	439
183.351	444
183.401	456
183.451	450
183.502	470
183.552	473
183.602	468
183.652	476
183.703	472
183.754	467
183.804	462
183.854	447
183.904	448
183.954	438
184.004	425
184.055	423
184.105	417
184.155	411
184.205	410
184.255	402
184.305	411
184.356	414
184.406	414
184.456	426
184.506	433
184.556	442
184.608	450
184.658	448
184.708	465
184.758	469
184.808	468
184.858	475
184.909	471
184.959	469
185.009	466
185.059	449
185.109	451
185.160	444
185.210	431
185.260	428
185.310	422
185.360	415
185.410	413
185.461	405
185.512	411
185.562	415
185.612	412
185.662	424
185.712	431
185.763	438
185.813	446
185.863	444
185.913	460
185.963	466
186.014	464
186.064	471
186.114	469
186.164	469
186.214	466
186.264	450
186.315	454
186.365	446
186.416	434
186.466	432
186.516	425
186.566	419
186.617	417
186.667	406
186.717	412
186.767	415
186.817	413
186.868	422
186.918	427
186.968	436
187.018	443
187.068	439
187.118	456
187.169	462
187.219	462
187.270	468
187.320	466
187.370	468
187.420	466
187.471	453
187.521	455
187.571	449
187.621	438
187.671	436
187.722	429
187.772	424
187.822	420
187.872	411
187.922	416
187.972	418
188.023	423
188.073	424
188.123	428
188.174	436
188.224	441
188.275	440
188.325	453
188.375	458
188.425	458
188.475	465
188.525	460
188.576	465
188.626	463
188.676	449
188.726	453
188.776	448
188.826	439
188.877	436
188.927	429
188.977	427
189.027	422
189.078	416
189.129	420
189.179	421
189.229	420
189.279	427
189.329	429
189.379	436
189.430	442
189.480	441
189.530	452
189.580	456
189.630	455
189.680	461
189.731	451
189.781	460
189.831	459
189.881	448
189.931	451
189.983	445
190.033	438
190.083	435
190.133	423
190.183	427
190.233	424
190.284	417
190.334	423
190.384	424
190.434	425
190.484	430
190.534	426
190.585	440
190.635	445
190.685	443
190.735	454
190.785	458
190.836	458
190.887	460
190.937	449
190.987	458
191.037	454
191.087	446
191.138	445
191.188	441
191.238	435
191.288	433
191.338	419
191.388	425
191.439	423
191.489	416
191.539	422
191.589	425
191.639	428
191.690	433
191.740	431
191.791	444
191.841	449
191.891	446
191.941	458
191.992	459
192.042	462
192.092	463
192.142	453
192.192	460
192.243	456
192.293	446
192.343	446
192.393	439
192.443	433
192.493	429
192.544	416
192.594	421
192.644	419
192.695	414
192.745	420
192.795	423
192.846	426
192.896	432
192.946	431
192.996	444
193.046	450
193.097	450
193.147	460
193.197	461
193.247	466
193.297	465
193.347	456
193.398	462
193.448	457
193.498	450
193.548	448
193.599	440
193.649	432
193.700	430
193.750	417
193.800	420
193.850	417
193.900	412
193.951	418
194.001	419
194.051	425
194.101	430
194.151	429
194.201	443
194.252	450
194.302	452
194.352	462
194.402	473
194.452	468
194.504	468
194.554	458
194.604	464
194.654	461
194.704	450
194.754	448
194.805	451
194.855	434
194.905	426
194.955	414
195.005	417
195.055	415
195.106	409
195.156	415
195.206	415
195.256	420
195.306	426
195.356	425
195.408	441
195.458	448
195.508	454
195.558	462
195.608	461
195.659	472
195.709	472
195.759	461
195.809	469
195.859	465
195.909	456
195.960	452
196.010	441
196.060	437
196.110	429
196.160	416
196.211	417
196.261	412
196.312	407
196.362	409
196.412	413
196.462	416
196.513	420
196.563	422
196.613	435
196.663	444
196.713	449
196.763	459
196.814	455
196.864	472
196.914	472
196.964	467
197.014	476
197.065	470
197.115	465
197.166	459
197.216	443
197.266	444
197.316	434
197.367	419
197.417	420
197.467	414
197.517	405
197.567	407
197.617	401
197.668	411
197.718	415
197.768	417
197.818	428
197.868	436
197.919	445
197.969	454
198.019	449
198.070	469
198.120	472
198.170	469
198.221	477
198.271	473
198.321	470
198.371	465
198.421	449
198.472	449
198.522	440
198.572	425
198.622	424
198.672	416
198.722	410
198.773	409
198.823	401
198.873	409
198.923	412
198.974	410
199.024	422
199.075	431
199.125	440
199.175	450
199.225	447
199.275	464
199.326	469
199.376	468
199.426	475
199.476	472
199.526	472
199.576	467
199.627	451
199.677	455
199.727	445
199.777	432
199.827	430
199.878	421
199.929	416
199.979	411
200.029	402
200.079	408
200.129	410
200.180	409
200.230	419
200.280	425
200.330	435
200.380	444
200.430	444
200.481	460
200.531	466
200.581	465
200.631	475
200.681	473
200.731	474
200.783	469
200.833	456
200.883	458
200.933	450
200.983	440
201.034	434
201.084	427
201.134	420
201.184	415
201.234	404
201.284	409
201.335	411
201.385	407
201.435	415
201.485	446
201.535	432
201.585	438
201.636	439
201.687	455
201.737	462
201.787	464
201.837	472
201.888	467
201.938	474
201.988	472
202.038	460
202.088	463
202.138	454
202.189	444
202.239	439
202.289	429
202.339	424
202.389	418
202.440	407
202.490	410
202.540	409
202.591	408
202.641	412
202.691	419
202.742	424
202.792	434
202.842	432
202.892	450
202.942	456
202.992	461
203.043	470
203.093	463
203.143	473
203.193	474
203.243	463
203.294	467
203.344	459
203.394	450
203.444	444
203.495	431
203.545	428
203.596	422
203.646	410
203.696	412
203.746	410
203.796	408
203.846	413
203.897	408
203.947	422
203.997	430
204.047	430
204.097	445
204.148	452
204.198	459
204.248	466
204.298	460
204.348	472
204.399	472
204.450	464
204.500	467
204.550	463
204.600	452
204.650	447
204.700	431
204.751	432
204.801	424
204.851	416
204.901	415
204.951	413
205.002	410
205.052	412
205.102	410
205.152	422
205.202	428
205.252	429
205.304	442
205.354	447
205.404	456
205.454	462
205.504	456
205.555	472
205.605	471
205.655	465
205.705	467
205.755	461
205.805	456
205.856	450
205.906	432
205.956	435
206.006	429
206.056	417
206.106	418
206.157	414
206.208	414
206.258	415
206.308	406
206.358	420
206.409	425
206.459	425
206.509	438
206.559	447
206.609	453
206.659	460
206.710	454
206.760	469
206.810	470
206.860	467
206.910	469
206.960	461
207.011	461
207.061	453
207.112	438
207.162	439
207.212	430
207.263	421
207.313	420
207.363	415
207.413	415
207.463	415
207.513	406
207.564	418
207.614	423
207.664	426
207.714	437
207.764	443
207.814	451
207.865	458
207.915	455
207.966	467
208.016	469
208.066	466
208.117	467
208.167	462
208.217	459
208.267	455
208.317	439
208.367	442
208.418	434
208.468	421
208.518	421
208.568	417
208.618	415
208.668	413
208.719	408
208.769	418
208.819	421
208.870	423
208.920	435
208.971	440
209.021	450
209.071	455
209.121	452
209.171	466
209.221	469
209.272	467
209.322	469
209.372	461
209.422	463
209.472	458
209.523	443
209.573	443
209.623	435
209.673	426
209.723	424
209.774	419
209.825	415
209.875	413
209.925	408
209.975	415
210.025	419
210.075	422
210.126	431
210.176	435
210.226	445
210.276	453
210.326	451
210.377	465
210.427	467
210.477	468
210.527	470
210.577	459
210.627	465
210.679	459
210.729	446
210.779	447
210.829	439
210.879	428
210.929	425
210.980	411
211.030	415
211.080	414
211.130	405
211.180	415
211.231	417
211.281	420
211.331	430
211.381	429
211.431	443
211.481	451
211.532	450
211.583	464
211.633	467
211.683	469
211.733	473
211.784	461
211.834	469
211.884	464
211.934	451
211.984	450
212.034	441
212.085	432
212.135	427
212.185	413
212.235	416
212.285	412
212.335	405
212.386	411
212.436	413
212.487	417
212.537	425
212.587	423
212.638	440
212.688	446
212.738	448
212.788	462
212.838	466
212.888	472
212.939	476
212.989	464
213.039	471
213.089	469
213.139	460
213.189	456
213.240	446
213.290	439
213.340	431
213.391	414
213.441	417
213.492	412
213.542	405
213.592	408
213.642	409
213.692	414
213.742	418
213.793	417
213.843	433
213.893	441
213.943	444
213.993	457
214.043	464
214.094	471
214.144	476
214.194	465
214.245	477
214.295	473
214.346	462
214.396	463
214.446	452
214.496	446
214.546	438
214.596	421
214.647	419
214.697	413
214.747	404
214.797	406
214.847	407
214.897	407
214.948	414
214.998	411
215.048	427
215.098	434
215.149	438
215.200	451
215.250	458
215.300	467
215.350	472
215.400	468
215.450	477
215.501	475
215.551	468
215.601	467
215.651	457
215.701	452
215.752	443
215.802	427
215.852	426
215.902	419
215.952	408
216.002	409
