#Creator: pendulumdriveEventBuffer
#Creation time: Thu Apr 11 16:06:28 2019
#Time	Pos
#[s]	[au]
0.050	444
0.101	450
0.151	451
0.201	452
0.251	456
0.301	451
0.351	460
0.402	459
0.452	455
0.502	460
0.552	458
0.603	456
0.654	453
0.704	448
0.754	451
0.804	448
0.854	444
0.904	447
0.955	445
1.005	445
1.055	448
1.105	444
1.155	451
1.205	454
1.256	452
1.306	458
1.356	459
1.406	460
1.456	462
1.508	454
1.558	460
1.608	457
1.658	452
1.708	454
1.758	453
1.809	445
1.859	446
1.909	441
1.959	445
2.009	445
2.059	444
2.110	449
2.160	447
2.210	450
2.260	455
2.310	453
2.361	458
2.412	460
2.462	457
2.512	462
2.562	458
2.612	459
2.663	457
2.713	449
2.763	452
2.813	451
2.863	444
2.914	447
2.964	445
3.014	446
3.064	447
3.114	442
3.164	450
3.215	452
3.265	450
3.316	456
3.366	455
3.416	458
3.466	460
3.517	454
3.567	460
3.617	459
3.667	454
3.717	455
3.768	451
3.818	450
3.868	448
3.918	443
3.968	447
4.018	447
4.069	445
4.120	450
4.170	450
4.220	452
4.270	456
4.320	451
4.371	458
4.421	459
4.471	456
4.521	459
4.571	456
4.622	456
4.672	455
4.722	446
4.772	450
4.822	448
4.872	443
4.923	447
4.973	446
5.024	448
5.074	448
5.124	445
5.174	450
5.225	452
5.275	452
5.325	458
5.375	457
5.425	460
5.476	461
5.526	455
5.576	457
5.626	457
5.676	452
5.726	454
5.777	447
5.827	448
5.877	447
5.928	441
5.978	445
6.029	445
6.079	443
6.129	447
6.179	443
6.229	453
6.279	455
6.330	452
6.380	459
6.430	461
6.480	459
6.530	461
6.580	455
6.631	460
6.681	456
6.731	449
6.781	452
6.832	448
6.883	445
6.933	447
6.983	442
7.033	445
7.083	446
7.133	442
7.184	450
7.234	450
7.284	453
7.334	456
7.384	451
7.434	461
7.485	461
7.535	456
7.585	460
7.635	458
7.685	454
7.737	455
7.787	446
7.837	451
7.887	448
7.937	442
7.987	447
8.038	447
8.088	445
8.138	450
8.188	442
8.238	453
8.288	454
8.339	453
8.389	458
8.439	458
8.489	457
8.539	460
8.590	452
8.641	457
8.691	457
8.741	449
8.791	451
8.841	447
8.892	448
8.942	447
8.992	440
9.042	446
9.092	446
9.142	444
9.193	451
9.243	452
9.293	454
9.343	457
9.393	453
9.444	460
9.494	461
9.545	455
9.595	461
9.645	458
9.695	455
9.746	453
9.796	444
9.846	449
9.896	447
9.946	444
9.997	447
10.047	444
10.097	446
10.147	448
10.197	442
10.247	453
10.298	454
10.348	453
10.398	460
10.449	459
10.499	461
10.549	462
10.600	454
10.650	459
10.700	457
10.750	451
10.800	452
10.851	449
10.901	448
10.951	447
11.001	440
11.051	447
11.101	447
11.152	445
11.202	451
11.252	451
11.302	454
11.353	457
11.403	451
11.454	459
11.504	461
11.554	457
11.604	459
11.654	455
11.705	456
11.755	455
11.805	446
11.855	450
11.905	448
11.955	445
12.006	448
12.056	445
12.106	448
12.156	451
12.206	446
12.258	455
12.308	454
12.358	454
12.408	458
12.458	455
12.508	460
12.559	460
12.609	452
12.659	457
12.709	455
12.759	450
12.809	451
12.860	441
12.910	448
12.960	446
13.010	442
13.060	447
13.110	446
13.162	447
13.212	452
13.262	447
13.312	458
13.362	458
13.413	453
13.463	461
13.513	459
13.563	458
13.613	459
13.663	449
13.714	456
13.764	454
13.814	445
13.864	448
13.914	445
13.965	444
14.015	446
14.066	441
14.116	447
14.166	449
14.216	446
14.267	454
14.317	455
14.367	456
14.417	461
14.467	454
14.517	462
14.568	461
14.618	455
14.668	459
14.718	456
14.768	452
14.819	451
14.869	444
14.920	448
14.970	447
15.020	440
15.070	446
15.121	446
15.171	444
15.221	450
15.271	445
15.321	454
15.371	457
15.422	453
15.472	460
15.522	459
15.572	457
15.622	460
15.673	451
15.723	456
15.773	454
15.824	444
15.874	450
15.924	447
15.975	445
16.025	448
16.075	441
16.125	448
16.175	450
16.226	448
16.276	452
16.326	455
16.376	456
16.426	459
16.476	453
16.527	461
16.577	460
16.627	453
16.677	456
16.728	454
16.778	451
16.829	452
16.879	444
16.929	446
16.979	447
17.029	443
17.080	447
17.130	447
17.180	448
17.230	453
17.280	449
17.330	458
17.381	459
17.431	456
17.481	461
17.531	462
17.581	460
17.632	458
17.683	452
17.733	455
17.783	452
17.833	448
17.883	448
17.934	446
17.984	445
18.034	446
18.084	441
18.134	447
18.184	450
18.235	448
18.285	453
18.335	454
18.385	458
18.435	460
18.485	454
18.537	463
18.587	460
18.637	456
18.687	457
18.737	455
18.788	453
18.838	450
18.888	443
18.938	448
18.988	447
19.038	442
19.089	447
19.139	443
19.189	449
19.239	452
19.289	448
19.339	455
19.390	457
19.441	455
19.491	460
19.541	455
19.591	461
19.642	459
19.692	452
19.742	456
19.792	453
19.842	449
19.892	450
19.943	441
19.993	448
20.043	447
20.093	443
20.143	450
20.194	452
20.244	449
20.294	454
20.345	448
20.395	456
20.445	459
20.496	454
20.546	460
20.596	458
20.646	456
20.696	457
20.746	451
20.797	452
20.847	451
20.897	443
20.947	447
20.997	447
21.048	444
21.098	448
21.148	443
21.198	451
21.249	453
21.299	449
21.350	458
21.400	458
21.450	458
21.500	461
21.550	453
21.600	461
21.651	458
21.701	452
21.751	455
21.801	453
21.851	448
21.902	448
21.952	438
22.002	445
22.052	447
22.102	443
22.153	448
22.204	447
22.254	448
22.304	455
22.354	449
22.404	459
22.454	462
22.505	457
22.555	460
22.605	461
22.655	459
22.705	459
22.756	450
22.806	452
22.856	451
22.906	444
22.956	447
23.006	445
23.058	443
23.108	445
23.158	441
23.208	448
23.258	450
23.309	448
23.359	455
23.409	457
23.459	459
23.509	461
23.559	454
23.610	461
23.660	459
23.710	453
23.760	456
23.810	452
23.860	450
23.911	450
23.962	444
24.012	447
24.062	446
24.112	442
24.163	447
24.213	447
24.263	449
24.313	451
24.363	448
24.413	458
24.464	460
24.514	456
24.564	461
24.614	460
24.664	458
24.714	458
24.766	450
24.816	454
24.866	452
24.916	445
24.966	448
25.017	446
25.067	445
25.117	447
25.167	442
25.217	451
25.267	452
25.318	449
25.368	457
25.418	457
25.468	457
25.518	461
25.568	454
25.620	463
25.670	459
25.720	452
25.770	456
25.820	451
25.871	447
25.921	448
25.971	443
26.021	445
26.071	446
26.121	441
26.172	448
26.222	449
26.272	448
26.322	454
26.373	454
26.424	457
26.474	460
26.524	456
26.574	462
26.624	461
26.674	456
26.725	459
26.775	455
26.825	452
26.875	451
26.925	442
26.975	449
27.026	446
27.076	440
27.126	447
27.177	446
27.227	446
27.278	449
27.328	449
27.378	456
27.428	457
27.478	454
27.528	460
27.579	459
27.629	460
27.679	463
27.729	453
27.779	457
27.829	455
27.880	449
27.930	451
27.980	447
28.030	446
28.081	447
28.132	441
28.182	447
28.232	448
28.282	446
28.332	453
28.382	453
28.433	456
28.483	458
28.533	453
28.583	462
28.633	461
28.683	455
28.734	456
28.784	453
28.834	453
28.884	453
28.934	444
28.986	449
29.036	446
29.086	441
29.136	447
29.186	447
29.236	448
29.287	451
29.337	448
29.387	456
29.437	458
29.487	455
29.538	461
29.588	458
29.638	461
29.688	460
29.738	453
29.788	457
29.839	453
29.890	448
29.940	449
29.990	446
30.040	445
30.090	445
30.141	440
30.191	447
30.241	448
30.291	448
30.341	452
30.392	451
30.442	458
30.492	460
30.542	456
30.592	463
30.642	462
30.693	458
30.743	460
30.794	453
30.844	456
30.894	452
30.944	446
30.995	449
31.045	445
31.095	441
31.145	446
31.195	440
31.246	447
31.296	448
31.346	444
31.396	454
31.446	456
31.496	456
31.547	460
31.597	454
31.647	462
31.698	461
31.748	454
31.798	459
31.849	454
31.899	452
31.949	451
31.999	445
32.049	450
32.100	447
32.150	440
32.200	446
32.250	447
32.300	448
32.350	452
32.401	445
32.451	454
32.501	459
32.551	453
32.602	458
32.653	460
32.703	457
32.753	461
32.803	452
32.853	457
32.903	453
32.954	446
33.004	450
33.054	441
33.104	444
33.154	447
33.204	442
33.255	449
33.305	450
33.355	448
33.405	454
33.455	456
33.507	456
33.557	459
33.607	454
33.657	460
33.707	460
33.757	453
33.808	456
33.858	454
33.908	451
33.958	452
34.008	441
34.058	447
34.109	446
34.159	443
34.209	446
34.259	448
34.309	450
34.361	452
34.411	448
34.461	457
34.511	460
34.561	456
34.611	462
34.662	460
34.712	459
34.762	461
34.812	452
34.862	456
34.912	453
34.963	446
35.013	449
35.063	446
35.113	444
35.163	446
35.214	440
35.265	447
35.315	449
35.365	448
35.415	453
35.465	455
35.516	456
35.566	461
35.616	455
35.666	462
35.716	462
35.766	455
35.817	459
35.867	460
35.917	451
35.967	451
36.017	444
36.068	448
36.118	447
36.169	442
36.219	447
36.269	446
36.319	448
36.370	450
36.420	448
36.470	455
36.520	456
36.570	454
36.621	460
36.671	459
36.721	460
36.771	460
36.821	453
36.871	456
36.922	454
36.972	448
37.022	450
37.073	447
37.123	446
37.173	449
37.224	443
37.274	449
37.324	451
37.374	448
37.424	454
37.475	453
37.525	457
37.575	460
37.625	454
37.675	458
37.725	460
37.776	456
37.826	457
37.876	446
37.926	453
37.977	451
38.027	443
38.078	448
38.128	447
38.178	444
38.228	448
38.278	443
38.329	451
38.379	454
38.429	450
38.479	457
38.529	460
38.579	458
38.630	462
38.680	454
38.730	460
38.780	459
38.830	452
38.882	455
38.932	451
38.982	448
39.032	449
39.082	441
39.132	448
39.183	446
39.233	441
39.283	449
39.333	453
39.383	450
39.433	455
39.484	451
39.534	459
39.584	461
39.634	457
39.684	462
39.734	460
39.786	456
39.836	457
39.886	448
39.936	453
39.986	451
40.037	444
40.087	448
40.137	447
40.187	444
40.237	447
40.287	443
40.338	451
40.388	453
40.438	450
40.488	456
40.538	457
40.589	458
40.639	462
40.690	456
40.740	462
40.790	460
40.840	453
40.891	456
40.941	453
40.991	450
41.041	450
41.091	442
41.141	448
41.192	447
41.242	443
41.292	449
41.342	449
41.392	451
41.443	455
41.493	451
41.543	458
41.594	459
41.644	456
41.694	460
41.745	458
41.795	457
41.845	456
41.895	452
41.945	452
41.995	450
42.046	444
42.096	449
42.146	449
42.196	445
42.246	448
42.297	445
42.347	453
42.397	453
42.447	452
42.498	460
42.548	457
42.599	461
42.649	463
42.699	453
42.749	460
42.799	460
42.850	454
42.900	455
42.950	447
43.000	448
43.050	447
43.100	440
43.151	445
43.201	445
43.251	442
43.301	447
43.351	447
43.402	451
43.453	455
43.503	450
43.553	460
43.603	461
43.653	459
43.704	462
43.754	461
43.804	460
43.854	457
43.904	451
43.954	453
44.005	451
44.055	446
44.105	448
44.155	442
44.205	445
44.255	446
44.307	441
44.357	449
44.407	451
44.457	452
44.507	457
44.558	450
44.608	459
44.658	459
44.708	455
44.758	460
44.808	459
44.859	453
44.909	455
44.959	445
45.009	451
45.059	448
45.109	443
45.160	446
45.211	446
45.261	445
45.311	449
45.361	443
45.412	454
45.462	456
45.512	450
45.562	460
45.612	460
45.662	460
45.713	462
45.763	452
45.813	459
45.863	456
45.913	449
45.963	454
46.014	452
46.064	445
46.115	448
46.165	441
46.215	449
46.266	449
46.316	444
46.366	450
46.416	452
46.466	453
46.516	456
46.567	452
46.617	459
46.667	460
46.717	456
46.767	459
46.818	457
46.868	455
46.918	455
46.968	447
47.019	450
47.069	449
47.120	443
47.170	448
47.220	445
47.270	445
47.320	450
47.370	445
47.421	453
47.471	455
47.521	451
47.571	460
47.621	459
47.672	459
47.722	460
47.772	453
47.822	461
47.873	458
47.923	449
47.974	452
48.024	447
48.074	446
48.124	447
48.174	441
48.224	446
48.275	447
48.325	444
48.375	450
48.425	452
48.475	453
48.526	457
48.576	453
48.626	461
48.676	463
48.726	457
48.777	462
48.828	461
48.878	458
48.928	456
48.978	448
49.028	452
49.078	448
49.129	441
49.179	445
49.229	446
49.279	445
49.329	447
49.380	444
49.430	452
49.480	453
49.530	450
49.580	459
49.630	457
49.682	456
49.732	460
49.782	454
49.832	459
49.882	457
49.933	451
49.983	453
50.033	449
50.083	449
50.133	448
50.183	443
50.234	447
50.284	449
50.334	446
50.384	450
50.434	447
50.484	454
50.535	458
50.586	453
50.636	460
50.686	461
50.736	459
50.787	460
50.837	456
50.887	458
50.937	454
50.987	448
51.037	451
51.088	447
51.138	445
51.188	445
51.238	439
51.288	447
51.338	448
51.389	445
51.439	452
51.490	454
51.540	453
51.590	459
51.641	453
51.691	461
51.741	461
51.791	455
51.841	461
51.891	456
51.942	452
51.992	454
52.042	446
52.092	450
52.142	447
52.192	443
52.243	447
52.293	447
52.343	448
52.394	450
52.444	445
52.495	456
52.545	457
52.595	453
52.645	458
52.695	461
52.745	456
52.796	461
52.846	451
52.896	456
52.946	454
52.996	448
53.046	452
53.097	448
53.147	445
53.197	447
53.247	441
53.298	447
53.349	449
53.399	445
53.449	453
53.499	454
53.549	454
53.599	460
53.650	455
53.700	463
53.750	462
53.800	457
53.850	462
53.901	457
53.951	452
54.001	453
54.051	445
54.101	448
54.151	447
54.203	440
54.253	445
54.303	446
54.353	444
54.403	450
54.453	446
54.504	455
54.554	456
54.604	454
54.654	461
54.704	460
54.755	459
54.805	461
54.855	454
54.905	460
54.955	457
55.005	450
55.056	452
55.107	449
55.157	448
55.207	447
55.257	440
55.307	446
55.358	447
55.408	445
55.458	451
55.508	453
55.558	456
55.609	457
55.659	453
55.709	462
55.759	460
55.809	458
55.859	460
55.910	455
55.960	454
56.011	454
56.061	447
56.111	450
56.162	449
56.212	442
56.262	446
56.312	445
56.362	446
56.412	449
56.463	446
56.513	453
56.563	455
56.613	453
56.663	459
56.713	457
56.764	461
56.814	460
56.864	454
56.915	459
56.965	455
57.016	450
57.066	453
57.116	447
57.166	448
57.216	448
57.266	442
57.317	449
57.367	447
57.417	446
57.467	453
57.517	451
57.567	454
57.618	458
57.668	452
57.718	460
57.768	460
57.819	457
57.870	457
57.920	451
57.970	455
58.020	453
58.070	444
58.120	451
58.171	447
58.221	444
58.271	447
58.321	442
58.371	449
58.421	450
58.472	447
58.522	455
58.572	455
58.622	457
58.672	461
58.724	455
58.774	462
58.824	461
58.874	455
58.924	457
58.974	454
59.025	450
59.075	450
59.125	440
59.175	447
59.225	447
59.275	442
59.326	447
59.376	446
59.426	446
59.476	451
59.526	450
59.577	457
59.628	460
59.678	453
59.728	463
59.778	461
59.828	460
59.879	460
59.929	452
59.979	457
60.029	454
60.079	448
60.130	450
60.180	448
60.230	444
60.280	446
60.330	441
60.380	449
60.431	451
60.482	445
60.532	454
60.582	456
60.632	455
60.682	459
60.733	453
60.783	462
60.833	461
60.883	453
60.933	457
60.984	454
61.034	449
61.084	451
61.134	444
61.184	450
61.234	449
61.285	443
61.335	448
61.386	449
61.436	448
61.486	453
61.536	448
61.587	456
61.637	458
61.687	455
61.737	461
61.787	460
61.838	458
61.888	459
61.938	451
61.988	455
62.038	453
62.088	446
62.139	448
62.189	447
62.239	443
62.290	446
62.340	441
62.390	447
62.441	451
62.491	449
62.541	456
62.591	455
62.641	458
62.692	461
62.742	454
62.792	462
62.842	461
62.892	454
62.942	457
62.993	453
63.043	452
63.093	451
63.143	442
63.194	448
63.245	446
63.295	441
63.345	447
63.395	447
63.445	450
63.495	452
63.546	448
63.596	457
63.646	459
63.696	456
63.746	461
63.796	460
63.847	461
63.897	458
63.947	452
63.997	456
64.047	453
64.099	448
64.149	449
64.199	446
64.249	446
64.299	445
64.349	441
64.400	445
64.450	450
64.500	448
64.550	455
64.600	453
64.650	460
64.701	460
64.751	454
64.801	461
64.851	461
64.901	456
64.952	457
65.003	451
65.053	454
65.103	452
65.153	445
65.203	449
65.254	447
65.304	444
65.354	447
65.404	441
65.454	449
65.504	451
65.555	448
65.605	456
65.655	455
65.705	456
65.755	460
65.806	453
65.856	459
65.907	459
65.957	454
66.007	457
66.057	454
66.108	449
66.158	448
66.208	443
66.258	448
66.308	448
66.358	444
66.409	447
66.459	450
66.509	449
66.559	455
66.609	451
66.660	459
66.710	460
66.760	455
66.811	461
66.861	460
66.911	457
66.962	457
67.012	450
67.062	453
67.112	450
67.162	444
67.213	448
67.263	447
67.313	444
67.363	447
67.413	442
67.463	449
67.514	454
67.564	449
67.614	459
67.664	457
67.715	459
67.765	461
67.816	456
67.866	462
67.916	460
67.966	452
68.016	457
68.067	453
68.117	448
68.167	450
68.217	443
68.267	447
68.317	446
68.368	442
68.418	449
68.468	450
68.518	450
68.569	455
68.619	451
68.670	460
68.720	460
68.770	456
68.820	461
68.870	458
68.921	457
68.971	458
69.021	451
69.071	454
69.121	452
69.171	444
69.222	448
69.272	447
69.322	444
69.372	447
69.422	445
69.474	452
69.524	452
69.574	452
69.624	458
69.674	456
69.724	459
69.775	463
69.825	455
69.875	460
69.925	458
69.975	452
70.025	455
70.076	451
70.126	449
70.176	449
70.226	442
70.276	448
70.326	447
70.378	445
70.428	451
70.478	451
70.528	453
70.578	456
70.629	451
70.679	461
70.729	459
70.779	457
70.829	461
70.879	457
70.930	457
70.980	456
71.030	449
71.080	451
71.130	449
71.181	443
71.231	448
71.282	445
71.332	448
71.382	447
71.432	443
71.483	452
71.533	452
71.583	452
71.633	459
71.683	457
71.733	460
71.784	461
71.834	456
71.884	461
71.934	458
71.984	452
72.035	455
72.085	447
72.135	451
72.186	448
72.236	442
72.286	448
72.337	446
72.387	444
72.437	449
72.487	443
72.537	454
72.587	456
72.638	454
72.688	459
72.738	460
72.788	458
72.838	462
72.889	455
72.939	459
72.989	455
73.039	450
73.090	454
73.140	450
73.191	447
73.241	448
73.291	440
73.341	448
73.391	449
73.442	445
73.492	452
73.542	453
73.592	452
73.642	459
73.692	453
73.743	459
73.793	460
73.843	455
73.893	459
73.943	457
73.994	455
74.045	454
74.095	446
74.145	450
74.195	449
74.245	443
74.296	448
74.346	447
74.396	448
74.446	452
74.496	445
74.546	456
74.597	456
74.647	453
74.697	461
74.747	458
74.797	460
74.847	459
74.899	453
74.949	456
74.999	454
75.049	448
75.099	451
75.150	447
75.200	445
75.250	447
75.300	440
75.350	447
75.400	448
75.451	446
75.501	453
75.551	455
75.601	456
75.651	458
75.701	453
75.752	463
75.803	464
75.853	457
75.903	460
75.953	456
76.004	454
76.054	454
76.104	445
76.154	449
76.204	446
76.254	444
76.305	445
76.355	445
76.405	448
76.455	450
76.505	445
76.555	456
76.606	457
76.656	455
76.707	460
76.757	460
76.807	460
76.858	461
76.908	454
76.958	458
77.008	456
77.058	450
77.108	452
77.159	451
77.209	444
77.259	447
77.309	441
77.359	447
77.410	447
77.460	446
77.510	452
77.560	451
77.611	457
77.661	457
77.712	455
77.762	460
77.812	460
77.862	456
77.912	459
77.962	455
78.013	454
78.063	454
78.113	448
78.163	449
78.213	448
78.264	442
78.314	447
78.364	447
78.414	448
78.465	451
78.515	447
78.566	455
78.616	458
78.666	455
78.716	459
78.766	458
78.816	460
78.867	461
78.917	456
78.967	459
79.017	455
79.067	448
