#Creator: pendulumdriveEventBuffer
#Creation time: Thu Apr 11 16:06:28 2019
#Time	Pos
#[s]	[au]
0.050	451
0.100	453
0.150	451
0.201	450
0.251	448
0.301	448
0.351	447
0.401	448
0.452	442
0.503	449
0.553	450
0.603	451
0.653	454
0.703	455
0.754	457
0.804	458
0.854	454
0.904	461
0.954	461
1.004	461
1.055	462
1.105	460
1.155	462
1.205	458
1.255	452
1.306	454
1.356	455
1.407	452
1.457	451
1.507	450
1.557	450
1.608	449
1.658	444
1.708	449
1.758	450
1.808	450
1.859	452
1.909	453
1.959	455
2.009	455
2.059	452
2.109	456
2.160	458
2.210	458
2.260	461
2.311	457
2.361	459
2.411	460
2.462	454
2.512	458
2.562	457
2.612	456
2.662	455
2.713	454
2.763	453
2.813	450
2.863	448
2.913	451
2.963	451
3.014	451
3.064	450
3.114	451
3.165	451
3.215	454
3.265	450
3.316	455
3.366	456
3.416	456
3.466	457
3.516	458
3.567	458
3.617	459
3.667	456
3.717	458
3.767	457
3.817	457
3.868	455
3.918	455
3.968	454
4.018	452
4.069	444
4.119	454
4.170	453
4.220	450
4.270	452
4.320	452
4.370	451
4.421	452
4.471	452
4.521	454
4.571	454
4.621	455
4.671	456
4.722	454
4.772	457
4.822	457
4.872	454
4.922	457
4.974	457
5.024	456
5.074	457
5.124	455
5.174	455
5.224	455
5.275	453
5.325	454
5.375	453
5.425	452
5.475	453
5.525	455
5.576	453
5.626	452
5.676	452
5.726	453
5.776	453
5.827	453
5.878	455
5.928	453
5.978	456
6.028	456
6.078	456
6.129	456
6.179	457
6.229	456
6.279	456
6.329	454
6.379	454
6.430	455
6.480	454
6.530	455
6.580	454
6.630	454
6.681	453
6.731	452
6.782	452
6.832	454
6.882	453
6.932	453
6.983	454
7.033	454
7.083	453
7.133	452
7.183	455
7.233	455
7.284	455
7.334	456
7.384	456
7.434	456
7.484	456
7.535	449
7.585	455
7.635	455
7.686	454
7.736	453
7.786	454
7.837	454
7.887	453
7.937	448
7.987	453
8.037	453
8.087	452
8.138	454
8.188	453
8.238	455
8.288	455
8.338	450
8.389	454
8.439	456
8.489	454
8.539	454
8.590	456
8.640	455
8.691	455
8.741	450
8.791	456
8.841	455
8.891	455
8.942	455
8.992	455
9.042	454
9.092	454
9.142	450
9.192	454
9.243	454
9.293	454
9.343	454
9.393	453
9.443	454
9.494	454
9.545	451
9.595	454
9.645	454
9.695	456
9.745	456
9.796	453
9.846	454
9.896	456
9.946	452
9.996	453
10.046	454
10.097	455
10.147	454
10.197	453
10.247	456
10.297	455
10.347	446
10.399	455
10.449	453
10.499	456
10.549	455
10.599	455
10.650	455
10.700	454
10.750	453
10.800	456
10.850	455
10.900	455
10.951	454
11.001	454
11.051	455
11.101	455
11.151	453
11.201	454
11.252	454
11.303	454
11.353	454
11.403	454
11.453	454
11.504	454
11.554	454
11.604	454
11.654	454
11.704	455
11.754	454
11.805	454
11.855	455
11.905	456
11.955	454
12.005	456
12.055	453
12.106	456
12.156	456
12.207	455
12.257	454
12.307	453
12.358	454
12.408	454
12.458	455
12.508	455
12.558	455
12.608	452
12.659	454
12.709	454
12.759	454
12.809	454
12.859	454
12.910	455
12.960	454
13.010	453
13.060	454
13.111	455
13.161	455
13.212	455
13.262	455
13.312	454
13.362	455
13.412	454
13.462	454
13.513	455
13.563	455
13.613	455
13.663	455
13.713	455
13.764	454
13.814	453
13.864	455
13.914	454
13.965	455
14.015	455
14.066	454
14.116	454
14.166	455
14.216	451
14.266	456
14.316	453
14.367	455
14.417	456
14.467	456
14.517	453
14.567	455
14.618	451
14.668	456
14.718	456
14.768	455
14.818	456
14.869	456
14.920	456
14.970	457
15.020	452
15.070	457
15.120	457
15.171	457
15.221	458
15.271	458
15.321	458
15.371	457
15.421	453
15.472	457
15.522	457
15.572	456
15.622	457
15.672	455
15.722	456
15.774	456
15.824	455
15.874	456
15.924	458
15.974	459
16.025	457
16.075	459
16.125	459
16.175	461
16.225	456
16.275	463
16.326	461
16.376	464
16.426	463
16.476	462
16.526	463
16.576	461
16.627	458
16.678	462
16.728	462
16.778	461
16.828	460
16.879	459
16.929	460
16.979	459
17.029	458
17.079	460
17.129	460
17.180	460
17.230	460
17.280	461
17.330	461
17.380	463
17.430	464
17.481	464
17.531	465
17.582	466
17.632	465
17.682	464
17.733	465
17.783	464
17.833	464
17.883	464
17.933	464
17.983	461
18.034	464
18.084	461
18.134	463
18.184	461
18.234	461
18.284	464
18.335	463
18.385	463
18.435	463
18.486	463
18.536	461
18.587	463
18.637	463
18.687	464
18.737	464
18.787	465
18.837	465
18.888	465
18.938	465
18.988	466
19.038	466
19.088	465
19.139	466
19.189	465
19.239	465
19.289	464
19.339	464
19.390	464
19.441	464
19.491	463
19.541	461
19.591	461
19.641	463
19.691	461
19.742	463
19.792	464
19.842	464
19.892	463
19.942	464
19.993	464
20.043	466
20.093	461
20.143	465
20.193	463
20.243	464
20.295	464
20.345	464
20.395	464
20.445	463
20.495	461
20.545	463
20.596	463
20.646	463
20.696	463
20.746	463
20.796	463
20.847	463
20.897	457
20.947	464
20.997	464
21.047	464
21.097	463
21.148	463
21.199	463
21.249	463
21.299	458
21.349	465
21.399	463
21.450	463
21.500	464
21.550	462
21.600	464
21.650	463
21.701	457
21.751	462
21.801	463
21.851	464
21.901	464
21.951	463
22.002	463
22.052	464
22.103	458
22.153	465
22.203	463
22.254	465
22.304	462
22.354	463
22.404	464
22.454	464
22.504	459
22.555	464
22.605	463
22.655	463
22.705	463
22.755	462
22.805	463
22.856	464
22.906	460
22.956	463
23.007	463
23.057	463
23.108	464
23.158	463
23.208	463
23.258	464
23.308	460
23.358	463
23.409	463
23.459	464
23.509	464
23.559	464
23.609	463
23.659	465
23.710	461
23.760	465
23.810	463
23.860	465
23.911	463
23.962	463
24.012	464
24.062	462
24.112	456
24.162	462
24.212	462
24.263	462
24.313	462
24.363	463
24.413	463
24.463	463
24.513	462
24.564	463
24.614	463
24.664	464
24.714	463
24.765	464
24.816	465
24.866	465
24.916	458
24.966	466
25.016	463
25.066	465
25.117	464
25.167	464
25.217	464
25.267	463
25.317	461
25.367	463
25.418	463
25.468	462
25.518	463
25.568	463
25.618	464
25.670	461
25.720	461
25.770	463
25.820	464
25.870	463
25.920	465
25.971	462
26.021	463
26.071	464
26.121	462
26.171	463
26.222	463
26.272	463
26.322	464
26.372	480
26.422	463
26.472	463
26.523	463
26.574	464
26.624	463
26.674	464
26.724	463
26.774	463
26.825	466
26.875	464
26.925	463
26.975	466
27.025	465
27.076	462
27.126	466
27.176	461
27.226	464
27.276	463
27.326	462
27.377	461
27.427	461
27.478	461
27.528	462
27.578	460
27.628	460
27.679	462
27.729	459
27.779	459
27.829	460
27.879	460
27.930	460
27.980	459
28.030	461
28.080	461
28.130	461
28.180	461
28.231	461
28.281	462
28.331	461
28.382	455
28.432	461
28.483	460
28.533	460
28.583	460
28.633	460
28.683	460
28.733	459
28.784	454
28.834	460
28.884	459
28.934	460
28.984	459
29.034	458
29.085	460
29.135	460
29.185	453
29.235	460
29.286	459
29.337	461
29.387	459
29.437	460
29.487	461
29.537	461
29.587	454
29.638	459
29.688	462
29.738	461
29.788	460
29.838	460
29.888	461
29.939	460
29.989	456
30.039	460
30.089	460
30.139	460
30.191	459
30.241	459
30.291	461
30.341	460
30.391	454
30.441	461
30.492	459
30.542	459
30.592	457
30.642	458
30.692	457
30.742	461
30.793	454
30.843	459
30.893	459
30.943	459
30.993	458
31.045	456
31.095	458
31.145	459
31.195	456
31.245	457
31.295	457
31.346	458
31.396	456
31.446	459
31.496	457
31.546	462
35.812	458
35.862	459
35.913	458
35.963	457
36.013	455
36.063	458
36.113	457
36.164	457
36.215	456
36.265	460
36.315	459
36.365	459
36.415	457
36.466	459
36.516	460
36.566	459
36.616	459
36.666	459
36.716	459
36.767	460
36.817	457
36.867	458
36.917	459
36.967	457
37.018	458
37.068	457
37.119	458
37.169	457
37.219	457
37.269	455
37.320	457
37.370	458
37.420	456
37.470	457
37.520	459
37.571	458
37.621	453
37.671	459
37.721	458
37.771	460
37.821	459
37.872	458
37.922	462
37.972	459
38.023	454
38.073	455
38.123	458
38.174	457
38.224	458
38.274	452
38.324	450
38.374	449
38.425	444
38.475	445
38.525	445
38.575	445
38.625	446
38.675	448
38.726	449
38.776	452
38.826	453
38.876	459
38.927	460
38.977	464
39.028	465
39.078	464
39.128	462
39.178	464
39.228	464
39.279	462
39.329	460
39.379	459
39.429	458
39.479	454
39.529	453
39.580	452
39.630	451
39.680	449
39.730	450
39.780	451
39.831	451
39.882	452
39.932	451
39.982	453
40.032	456
40.082	454
40.133	458
40.183	458
40.233	462
40.283	461
40.333	464
40.383	463
40.434	461
40.484	462
40.534	462
40.584	461
40.634	460
40.686	457
40.736	457
40.786	456
40.836	452
40.886	452
40.936	451
40.987	451
41.037	450
41.087	454
41.137	453
41.187	451
41.237	450
41.288	453
41.338	453
41.388	455
41.438	454
41.488	454
41.539	457
41.590	457
41.640	458
41.690	458
41.740	459
41.790	459
41.841	457
41.891	456
41.941	456
41.991	455
42.041	455
42.091	453
42.142	453
42.192	452
42.242	451
42.292	447
42.342	450
42.393	451
42.443	451
42.494	451
42.544	452
42.594	453
42.644	454
42.695	453
42.745	455
42.795	456
42.845	456
42.895	456
42.945	456
42.996	457
43.046	456
43.096	449
43.146	455
43.196	456
43.247	455
43.297	455
43.347	454
43.398	454
43.448	452
43.498	448
43.549	453
43.599	452
43.649	452
43.699	453
43.749	453
43.799	453
43.850	454
43.900	450
43.950	455
44.000	455
44.050	456
44.101	458
44.151	457
44.201	457
44.251	457
44.302	452
44.352	456
44.403	456
44.453	456
44.503	456
44.553	455
44.603	455
44.654	455
44.704	450
44.754	455
44.804	454
44.854	455
44.904	455
44.955	455
45.005	456
45.055	456
45.105	452
45.155	458
45.206	455
45.257	458
45.307	457
45.357	456
45.407	456
45.457	457
45.508	453
45.558	457
45.608	459
45.658	457
45.708	456
45.758	457
45.809	456
45.859	456
45.909	452
45.959	456
46.009	455
46.059	457
46.111	456
46.161	455
46.211	456
46.261	456
46.311	449
46.362	456
46.412	456
46.462	457
46.512	457
46.562	456
46.612	457
46.663	459
46.713	456
46.763	458
46.813	457
46.863	458
46.913	458
46.964	456
47.015	458
47.065	457
47.115	456
47.165	458
47.216	457
47.266	458
47.316	460
47.366	461
47.416	461
47.466	460
47.517	460
47.567	461
47.617	461
47.667	460
47.717	461
47.767	457
47.818	459
47.868	458
47.919	460
47.969	459
48.019	458
48.070	461
48.120	459
48.170	457
48.220	460
48.270	460
48.320	460
48.371	460
48.421	460
48.471	461
48.521	461
48.571	460
48.622	463
48.672	463
48.722	464
48.772	462
48.823	463
48.873	462
48.924	463
48.974	461
49.024	464
49.074	462
49.124	462
49.174	461
49.225	461
49.275	461
49.325	461
49.375	459
49.425	461
49.476	461
49.526	461
49.576	462
49.626	463
49.676	463
49.727	464
49.778	459
49.828	464
49.878	466
49.928	466
49.978	467
50.028	466
50.079	465
50.129	465
50.179	459
50.229	464
50.279	464
50.330	463
50.380	462
50.430	462
50.480	462
50.530	462
50.580	457
50.632	462
50.682	461
50.732	463
50.782	463
50.832	462
50.883	462
50.933	464
50.983	460
51.033	463
51.083	465
51.133	464
51.184	464
51.234	467
51.284	466
51.334	466
51.384	462
51.434	465
51.485	466
51.536	464
51.586	463
51.636	463
51.686	463
51.737	464
51.787	458
51.837	463
51.887	464
51.937	463
51.987	462
52.038	463
52.088	464
52.138	465
52.188	462
52.238	464
52.288	465
52.339	466
52.389	466
52.440	464
52.490	466
52.540	465
52.591	463
52.641	465
52.691	465
52.741	464
52.791	464
52.841	463
52.892	463
52.942	464
52.992	460
53.042	464
53.092	464
53.142	463
53.193	463
53.243	461
53.294	463
53.344	464
53.394	460
53.445	462
53.495	464
53.545	464
53.595	465
53.645	463
53.695	463
53.746	464
53.796	461
53.846	465
53.896	463
53.946	464
53.996	464
54.047	461
54.097	463
54.147	463
54.198	462
54.248	463
54.299	463
54.349	463
54.399	463
54.449	462
54.499	462
54.549	463
54.600	461
54.650	463
54.700	462
54.750	463
54.800	462
54.851	459
54.901	461
54.951	462
55.001	462
55.051	463
55.102	461
55.153	462
55.203	460
55.253	458
55.303	460
55.353	461
55.403	460
55.454	461
55.504	460
55.554	461
55.604	462
55.654	460
55.705	460
55.755	462
55.805	463
55.855	465
55.905	465
55.955	464
56.007	464
56.057	462
56.107	464
56.157	464
56.207	464
56.257	463
56.308	463
56.358	462
56.408	462
56.458	455
56.508	461
56.559	461
56.609	461
56.659	461
56.709	461
56.759	461
56.809	461
56.860	457
56.911	463
56.961	462
57.011	463
57.061	464
57.111	463
57.162	463
57.212	462
57.262	457
57.312	463
57.362	463
57.413	463
57.463	462
57.513	463
57.563	463
57.613	463
57.663	457
57.714	462
57.764	463
57.815	463
57.865	462
57.915	462
57.966	461
58.016	462
58.066	456
58.116	462
58.166	463
58.216	462
58.267	463
58.317	463
58.367	463
58.417	464
58.467	457
58.517	462
58.568	462
58.618	464
58.669	464
58.719	464
58.769	463
58.820	462
58.870	458
58.920	463
58.970	462
59.020	462
59.070	461
59.121	462
59.171	461
59.221	460
59.271	456
59.321	462
59.371	460
59.422	462
59.472	461
59.522	459
59.573	463
59.623	461
59.674	456
59.724	461
59.774	461
59.824	461
59.874	460
59.924	460
59.975	461
60.025	460
60.075	456
60.125	460
60.175	459
60.225	459
60.276	458
60.326	459
60.376	458
60.426	459
60.477	454
60.528	460
60.578	458
60.628	458
60.678	458
60.728	458
60.778	459
60.829	459
60.879	456
60.929	459
60.979	459
61.029	458
61.079	460
61.130	459
61.180	458
61.230	459
61.280	457
61.330	459
61.382	458
61.432	458
61.482	457
61.532	458
61.582	459
61.632	459
61.683	458
61.733	459
61.783	458
61.833	459
61.883	459
61.934	459
61.984	459
62.034	460
62.084	458
62.134	460
62.184	459
62.235	458
62.286	459
62.336	458
62.386	459
62.436	458
62.486	457
62.537	459
62.587	459
62.637	458
62.687	460
62.737	457
62.788	460
62.838	459
62.888	458
62.938	459
62.988	459
63.038	458
63.089	458
63.139	457
63.190	458
63.240	458
63.290	458
63.340	458
63.391	459
63.441	459
63.491	458
63.541	456
63.591	458
63.642	459
63.692	459
63.742	458
63.792	458
63.842	459
63.892	458
63.943	455
63.993	458
64.043	458
64.094	458
64.144	457
64.195	457
64.245	458
64.295	457
64.345	451
64.395	458
64.445	458
64.496	456
64.546	456
64.596	456
64.646	457
64.696	455
64.746	449
64.797	455
64.847	457
64.897	457
64.947	457
64.998	456
65.049	457
65.099	457
65.149	450
65.199	455
65.249	456
65.299	455
65.350	454
65.400	454
65.450	455
65.500	455
65.550	449
65.600	455
65.651	454
65.701	455
65.751	455
65.801	454
65.851	454
65.903	454
65.953	448
66.003	455
66.053	454
66.103	455
66.153	455
66.204	455
66.254	456
66.304	455
66.354	450
66.404	455
66.454	455
66.505	454
66.555	454
66.605	455
66.655	455
66.705	455
66.757	453
66.807	455
66.857	455
66.907	455
66.957	455
67.007	454
67.058	455
67.108	454
67.158	452
67.208	455
67.258	455
67.308	454
67.359	455
67.409	455
67.459	455
67.509	455
67.559	452
67.610	456
67.661	456
67.711	456
67.761	456
67.811	456
67.861	457
67.912	456
67.962	454
68.012	458
68.062	458
68.112	457
68.163	456
68.213	457
68.263	456
68.313	456
68.363	453
68.413	457
68.464	457
68.514	456
68.565	458
68.615	457
68.665	457
68.715	459
68.766	456
68.816	460
68.866	459
68.916	458
68.966	459
69.017	459
69.067	459
69.117	459
69.167	457
69.217	460
69.267	459
69.318	459
69.368	459
69.418	459
69.469	459
69.519	459
69.569	458
69.620	459
69.670	458
69.720	458
69.770	459
69.820	459
69.871	459
69.921	458
69.971	458
70.021	459
70.071	459
70.121	460
70.172	460
70.222	457
70.272	460
70.322	459
70.373	459
70.423	461
70.474	461
70.524	460
70.574	460
70.624	460
70.674	462
70.725	461
70.775	460
70.825	462
70.875	462
70.925	462
70.975	462
71.026	461
71.076	463
71.126	462
71.176	462
71.226	463
71.278	463
71.328	463
71.378	462
71.428	460
71.478	463
71.528	463
71.579	463
71.629	462
71.679	463
71.729	460
71.779	463
71.829	457
71.880	461
71.930	463
71.980	463
72.030	464
72.080	465
72.131	464
72.182	465
72.232	461
72.282	464
72.332	465
72.382	466
72.433	465
72.483	464
72.533	464
72.583	465
72.633	458
72.683	465
72.734	465
72.784	465
72.834	465
72.884	464
72.934	465
72.985	464
73.035	460
73.086	465
73.136	465
73.186	464
73.236	466
73.287	464
73.337	464
73.387	464
73.437	460
73.487	464
73.537	463
73.588	463
73.638	464
73.688	463
73.738	462
73.788	463
73.839	460
73.889	464
73.940	462
73.990	464
74.040	463
74.090	463
74.141	463
74.191	465
74.241	459
74.291	464
74.341	463
74.391	466
74.442	462
74.492	462
74.542	463
74.592	463
74.642	459
74.693	462
74.743	462
74.793	462
74.844	461
74.894	461
74.944	461
74.995	461
75.045	458
75.095	460
75.145	461
75.195	460
75.246	460
75.296	459
75.346	462
75.396	460
75.446	456
75.496	459
75.547	459
75.597	460
75.647	462
75.697	459
75.748	460
75.798	460
75.849	456
75.899	459
75.949	460
75.999	459
76.049	459
76.100	458
76.150	458
76.200	458
76.250	456
76.300	458
76.350	458
76.401	458
76.451	458
76.501	457
76.551	458
76.601	457
76.652	456
76.703	457
76.753	457
76.803	457
76.853	456
76.903	455
76.954	456
77.004	456
77.054	456
77.104	456
77.154	456
77.204	456
77.255	457
77.305	455
77.355	456
77.405	456
77.455	456
77.505	457
77.557	455
77.607	456
77.657	456
77.707	455
77.757	455
77.808	455
77.858	454
77.908	455
77.958	455
78.008	454
78.058	456
78.109	447
78.159	454
78.209	455
78.259	454
78.309	454
78.359	454
78.410	454
78.461	454
78.511	453
78.561	454
78.611	454
78.662	454
78.712	456
78.762	455
78.812	455
78.862	455
78.912	451
78.963	454
79.013	455
79.063	455
79.113	455
79.163	455
79.214	455
79.264	455
79.314	450
79.365	455
79.415	456
79.465	455
79.516	455
79.566	456
79.616	455
79.666	456
79.716	451
79.766	455
79.817	457
79.867	455
79.917	457
79.967	455
80.017	457
80.068	456
80.118	452
80.168	457
80.218	457
80.269	457
80.319	457
80.370	458
80.420	459
80.470	458
80.520	454
80.570	459
80.620	459
80.671	460
80.721	460
80.771	460
80.821	461
80.871	460
80.922	454
80.972	461
81.022	461
81.072	459
81.122	460
81.173	460
81.224	459
81.274	460
81.324	453
81.374	459
81.424	461
81.475	459
81.525	459
81.575	460
81.625	459
81.675	460
81.725	456
81.776	462
81.826	463
81.876	463
81.926	463
81.976	462
82.026	463
82.078	463
82.128	461
82.178	463
82.228	464
82.278	464
82.329	463
82.379	462
82.429	463
82.479	464
82.529	460
82.579	463
82.630	461
82.680	464
82.730	462
82.780	461
82.830	463
82.880	463
82.931	462
82.982	463
83.032	465
83.082	463
83.132	464
83.183	463
83.233	464
83.283	465
83.333	464
83.383	465
83.433	464
83.484	465
83.534	462
83.584	466
83.634	467
83.684	465
83.734	464
83.785	465
83.835	466
83.886	465
83.936	465
83.986	467
84.037	465
84.087	465
84.137	465
84.187	465
84.237	464
84.287	465
84.338	465
84.388	463
84.438	464
84.488	463
84.538	464
84.588	464
84.639	464
84.689	462
84.740	464
84.790	463
84.840	463
84.891	464
84.941	464
84.991	465
85.041	463
85.091	464
85.141	464
85.192	461
85.242	463
85.292	464
85.342	464
85.392	463
85.443	463
85.493	464
85.543	464
85.593	461
85.644	463
85.694	463
85.745	462
85.795	463
85.845	462
85.895	462
85.945	462
85.995	455
86.046	462
86.096	461
86.146	462
86.196	461
86.246	461
86.297	461
86.347	461
86.397	454
86.447	461
86.497	460
86.548	462
86.599	462
86.649	461
86.699	460
86.749	461
86.799	456
86.849	461
86.900	460
86.950	461
87.000	459
87.050	459
87.100	458
87.151	460
87.201	454
87.251	458
87.301	458
87.351	458
87.401	458
87.453	458
87.503	458
87.553	458
87.603	454
87.653	458
87.703	457
87.754	457
87.804	457
87.854	456
87.904	457
87.954	457
88.005	452
88.055	457
88.105	456
88.155	457
88.205	457
88.255	457
88.306	456
88.357	458
88.407	453
88.457	455
88.507	456
88.558	457
88.608	455
88.658	456
88.708	458
88.758	456
88.808	454
88.859	455
88.909	456
88.959	456
89.009	455
89.059	455
89.109	455
89.160	455
89.210	452
89.261	455
89.311	455
89.361	454
89.412	454
89.462	454
89.512	454
89.562	455
89.612	452
89.662	454
89.713	454
89.763	455
89.813	455
89.863	454
89.913	454
89.963	455
90.014	452
90.064	454
90.114	454
90.165	455
90.215	455
90.266	455
90.316	455
90.366	456
90.416	453
90.466	454
90.516	455
90.567	455
90.617	454
90.667	458
90.717	456
90.767	456
90.817	454
90.868	454
90.918	456
90.968	456
91.018	458
91.069	456
91.120	458
91.170	458
91.220	456
91.270	457
91.320	457
91.370	457
91.421	457
91.471	456
91.521	458
91.571	458
91.621	458
91.671	458
91.722	459
91.772	459
91.822	459
91.872	455
91.922	459
91.974	459
92.024	460
92.074	459
92.124	462
92.174	461
92.224	462
92.275	455
92.325	461
92.375	460
92.425	462
92.475	462
92.526	460
92.576	461
92.626	462
92.676	457
92.726	461
92.776	462
92.827	462
92.878	462
92.928	462
92.978	462
93.028	461
93.078	457
93.129	462
93.179	463
93.229	462
93.279	462
93.329	462
93.380	462
93.430	463
93.480	458
93.530	464
93.580	464
93.630	463
93.681	464
93.731	463
93.782	465
93.832	464
93.882	459
93.932	465
93.983	464
94.033	464
94.083	464
94.133	463
94.183	464
94.234	464
94.284	457
94.334	464
94.384	465
94.434	465
94.484	465
94.535	464
94.585	466
94.636	464
94.686	461
94.736	464
94.787	466
94.837	464
94.887	465
94.937	464
94.987	464
95.037	464
95.088	460
95.138	465
95.188	465
95.238	465
95.288	464
95.338	465
95.389	465
95.439	465
95.489	461
95.540	464
95.590	464
95.641	465
95.691	465
95.741	464
95.791	465
95.841	464
95.891	460
95.942	464
95.992	463
96.042	462
96.092	463
96.142	462
96.192	463
96.243	464
96.293	460
96.343	463
96.393	462
96.444	462
96.495	463
96.545	462
96.595	465
96.645	461
96.695	458
96.745	463
96.796	463
96.846	462
96.896	462
96.946	461
96.996	462
97.046	462
97.097	454
97.147	462
97.197	461
97.247	462
97.297	461
97.349	461
97.399	461
97.449	460
97.499	458
97.549	460
97.599	460
97.650	459
97.700	460
97.750	459
97.800	459
97.850	459
97.900	457
97.951	459
98.001	459
98.051	458
98.101	458
98.151	458
98.202	459
98.253	459
98.303	458
98.353	457
98.403	458
98.453	459
98.504	457
98.554	455
98.604	457
98.654	458
98.704	456
98.755	456
98.805	457
98.855	457
98.905	457
98.955	455
99.005	457
99.056	457
99.106	457
99.157	457
99.207	455
99.257	456
99.307	456
99.358	455
99.408	456
99.458	456
99.508	456
99.558	456
99.609	457
99.659	457
99.709	455
99.759	451
99.809	456
99.859	456
99.910	454
99.960	455
100.010	453
100.061	455
100.111	455
100.161	449
100.212	456
100.262	457
100.312	456
100.362	454
100.412	454
100.463	454
100.513	454
100.563	449
100.613	455
100.663	455
100.713	455
100.764	455
100.814	455
100.864	455
100.914	455
100.965	450
101.015	455
101.066	455
101.116	456
101.166	455
101.216	456
101.266	456
101.317	455
101.367	452
101.417	456
101.467	455
101.517	456
101.567	457
101.618	455
101.668	457
101.718	457
101.768	452
101.818	457
101.870	457
101.920	456
101.970	459
102.020	458
102.070	457
102.120	459
102.171	455
102.221	457
102.271	459
102.321	459
102.371	458
102.421	458
102.472	459
102.522	459
102.572	456
102.622	459
102.672	460
102.723	459
102.774	460
102.824	460
102.874	460
102.924	460
102.974	458
103.025	461
103.075	462
103.125	461
103.175	461
103.225	461
103.275	461
103.326	461
103.376	459
103.426	460
103.476	461
103.526	461
103.577	462
103.627	460
103.678	462
103.728	462
103.778	459
103.828	463
103.879	463
103.929	462
103.979	463
104.029	463
104.079	464
104.129	463
104.180	464
104.230	463
104.280	463
104.330	464
104.380	464
104.431	463
104.481	464
104.532	464
104.582	458
104.632	464
104.682	464
104.733	464
104.783	464
104.833	463
104.883	464
104.933	465
104.983	464
105.034	465
105.084	464
105.134	465
105.184	464
105.234	461
105.285	464
105.335	465
105.385	464
105.436	465
105.486	465
105.536	464
105.587	464
105.637	464
105.687	465
105.737	465
105.787	464
105.838	464
105.888	466
105.938	464
105.988	465
106.038	463
106.088	465
106.139	465
106.189	465
106.239	464
106.289	464
106.340	465
106.390	465
106.441	462
106.491	464
106.541	464
106.591	464
106.641	464
106.692	464
106.742	464
106.792	464
106.842	459
106.892	464
106.942	463
106.993	463
107.043	464
107.093	463
107.143	463
107.193	463
107.244	459
107.295	463
107.345	462
107.395	461
107.445	461
107.495	462
107.546	462
107.596	461
107.646	456
107.696	463
107.746	461
107.796	463
107.847	463
107.897	460
107.947	460
107.997	461
108.047	453
108.097	461
108.149	461
108.199	460
108.249	459
108.299	460
108.349	460
108.400	460
108.450	455
108.500	459
108.550	459
108.600	459
108.650	459
108.701	459
108.751	459
108.801	459
108.851	454
108.901	459
108.951	459
109.002	459
109.053	459
109.103	458
109.153	457
109.203	457
109.254	452
109.304	458
109.354	457
109.404	457
109.454	457
109.504	455
109.555	457
109.605	457
109.655	452
109.705	456
109.755	457
109.806	456
109.856	456
109.906	455
109.957	456
110.007	456
110.057	452
110.108	457
110.158	456
110.208	456
110.258	455
110.308	455
110.358	456
110.409	455
110.459	452
110.509	455
110.559	455
110.609	455
110.660	455
110.710	454
110.760	455
110.810	455
110.861	452
110.911	455
110.962	455
111.012	455
111.062	455
111.112	455
111.162	455
111.212	455
111.263	454
111.313	456
111.363	455
111.413	455
111.463	455
111.514	457
111.564	455
111.614	454
111.664	454
111.714	455
111.765	455
111.816	456
111.866	457
111.916	454
111.966	456
112.016	456
112.067	455
112.117	456
112.167	457
112.217	457
112.267	456
112.317	456
112.368	458
112.418	458
112.468	458
112.518	458
112.568	458
112.618	458
112.670	459
112.720	457
112.770	459
112.820	459
112.870	460
112.921	459
112.971	459
113.021	459
113.071	459
113.121	457
113.171	461
113.222	460
113.272	459
113.322	461
113.372	459
113.422	461
113.472	461
113.523	455
113.574	460
113.624	460
113.674	461
113.724	462
113.775	461
113.825	460
113.875	461
113.925	453
113.975	462
114.025	463
114.076	462
114.126	462
114.176	463
114.226	464
114.276	463
114.326	456
114.377	463
114.427	463
114.478	463
114.528	463
114.578	463
114.629	464
114.679	464
114.729	459
114.779	463
114.829	464
114.879	465
114.930	464
114.980	463
115.030	463
115.080	465
115.130	461
115.180	464
115.231	465
115.281	465
115.332	464
115.382	464
115.432	463
115.483	464
115.533	458
115.583	464
115.633	464
115.683	464
115.733	464
115.784	464
115.834	465
115.884	465
115.934	459
115.984	466
116.035	464
116.085	466
116.135	464
116.185	465
116.236	465
116.286	466
116.337	461
116.387	465
116.437	465
116.487	465
116.537	465
116.587	464
116.638	465
116.688	465
116.738	461
116.788	465
116.838	465
116.889	464
116.939	464
116.989	465
117.039	463
117.089	463
117.140	461
117.191	464
117.241	464
117.291	463
117.341	463
117.391	464
117.441	463
117.492	463
117.542	460
117.592	464
117.642	463
117.692	463
117.743	463
117.793	463
117.843	464
117.893	463
117.943	454
117.993	462
118.045	462
118.095	462
118.145	461
118.195	460
118.245	462
118.295	461
118.346	459
118.396	461
118.446	460
118.496	461
118.546	460
118.597	460
118.647	460
118.697	460
118.747	459
118.797	460
118.847	459
118.898	459
118.949	460
118.999	461
119.049	460
119.099	460
119.150	457
119.200	459
119.250	457
119.300	459
119.350	458
119.400	456
119.451	459
119.501	458
119.551	458
119.601	456
119.651	456
119.701	458
119.752	458
119.802	456
119.853	457
119.903	457
119.953	458
120.004	457
120.054	456
120.104	456
120.154	456
120.204	454
120.254	456
120.305	456
120.355	456
120.405	456
120.455	456
120.505	456
120.555	456
120.606	451
120.656	456
120.706	456
120.757	455
120.807	456
120.858	455
120.908	455
120.958	454
121.008	451
121.058	454
121.108	454
121.159	454
121.209	455
121.259	454
121.309	454
121.359	455
121.409	448
121.460	455
121.510	454
121.560	456
121.610	454
121.661	455
121.712	455
121.762	456
121.812	449
121.862	455
121.912	456
121.962	456
122.013	456
122.063	456
122.113	456
122.163	457
122.213	452
122.263	457
122.314	457
122.364	457
122.414	457
122.464	457
122.514	458
122.566	458
122.616	453
122.666	458
122.716	457
122.766	458
122.816	459
122.867	458
122.917	459
122.967	458
123.017	456
123.067	460
123.118	458
123.168	459
123.218	460
123.268	459
123.318	461
123.368	459
123.419	456
123.470	462
123.520	461
123.570	460
123.620	462
123.670	462
123.721	463
123.771	462
123.821	459
123.871	462
123.921	462
123.972	462
124.022	462
124.072	461
124.122	462
124.172	462
124.222	459
124.273	462
124.323	463
124.374	462
124.424	463
124.474	463
124.524	463
124.575	463
124.625	461
124.675	463
124.725	463
124.775	463
124.826	464
124.876	463
124.926	464
124.976	463
125.026	461
125.076	464
125.127	464
125.177	464
125.228	465
125.278	464
125.328	464
125.379	465
125.429	457
125.479	464
125.529	464
125.579	465
125.629	464
125.680	463
125.730	466
125.780	465
125.830	463
125.880	465
125.930	464
125.981	465
126.031	465
126.081	464
126.132	465
126.182	465
126.233	464
126.283	465
126.333	465
126.383	466
126.433	464
126.483	463
126.534	465
126.584	465
126.634	464
126.684	465
126.734	465
126.784	464
126.835	465
126.885	463
126.935	465
126.985	463
127.036	464
127.087	465
127.137	463
127.187	463
127.237	462
127.287	461
127.337	464
127.388	462
127.438	463
127.488	463
127.538	465
127.588	463
127.638	463
127.689	459
127.739	463
127.789	462
127.839	462
127.889	462
127.941	462
127.991	462
128.041	462
128.091	455
128.141	462
128.191	461
128.242	462
128.292	461
128.342	460
128.392	461
128.442	461
128.492	453
128.543	461
128.593	461
128.643	461
128.693	460
128.743	459
128.794	461
128.845	459
128.895	453
128.945	459
128.995	459
129.045	460
129.096	459
129.146	458
129.196	459
129.246	459
129.296	454
129.347	458
129.397	457
129.447	458
129.497	459
129.547	456
129.597	459
129.648	457
129.698	454
129.749	458
129.799	457
129.849	457
129.899	457
129.950	456
130.000	457
130.050	456
130.100	452
130.150	457
130.201	456
130.251	456
130.301	456
130.351	456
130.401	456
130.451	456
130.502	452
130.552	456
130.602	457
130.653	455
130.703	455
130.753	455
130.804	456
130.854	456
130.904	452
130.954	455
131.004	455
131.055	455
131.105	454
131.155	455
131.205	456
131.255	455
131.305	451
131.356	455
131.406	455
131.456	456
131.506	454
131.557	455
131.607	455
131.658	455
131.708	452
131.758	456
131.808	456
131.858	456
131.909	455
131.959	455
132.009	456
132.059	456
132.109	454
132.159	457
132.210	457
132.260	456
132.310	456
132.360	459
132.410	457
132.462	457
132.512	456
132.562	457
132.612	457
132.662	458
132.712	457
132.763	460
132.813	458
132.863	458
132.913	458
132.963	459
133.013	459
133.064	459
133.114	459
133.164	458
133.214	460
133.264	461
133.315	459
133.366	460
133.416	460
133.466	460
133.516	461
133.566	458
133.617	460
133.667	461
133.717	460
133.767	461
133.817	461
133.867	461
133.918	462
133.968	459
134.018	462
134.068	461
134.118	462
134.169	462
134.219	462
134.270	462
134.320	463
134.370	461
134.420	463
134.471	463
134.521	464
134.571	464
134.621	463
134.671	464
134.721	464
134.772	461
134.822	463
134.872	464
134.922	464
134.972	464
135.023	464
135.073	464
135.124	465
135.174	463
135.224	465
135.274	465
135.325	465
135.375	465
135.425	466
135.475	465
135.525	464
135.575	457
135.626	465
135.676	464
135.726	465
135.776	465
135.826	464
135.877	465
135.927	465
135.977	460
136.028	466
136.078	465
136.128	465
136.179	465
136.229	464
136.279	465
136.329	465
136.379	461
136.430	464
136.480	465
136.530	465
136.580	464
136.630	464
136.680	465
136.731	464
136.781	461
136.831	465
136.881	466
136.932	466
136.982	464
137.033	465
137.083	464
137.133	463
137.183	459
137.233	464
137.284	463
137.334	464
137.384	464
137.434	463
137.484	462
137.534	464
137.585	460
137.635	463
137.685	463
137.735	463
137.785	462
137.836	462
137.887	463
137.937	463
137.987	460
138.037	463
138.087	462
138.138	462
138.188	461
138.238	462
138.288	462
138.338	461
138.388	458
138.439	462
138.489	461
138.539	461
138.589	461
138.639	460
138.689	460
138.741	461
138.791	456
138.841	460
138.891	460
138.941	459
138.992	459
139.042	459
139.092	459
139.142	458
139.192	452
139.242	458
139.293	459
139.343	459
139.393	459
139.443	457
139.493	459
139.543	458
139.594	456
139.645	458
139.695	458
139.745	459
139.795	458
139.846	456
139.896	457
139.946	457
139.996	456
140.046	457
140.096	457
140.147	457
140.197	457
140.247	455
140.297	457
140.347	456
140.398	456
140.448	455
140.498	457
140.549	456
140.599	455
140.649	455
140.700	455
140.750	455
140.800	454
140.850	454
140.900	455
140.950	455
141.001	454
141.051	454
141.101	454
141.151	455
141.201	455
141.252	455
141.302	455
141.352	454
141.402	457
141.453	453
141.503	455
141.554	455
141.604	455
141.654	455
141.704	455
141.754	456
141.804	455
141.855	451
141.905	455
141.955	455
142.005	456
142.055	456
142.106	455
142.156	456
142.206	455
142.256	450
142.306	456
142.357	456
142.408	457
142.458	458
142.508	456
142.558	458
142.608	458
142.659	452
142.709	457
142.759	457
142.809	457
142.859	458
142.909	459
142.960	458
143.010	459
143.060	456
143.110	459
143.160	459
143.210	458
143.262	460
143.312	459
143.362	462
143.412	461
143.462	456
143.513	460
143.563	460
143.613	460
143.663	460
143.713	459
143.763	460
143.814	461
143.864	456
143.914	461
143.964	461
144.014	461
144.064	460
144.115	461
144.166	462
144.216	462
144.266	457
144.316	461
144.367	462
144.417	463
144.467	463
144.517	462
144.567	462
144.617	463
144.668	461
144.718	463
144.768	462
144.818	463
144.868	464
144.918	463
144.969	463
145.019	465
145.070	462
145.120	463
145.170	463
145.221	464
145.271	465
145.321	464
145.371	464
145.421	464
145.471	461
145.522	464
145.572	465
145.622	464
145.672	465
145.722	463
145.772	465
145.823	465
145.873	458
145.924	465
145.974	465
146.024	465
146.075	464
146.125	463
146.175	465
146.225	466
146.275	463
146.325	464
146.376	465
146.426	467
146.476	466
146.526	462
146.576	466
146.627	465
146.677	465
146.727	465
146.777	467
146.828	466
146.878	465
146.929	465
146.979	464
147.029	466
147.079	464
147.129	465
147.179	465
147.230	463
147.280	464
147.330	462
147.380	464
147.430	464
147.481	463
147.531	463
147.581	462
147.631	463
147.681	463
147.732	462
147.783	463
147.833	463
147.883	463
147.933	463
147.983	463
148.033	464
148.084	463
148.134	461
148.184	464
148.234	462
148.284	463
148.335	463
148.385	462
148.435	461
148.485	461
148.535	455
148.585	461
148.637	461
148.687	462
148.737	460
148.787	460
148.837	459
148.887	461
148.938	451
148.988	460
149.038	460
149.088	459
149.138	459
149.189	459
149.239	459
149.289	459
149.339	452
149.389	459
149.439	458
149.490	459
149.541	459
149.591	459
149.641	458
149.691	457
149.742	453
149.792	458
149.842	458
149.892	459
149.942	457
149.992	457
150.043	457
150.093	458
150.143	450
150.193	457
150.243	457
150.293	458
150.344	456
150.394	455
150.445	455
150.495	455
150.545	452
150.596	457
150.646	454
150.696	454
150.746	456
150.796	455
150.846	456
150.897	455
150.947	450
150.997	456
151.047	456
151.097	457
151.147	455
151.198	455
151.248	456
151.298	456
151.349	452
151.399	455
151.450	455
151.500	456
151.550	456
151.600	455
151.650	456
151.700	457
151.751	452
151.801	456
151.851	455
151.901	456
151.951	457
152.001	456
152.052	455
152.102	455
152.152	452
152.202	454
152.253	456
152.304	458
152.354	457
152.404	457
152.454	459
152.504	456
152.554	456
152.605	457
152.655	457
152.705	458
152.755	458
152.805	457
152.855	459
152.906	458
152.956	457
153.006	459
153.056	460
153.106	460
153.158	459
153.208	459
153.258	461
153.308	461
153.358	458
153.408	460
153.459	460
153.509	460
153.559	461
153.609	463
153.659	460
153.710	463
153.760	460
153.810	462
153.860	463
153.910	461
153.960	460
154.011	461
154.062	462
154.112	462
154.162	460
154.212	464
154.262	463
154.313	460
154.363	462
154.413	461
154.463	463
154.513	462
154.564	464
154.614	463
154.664	464
154.714	464
154.764	464
154.814	462
154.865	464
154.915	464
154.966	464
155.016	464
155.066	464
155.116	465
155.167	465
155.217	463
155.267	465
155.317	464
155.367	463
155.418	464
155.468	464
155.518	464
155.568	466
155.618	461
155.668	464
155.719	465
155.769	466
155.820	464
155.870	465
155.920	466
155.971	465
156.021	463
156.071	465
156.121	465
156.171	466
156.221	466
156.272	466
156.322	466
156.372	465
156.422	460
156.472	465
156.522	465
156.573	466
156.623	465
156.673	465
156.724	465
156.774	464
156.825	458
156.875	465
156.925	464
156.975	465
157.025	465
157.075	464
157.126	464
157.176	464
157.226	460
157.276	464
157.326	463
157.376	464
157.427	464
157.477	463
157.527	463
157.577	462
157.628	459
157.679	464
157.729	464
157.779	463
157.829	464
157.879	463
157.929	462
157.980	462
158.030	458
158.080	463
158.130	459
158.180	463
158.230	463
158.281	461
158.331	462
158.381	461
158.431	457
158.481	460
158.533	460
158.583	461
158.633	459
158.683	459
158.733	460
158.783	460
158.834	456
158.884	460
158.934	460
158.984	459
159.034	459
159.084	458
159.135	458
159.185	459
159.235	454
159.285	458
159.335	459
159.386	458
159.437	458
159.487	457
159.537	459
159.587	459
159.637	456
159.688	458
159.738	458
159.788	457
159.838	457
159.888	455
159.939	457
159.989	459
160.039	454
160.089	455
160.139	457
160.189	457
160.240	456
160.290	455
160.341	456
160.391	456
160.441	454
160.491	455
160.542	456
160.592	455
160.642	456
160.692	458
160.742	456
160.793	455
160.843	454
160.893	455
160.943	455
160.993	457
161.043	456
161.094	455
161.144	455
161.194	455
161.245	454
161.295	456
161.345	456
161.396	455
161.446	454
161.496	455
161.546	455
161.596	455
161.647	454
161.697	457
161.747	454
161.797	456
161.847	456
161.897	455
161.948	456
161.998	456
162.048	455
162.098	456
162.149	457
162.199	457
162.250	457
162.300	455
162.350	457
162.400	458
162.450	458
162.501	458
162.551	458
162.601	459
162.651	458
162.701	453
162.751	459
162.802	459
162.852	458
162.902	459
162.952	460
163.002	460
163.054	460
163.104	455
163.154	459
163.204	459
163.254	459
163.304	460
163.355	461
163.405	461
163.455	461
163.505	454
163.555	461
163.605	462
163.656	461
163.706	461
163.756	461
163.806	462
163.856	462
163.907	456
163.958	462
164.008	463
164.058	463
164.108	463
164.158	463
164.209	463
164.259	463
164.309	459
164.359	464
164.409	463
164.459	463
164.510	464
164.560	464
164.610	464
164.660	464
164.710	458
164.761	465
164.811	464
164.862	464
164.912	465
164.962	463
165.012	464
165.063	465
165.113	458
165.163	464
165.213	465
165.263	465
165.313	465
165.364	464
165.414	466
165.464	464
165.514	458
165.564	466
165.615	467
165.665	467
165.716	466
165.766	465
165.816	466
165.866	465
165.917	462
165.967	465
166.017	465
166.067	465
166.117	465
166.167	464
166.218	465
166.268	465
166.318	462
166.368	466
166.418	465
166.469	465
166.519	465
166.569	463
166.620	465
166.670	464
166.720	461
166.771	464
166.821	464
166.871	465
166.921	464
166.971	463
167.022	464
167.072	464
167.122	457
167.172	463
167.222	464
167.272	466
167.323	464
167.373	463
167.423	463
167.473	464
167.524	463
167.574	463
167.625	463
167.675	463
167.725	463
167.775	462
167.825	461
167.876	462
167.926	460
167.976	462
168.026	462
168.076	461
168.126	461
168.177	459
168.227	460
168.277	460
168.327	460
168.377	460
168.428	459
168.479	458
168.529	459
168.579	458
168.629	459
168.679	459
168.730	458
168.780	459
168.830	458
168.880	460
168.930	459
168.980	457
169.031	459
169.081	460
169.131	458
169.181	459
169.231	458
169.281	457
169.333	458
169.383	456
169.433	458
169.483	457
169.533	457
169.584	457
169.634	457
169.684	456
169.734	456
169.784	453
169.834	456
169.885	456
169.935	456
169.985	455
170.035	456
170.085	456
170.135	457
170.186	451
170.237	455
170.287	455
170.337	456
170.387	456
170.438	457
170.488	457
170.538	456
170.588	450
170.638	456
170.688	455
170.739	455
170.789	456
170.839	455
170.889	455
170.939	453
170.990	450
171.040	455
171.090	456
171.141	454
171.191	456
171.241	454
171.292	455
171.342	457
171.392	450
171.442	456
171.492	456
171.542	456
171.593	456
171.643	455
171.693	457
171.743	456
171.793	452
171.844	456
171.894	457
171.944	458
171.994	458
172.045	457
172.095	458
172.146	457
172.196	455
172.246	459
172.296	458
172.346	459
172.396	457
172.447	459
172.497	459
172.547	459
172.597	454
172.647	460
172.698	459
172.748	460
172.798	459
172.848	459
172.898	458
172.949	459
173.000	456
173.050	461
173.100	460
173.150	461
173.200	461
173.251	460
173.301	461
173.351	462
173.401	460
173.451	462
173.501	463
173.552	462
173.602	462
173.652	462
173.702	463
173.752	464
173.802	461
173.854	464
173.904	464
173.954	464
174.004	463
174.054	463
174.105	464
174.155	464
174.205	464
174.255	463
174.305	464
174.355	464
174.406	464
174.456	466
174.506	464
174.556	465
174.606	464
174.656	465
174.707	464
174.758	465
174.808	465
174.858	467
174.908	465
174.959	466
175.009	464
175.059	466
175.109	465
175.159	466
175.209	465
175.260	463
175.310	466
175.360	466
175.410	465
175.460	466
175.510	465
175.561	466
175.611	465
175.662	463
175.712	465
175.762	464
175.813	466
175.863	466
175.913	464
175.963	464
176.013	465
176.063	463
176.114	465
176.164	466
176.214	466
176.264	464
176.314	464
176.364	464
176.415	466
176.465	461
176.516	464
176.566	462
176.616	464
176.667	464
176.717	464
176.767	463
176.817	464
176.867	459
176.917	463
176.968	464
177.018	464
177.068	464
177.118	463
177.168	463
177.219	462
177.269	456
177.319	462
177.369	464
177.420	463
177.470	463
177.521	462
177.571	464
177.621	462
177.671	454
177.721	462
177.771	461
177.822	460
177.872	460
177.922	461
177.972	462
178.022	461
178.073	456
178.123	459
178.173	460
178.223	459
178.273	459
178.324	461
178.375	460
178.425	460
178.475	453
178.525	459
178.575	459
178.625	459
178.676	459
178.726	459
178.776	459
178.826	459
178.876	453
178.927	459
178.977	459
179.027	458
179.077	457
179.127	457
179.177	458
179.229	458
179.279	452
179.329	456
179.379	456
179.429	457
179.479	456
179.530	457
179.580	456
179.630	456
179.680	452
179.730	456
179.781	457
179.831	455
179.881	456
179.931	455
179.981	455
180.031	456
180.082	453
180.133	455
180.183	454
180.233	456
180.283	456
180.334	455
180.384	456
180.434	455
180.484	454
180.534	456
180.584	455
180.635	455
180.685	456
180.735	455
180.785	456
180.835	456
180.885	448
180.936	455
180.986	455
181.037	456
181.087	455
181.137	455
181.188	456
181.238	456
181.288	453
181.338	455
181.388	456
181.438	457
181.489	456
181.539	456
181.589	457
181.639	457
181.689	456
181.739	457
181.790	457
181.840	458
181.890	458
181.941	461
181.991	458
182.042	457
182.092	458
182.142	457
182.192	459
182.242	458
182.292	458
182.343	458
182.393	459
182.443	459
182.493	459
182.543	460
182.593	460
182.644	460
182.694	460
182.744	459
182.794	460
182.845	460
182.896	460
182.946	461
182.996	462
183.046	463
183.096	462
183.146	459
183.197	462
183.247	462
183.297	462
183.347	462
183.397	463
183.447	461
183.498	462
183.548	457
183.598	463
183.648	462
183.698	463
183.750	463
183.800	464
183.850	464
183.900	463
183.950	457
184.000	464
184.051	465
184.101	463
184.151	464
184.201	464
184.251	465
184.302	465
184.352	460
184.402	465
184.452	464
184.502	465
184.552	465
184.603	464
184.654	466
184.704	465
184.754	458
184.804	465
184.854	466
184.905	465
184.955	465
185.005	466
185.055	464
185.105	465
185.156	461
185.206	466
185.256	467
185.306	466
185.356	465
185.406	466
185.457	467
185.507	465
185.558	462
185.608	466
185.658	467
185.708	464
185.759	466
185.809	465
185.859	466
185.909	467
185.959	462
186.010	465
186.060	465
186.110	465
186.160	464
186.210	464
186.260	464
186.311	465
186.361	460
186.412	463
186.462	464
186.512	464
186.563	464
186.613	462
186.663	464
186.713	464
186.763	460
186.813	463
186.864	464
186.914	464
186.964	462
187.014	461
187.064	464
187.114	464
187.165	460
187.215	462
187.265	463
187.316	464
187.366	461
187.417	462
187.467	461
187.517	462
187.567	458
187.617	462
187.667	461
187.718	461
187.768	462
187.818	459
187.868	459
187.918	460
187.968	458
188.019	460
188.069	460
188.119	459
188.169	459
188.220	459
188.271	459
188.321	459
188.371	452
188.421	459
188.471	459
188.521	459
188.572	459
188.622	457
188.672	458
188.722	458
188.772	456
188.822	458
188.873	457
188.923	458
188.973	457
189.023	456
189.073	457
189.125	457
189.175	456
189.225	456
189.275	457
189.325	457
189.375	457
189.426	454
189.476	457
189.526	455
189.576	456
189.626	456
189.676	457
189.727	455
189.777	456
189.827	454
189.877	456
189.927	456
189.978	456
190.029	456
190.079	456
190.129	455
190.179	455
190.229	454
190.280	456
190.330	456
190.380	456
190.430	456
190.480	455
190.531	454
190.581	455
190.631	451
190.681	455
190.731	455
190.781	457
190.832	456
190.882	454
190.933	457
190.983	455
191.033	451
191.083	457
191.134	456
191.184	457
191.234	459
191.284	457
191.334	456
191.385	459
191.435	452
191.485	458
191.535	458
191.585	458
191.635	459
191.686	459
191.736	459
191.786	459
191.837	452
191.887	459
191.937	459
191.988	459
192.038	459
192.088	459
192.138	461
192.188	460
192.239	456
192.289	460
192.339	460
192.389	460
192.439	461
192.489	461
192.540	462
192.590	461
192.640	457
192.690	460
192.741	460
192.791	461
192.842	462
192.892	461
192.942	463
192.992	462
193.042	458
193.093	462
193.143	463
193.193	462
193.243	464
193.293	463
193.343	463
193.394	464
193.444	461
193.494	464
193.544	463
193.594	464
193.646	464
193.696	464
193.746	464
193.796	464
193.846	460
193.896	464
193.947	464
193.997	464
194.047	465
194.097	465
194.147	465
194.197	464
194.248	462
194.298	465
194.348	465
194.398	466
194.448	465
194.499	465
194.550	466
194.600	465
194.650	462
194.700	465
194.750	467
194.801	466
194.851	466
194.901	464
194.951	465
195.001	467
195.051	464
195.102	465
195.152	466
195.202	466
195.252	466
195.302	464
195.353	466
195.403	466
195.454	464
195.504	466
195.554	465
195.604	466
195.655	465
195.705	463
195.755	466
195.805	464
195.855	464
195.905	465
195.956	465
196.006	464
196.056	464
196.106	467
196.156	464
196.207	464
196.257	462
196.308	464
196.358	464
196.408	464
196.458	465
196.509	461
196.559	464
196.609	464
196.659	462
196.709	463
196.759	462
196.810	463
196.860	464
196.910	460
196.960	464
197.010	463
197.061	462
197.111	462
197.161	462
197.212	462
197.262	462
197.312	459
197.363	461
197.413	461
197.463	461
197.513	461
197.563	460
197.614	461
197.664	460
197.714	455
197.764	459
197.814	461
197.864	459
197.915	460
197.965	460
198.015	459
198.065	460
198.116	455
198.166	460
198.217	458
198.267	459
198.317	459
198.367	458
198.417	458
198.468	457
198.518	453
198.568	457
198.618	457
198.668	458
198.718	457
198.769	457
198.819	457
198.869	457
198.919	452
198.969	456
199.020	457
199.071	456
199.121	456
199.171	456
199.221	456
199.271	456
199.322	452
199.372	456
199.422	455
199.472	456
199.522	456
199.572	455
199.623	457
199.673	455
199.723	453
199.773	456
199.823	455
199.873	456
199.925	455
199.975	456
200.025	457
200.075	455
200.125	450
200.176	456
200.226	455
200.276	455
200.326	456
200.376	456
200.426	456
200.477	455
200.527	452
200.577	456
200.627	456
200.677	456
200.727	456
200.778	456
200.829	457
200.879	456
200.929	453
200.979	456
201.030	457
201.080	457
201.130	457
201.180	458
201.230	458
201.280	459
201.331	456
201.381	459
201.431	459
201.481	458
201.531	458
201.582	458
201.632	459
201.682	459
201.733	458
201.783	459
201.833	460
201.884	461
201.934	459
201.984	458
202.034	460
202.084	461
202.134	459
202.185	462
202.235	461
202.285	460
202.335	462
202.385	460
202.436	461
202.486	461
202.536	460
202.586	462
202.637	462
202.687	463
202.738	463
202.788	463
202.838	462
202.888	462
202.938	462
202.988	463
203.039	462
203.089	463
203.139	464
203.189	462
203.239	463
203.290	464
203.340	463
203.390	465
203.440	463
203.490	466
203.541	465
203.592	462
203.642	465
203.692	465
203.742	465
203.792	465
203.843	464
203.893	466
203.943	464
203.993	463
204.043	466
204.093	466
204.144	465
204.194	465
204.244	465
204.294	466
204.344	465
204.394	459
204.446	466
204.496	465
204.546	466
204.596	466
204.646	465
204.697	465
204.747	465
204.797	459
204.847	465
204.897	465
204.947	465
204.998	465
205.048	465
205.098	465
205.148	465
205.198	461
205.248	465
205.299	465
205.350	465
205.400	466
205.450	465
205.500	467
205.551	466
205.601	459
205.651	464
205.701	465
205.751	465
205.801	465
205.852	464
205.902	464
205.952	464
206.002	460
206.052	464
206.102	464
206.153	463
206.203	464
206.254	464
206.304	464
206.354	464
206.405	458
206.455	463
206.505	463
206.555	463
206.605	463
206.655	463
206.706	463
206.756	461
206.806	458
206.856	462
206.906	461
206.956	461
207.007	462
207.057	461
207.108	461
207.158	461
207.208	456
207.259	461
207.309	461
207.359	460
207.409	459
207.459	461
207.509	459
207.560	460
207.610	456
207.660	459
207.710	459
207.760	459
207.811	459
207.861	458
207.911	460
207.961	459
208.012	454
208.062	458
208.113	458
208.163	459
208.213	457
208.263	458
208.313	457
208.363	457
208.414	454
208.464	456
208.514	457
208.564	456
208.614	457
208.665	456
208.715	457
208.765	456
208.815	453
208.865	456
208.916	454
208.967	456
209.017	455
209.067	455
209.117	455
209.167	456
209.217	448
209.268	456
209.318	456
209.368	457
209.418	457
209.468	456
209.519	455
209.569	456
209.619	454
209.669	456
209.719	456
209.769	455
209.821	456
209.871	455
209.921	456
209.971	455
210.021	454
210.071	456
210.122	456
210.172	456
210.222	456
210.272	454
210.322	454
210.373	456
210.423	456
210.473	458
210.523	457
210.573	457
210.623	458
210.674	455
210.725	457
210.775	457
210.825	458
210.875	458
210.926	457
210.976	458
211.026	458
211.076	456
211.126	459
211.176	458
211.227	457
211.277	459
211.327	459
211.377	459
211.427	459
211.477	455
211.528	460
211.578	460
211.629	460
211.679	461
211.729	460
211.780	461
211.830	461
211.880	455
211.930	461
211.980	461
212.030	461
212.081	462
212.131	462
212.181	462
212.231	461
212.281	454
212.331	461
212.382	461
212.432	462
212.482	463
212.533	462
212.583	464
212.634	462
212.684	457
212.734	462
212.784	465
212.834	464
212.884	464
212.935	463
212.985	463
213.035	463
213.085	461
213.135	465
213.185	465
213.236	466
213.286	466
213.336	465
213.386	466
213.437	466
213.488	461
213.538	466
213.588	465
213.638	465
213.688	465
213.738	464
213.789	464
213.839	464
213.889	461
213.939	466
213.989	465
214.039	465
214.090	467
214.140	464
214.190	466
214.240	464
214.290	461
214.342	466
214.392	465
214.442	466
214.492	467
214.542	465
214.592	466
214.643	464
214.693	464
214.743	466
214.793	467
214.843	464
214.894	466
214.944	465
214.994	466
215.044	464
215.094	464
215.144	466
215.195	465
215.246	465
215.296	465
215.346	464
215.396	465
215.446	465
215.497	462
215.547	463
215.597	463
215.647	463
215.697	464
215.748	462
215.798	462
215.848	463
215.898	461
215.948	464
215.998	462
216.049	463
216.099	461
216.150	461
216.200	462
216.250	463
216.300	454
216.351	461
216.401	463
216.451	462
216.501	462
216.551	460
216.602	461
216.652	461
216.702	461
216.752	461
216.802	462
216.852	460
216.903	460
216.953	460
217.004	459
217.054	459
217.104	458
217.155	459
217.205	459
217.255	459
217.305	458
217.355	457
217.405	458
217.456	458
217.506	458
217.556	459
217.606	458
217.656	459
217.706	458
217.757	456
217.807	457
217.857	457
217.908	458
217.958	458
218.009	458
218.059	458
218.109	457
218.159	457
218.209	456
218.259	456
218.310	457
218.360	456
218.410	456
218.460	457
218.510	456
218.560	455
218.611	457
218.661	456
218.711	456
218.761	456
218.812	455
218.863	456
218.913	456
218.963	453
219.013	455
219.063	456
219.113	455
219.164	455
219.214	455
219.264	455
219.314	456
219.364	450
219.414	456
219.465	456
219.515	456
219.565	455
219.615	455
219.665	455
219.717	455
219.767	450
219.817	457
219.867	455
219.917	456
219.967	457
220.018	456
220.068	457
220.118	457
220.168	452
220.218	458
220.268	458
220.319	457
220.369	459
220.419	458
220.469	458
220.519	458
220.570	453
220.621	459
220.671	459
220.721	461
220.771	459
220.821	458
220.872	460
220.922	458
220.972	456
221.022	460
221.072	460
221.123	461
221.173	461
221.223	461
221.273	461
221.323	461
221.373	457
221.424	462
221.474	461
221.525	462
221.575	462
221.625	462
221.675	463
221.726	462
221.776	460
221.826	463
221.876	463
221.926	463
221.977	464
222.027	463
222.077	463
222.127	463
222.177	460
222.227	464
222.278	464
222.328	464
222.378	464
222.429	464
222.479	465
222.529	465
222.580	462
222.630	465
222.680	466
222.730	464
222.780	466
222.831	464
222.881	465
222.931	466
222.981	464
223.031	466
223.081	466
223.132	466
223.182	466
223.232	464
223.282	466
223.333	466
223.383	464
223.434	465
223.484	465
223.534	466
223.584	465
223.634	467
223.685	465
223.735	466
223.785	464
223.835	466
223.885	465
223.935	465
223.986	466
224.036	464
224.086	466
224.136	465
224.186	465
224.238	465
224.288	466
224.338	466
224.388	465
224.438	463
224.488	466
224.539	464
224.589	464
224.639	464
224.689	464
224.739	465
224.789	466
224.840	462
224.890	464
224.940	464
224.990	463
225.040	464
225.091	463
225.142	463
225.192	463
225.242	461
225.292	463
225.342	462
225.393	463
225.443	462
225.493	462
225.543	462
225.593	462
225.643	459
225.694	462
225.744	462
225.794	461
225.844	462
225.894	461
225.945	461
225.995	460
226.046	455
226.096	460
226.146	460
226.196	460
226.247	460
226.297	460
226.347	460
226.397	459
226.447	453
226.497	461
226.548	460
226.598	460
226.648	458
226.698	459
226.748	458
226.799	459
226.849	453
226.900	459
226.950	459
227.000	458
227.050	458
227.101	457
227.151	457
227.201	457
227.251	452
227.301	457
227.351	457
227.402	457
227.452	457
227.502	456
227.552	456
227.602	457
227.653	452
227.703	456
227.753	457
227.804	456
227.854	455
227.904	455
227.955	455
228.005	456
228.055	452
228.105	456
228.155	456
228.206	457
228.256	455
228.306	456
228.356	456
228.406	456
228.456	452
228.507	455
228.557	455
228.607	456
228.657	455
228.708	456
228.758	456
228.809	456
228.859	453
228.909	456
228.959	456
229.009	456
229.060	457
229.110	456
229.160	456
229.210	457
229.260	455
229.310	458
229.361	458
229.411	459
229.461	459
229.511	458
229.561	459
229.612	459
229.663	456
229.713	459
229.763	458
229.813	460
229.863	460
229.914	460
229.964	460
230.014	459
230.064	452
230.114	460
230.164	459
230.215	461
230.265	458
230.315	460
230.365	460
230.415	461
230.465	460
230.517	460
230.567	461
230.617	461
230.667	462
230.717	461
230.768	463
230.818	463
230.868	464
230.918	464
230.968	464
231.018	463
231.069	463
231.119	462
231.169	464
231.219	463
231.269	464
231.319	464
231.370	463
231.421	463
231.471	464
231.521	462
231.571	464
231.622	465
231.672	464
231.722	464
231.772	464
231.822	465
231.872	465
231.923	463
231.973	465
232.023	466
232.073	466
232.123	466
232.174	466
232.224	466
232.274	466
232.325	463
232.375	465
232.425	466
232.476	466
232.526	466
232.576	466
232.626	466
232.676	466
232.726	463
232.777	467
232.827	465
232.877	467
232.927	466
232.977	465
233.028	467
233.078	466
233.128	461
233.178	466
233.229	466
233.279	466
233.330	466
233.380	465
233.430	466
233.480	465
233.530	460
233.580	465
233.631	465
233.681	465
233.731	465
233.781	464
233.831	464
233.882	464
233.932	459
233.982	465
234.032	465
234.082	464
234.133	464
234.184	464
234.234	464
234.284	464
234.334	457
234.384	464
234.435	462
234.485	463
234.535	464
234.585	464
234.635	464
234.685	461
234.736	457
234.786	462
234.836	462
234.886	462
234.936	462
234.986	461
235.038	461
235.088	461
235.138	456
235.188	460
235.238	460
235.289	460
235.339	460
235.389	459
235.439	459
235.489	460
235.539	455
235.590	459
235.640	459
235.690	459
235.740	460
235.790	459
235.840	458
235.891	458
235.942	456
235.992	459
236.042	458
236.092	458
236.143	459
236.193	458
236.243	458
236.293	458
236.343	455
236.393	458
236.444	457
236.494	456
236.544	456
236.594	457
236.644	457
236.694	455
236.745	454
236.795	457
236.846	455
236.896	457
236.946	457
236.997	456
237.047	457
237.097	456
237.147	454
237.197	457
237.247	456
237.298	456
237.348	456
237.398	455
237.448	456
237.498	456
237.548	454
237.599	454
237.649	456
237.700	456
237.750	455
237.800	457
237.851	455
237.901	456
237.951	454
238.001	456
238.051	456
238.101	456
238.152	456
238.202	454
238.252	458
238.302	457
238.352	458
238.403	456
238.453	455
238.503	459
238.553	457
238.604	457
238.654	459
238.705	458
238.755	458
238.805	459
238.855	458
238.905	459
238.955	459
239.006	457
239.056	459
239.106	459
239.156	459
239.206	459
239.257	459
239.307	460
239.357	460
239.407	458
239.457	461
239.508	461
239.559	461
239.609	461
239.659	461
239.709	463
239.759	462
239.809	455
239.860	462
239.910	463
239.960	462
240.010	462
240.060	461
240.111	463
240.161	462
240.211	457
240.261	464
240.311	462
240.361	464
240.413	463
240.463	462
240.513	464
240.563	465
240.613	456
240.663	464
240.714	464
240.764	464
240.814	465
240.864	464
240.914	464
240.965	465
241.015	460
241.065	465
241.115	465
241.165	465
241.215	465
241.266	465
241.317	465
241.367	466
241.417	460
241.467	465
241.518	466
241.568	466
241.618	466
241.668	466
241.718	465
241.768	465
241.819	461
241.869	465
241.919	464
241.969	467
242.019	467
242.069	466
242.120	467
242.170	465
242.221	464
242.271	465
242.321	466
242.372	466
242.422	466
242.472	464
242.522	466
242.572	465
242.622	461
242.673	465
242.723	465
242.773	465
242.823	465
