#Creator: pendulumdriveEventBuffer
#Creation time: Thu Apr 11 16:06:28 2019
#Time	Pos
#[s]	[au]
0.050	491
0.100	495
0.152	501
0.202	502
0.252	502
0.302	499
0.352	507
0.402	512
0.453	532
0.503	537
0.553	550
0.603	554
0.653	570
0.704	577
0.754	592
0.804	600
0.854	607
0.904	611
0.954	612
1.006	607
1.056	595
1.106	576
1.156	550
1.206	517
1.257	484
1.307	450
1.357	415
1.407	384
1.457	358
1.507	339
1.558	327
1.608	325
1.658	329
1.708	341
1.758	359
1.808	382
1.859	413
1.910	448
1.960	481
2.010	514
2.060	544
2.111	571
2.161	593
2.211	606
2.261	612
2.311	612
2.361	605
2.412	592
2.462	570
2.512	540
2.562	506
2.612	473
2.662	441
2.713	410
2.763	382
2.814	358
2.864	341
2.914	330
2.965	327
3.015	330
3.065	341
3.115	359
3.165	385
3.215	414
3.266	447
3.316	481
3.366	513
3.416	542
3.466	566
3.516	585
3.567	598
3.617	603
3.667	602
3.718	595
3.768	581
3.819	559
3.869	533
3.919	505
3.969	473
4.019	440
4.069	411
4.120	385
4.170	365
4.220	350
4.270	341
4.320	338
4.370	343
4.421	356
4.471	374
4.521	398
4.571	424
4.622	454
4.673	484
4.723	513
4.773	538
4.823	560
4.873	575
4.923	585
4.974	589
5.024	587
5.074	578
5.124	563
5.174	543
5.225	518
5.275	491
5.325	464
5.375	437
5.425	411
5.475	391
5.527	374
5.577	362
5.627	357
5.677	357
5.727	365
5.777	376
5.828	392
5.878	416
5.928	440
5.978	466
6.028	492
6.079	516
6.129	538
6.179	554
6.229	566
6.279	572
6.329	572
6.380	568
6.431	556
6.481	540
6.531	521
6.581	499
6.631	475
6.682	450
6.732	428
6.782	408
6.832	390
6.882	379
6.933	372
6.983	371
7.033	375
7.083	385
7.133	398
7.183	416
7.234	438
7.284	462
7.335	483
7.385	505
7.435	524
7.485	543
7.536	555
7.586	561
7.636	564
7.686	561
7.736	552
7.787	539
7.837	522
7.887	502
7.937	480
7.987	457
8.037	435
8.088	415
8.138	399
8.188	386
8.239	379
8.289	376
8.340	378
8.390	385
8.440	398
8.490	414
8.540	434
8.590	456
8.641	478
8.691	499
8.741	518
8.791	536
8.841	549
8.891	557
8.942	561
8.992	559
9.042	553
9.092	543
9.143	528
9.194	508
9.244	487
9.294	467
9.344	444
9.394	424
9.444	406
9.495	392
9.545	384
9.595	379
9.645	376
9.695	382
9.745	392
9.796	406
9.846	423
9.896	444
9.946	466
9.996	488
10.048	508
10.098	526
10.148	540
10.198	551
10.248	558
10.298	559
10.349	557
10.399	547
10.449	536
10.499	519
10.549	502
10.599	481
10.650	459
10.700	436
10.750	418
10.800	403
10.850	390
10.901	383
10.952	379
11.002	381
11.052	388
11.102	399
11.152	412
11.203	431
11.253	452
11.303	474
11.353	492
11.403	512
11.453	528
11.504	541
11.554	551
11.604	556
11.654	555
11.704	551
11.755	541
11.806	528
11.856	512
11.906	493
11.956	473
12.006	453
12.057	432
12.107	417
12.157	403
12.207	392
12.257	386
12.308	386
12.358	388
12.408	396
12.458	407
12.508	423
12.558	440
12.609	460
12.659	480
12.710	498
12.760	514
12.810	528
12.860	540
12.911	548
12.961	550
13.011	546
13.061	542
13.111	531
13.162	517
13.212	501
13.262	483
13.312	465
13.362	446
13.412	430
13.463	415
13.513	403
13.563	396
13.614	392
13.664	393
13.714	398
13.765	407
13.815	419
13.865	434
13.915	452
13.965	469
14.016	488
14.066	504
14.116	518
14.166	529
14.216	538
14.266	542
14.317	542
14.367	538
14.417	530
14.467	519
14.518	506
14.569	489
14.619	472
14.669	455
14.719	438
14.769	423
14.819	412
14.870	402
14.920	398
14.970	397
15.020	400
15.070	407
15.120	417
15.171	431
15.221	446
15.271	463
15.321	480
15.371	496
15.423	511
15.473	523
15.523	532
15.573	538
15.623	540
15.673	539
15.724	532
15.774	521
15.824	509
15.874	494
15.924	480
15.974	462
16.025	446
16.075	432
16.125	419
16.175	409
16.225	403
16.276	400
16.327	400
16.377	406
16.427	414
16.477	427
16.527	441
16.578	456
16.628	472
16.678	488
16.728	503
16.778	517
16.828	527
16.879	534
16.929	538
16.979	536
17.029	533
17.079	525
17.130	514
17.180	501
17.231	486
17.281	470
17.331	454
17.381	439
17.432	426
17.482	414
17.532	408
17.582	402
17.632	401
17.682	404
17.733	410
17.783	420
17.833	432
17.883	446
17.933	462
17.984	479
18.034	494
18.084	507
18.135	521
18.185	529
18.235	533
18.286	536
18.336	534
18.386	530
18.436	519
18.486	508
18.537	495
18.587	480
18.637	464
18.687	449
18.737	435
18.787	422
18.838	412
18.888	407
18.938	403
18.988	404
19.039	409
19.089	417
19.140	427
19.190	440
19.240	455
19.290	470
19.340	486
19.391	498
19.441	510
19.491	521
19.541	527
19.591	533
19.641	533
19.692	528
19.742	521
19.792	513
19.842	501
19.892	485
19.943	471
19.994	459
20.044	445
20.094	431
20.144	421
20.194	413
20.245	408
20.295	408
20.345	410
20.395	416
20.445	424
20.495	435
20.546	448
20.596	463
20.646	477
20.696	491
20.746	503
20.796	513
20.848	521
20.898	527
20.948	528
20.998	528
21.048	523
21.099	515
21.149	504
21.199	492
21.249	478
21.299	465
21.349	451
21.400	438
21.450	428
21.500	420
21.550	414
21.600	411
21.650	412
21.701	415
21.752	422
21.802	432
21.852	443
21.902	456
21.953	471
22.003	482
22.053	496
22.103	507
22.153	516
22.203	522
22.254	525
22.304	525
22.354	522
22.404	516
22.454	507
22.505	497
22.555	484
22.605	471
22.656	457
22.706	445
22.756	434
22.807	425
22.857	418
22.907	413
22.957	413
23.007	416
23.057	420
23.108	429
23.158	439
23.208	450
23.258	464
23.308	476
23.359	489
23.409	500
23.459	510
23.509	515
23.560	521
23.610	522
23.661	522
23.711	518
23.761	511
23.811	501
23.861	490
23.911	477
23.962	463
24.012	452
24.062	441
24.112	430
24.162	423
24.213	417
24.263	415
24.313	415
24.363	419
24.413	426
24.464	434
24.515	445
24.565	457
24.615	470
24.665	482
24.715	494
24.765	504
24.816	512
24.866	519
24.916	521
24.966	521
25.016	518
25.067	513
25.117	503
25.167	494
25.217	483
25.267	471
25.318	458
25.369	446
25.419	436
25.469	427
25.519	421
25.569	416
25.620	416
25.670	419
25.720	423
25.770	432
25.820	442
25.870	452
25.921	464
25.971	476
26.021	488
26.071	498
26.121	507
26.171	514
26.223	518
26.273	519
26.323	517
26.373	513
26.423	507
26.474	498
26.524	488
26.574	476
26.624	464
26.674	453
26.724	442
26.775	434
26.825	425
26.875	421
26.925	418
26.975	420
27.025	423
27.076	429
27.127	437
27.177	446
27.227	458
27.277	467
27.328	481
27.378	490
27.428	500
27.478	508
27.528	512
27.578	516
27.629	517
27.679	515
27.729	510
27.779	502
27.829	493
27.879	482
27.930	471
27.980	459
28.031	449
28.081	439
28.131	431
28.182	425
28.232	421
28.282	421
28.332	422
28.382	426
28.432	434
28.483	443
28.533	451
28.583	465
28.633	475
28.683	486
28.733	496
28.784	503
28.834	511
28.884	514
28.935	516
28.985	514
29.036	511
29.086	504
29.136	497
29.186	485
29.236	476
29.286	466
29.337	455
29.387	445
29.437	436
29.487	428
29.537	424
29.588	422
29.638	423
29.688	426
29.738	432
29.788	440
29.839	449
29.890	459
29.940	470
29.990	480
30.040	490
30.090	499
30.140	506
30.191	511
30.241	513
30.291	514
30.341	509
30.391	504
30.442	499
30.492	491
30.542	480
30.592	469
30.642	460
30.692	448
30.744	440
30.794	433
30.844	428
30.894	426
30.944	425
30.994	427
31.045	432
31.095	437
31.145	446
31.195	453
31.245	465
31.296	474
31.346	484
31.396	493
31.446	500
31.496	507
31.546	510
31.597	511
31.648	510
31.698	506
31.748	501
31.798	493
31.849	484
31.899	475
31.949	465
31.999	455
32.049	446
32.099	439
32.150	433
32.200	429
32.250	426
32.300	428
32.350	431
32.400	437
32.451	443
32.501	450
32.552	460
32.602	468
32.652	479
32.703	488
32.753	495
32.803	502
32.853	506
32.903	508
32.953	508
33.004	505
33.054	501
33.104	495
33.154	487
33.204	479
33.254	469
33.305	460
33.355	452
33.405	443
33.456	437
33.506	432
33.557	430
33.607	429
33.657	432
33.707	435
33.757	441
33.807	448
33.858	456
33.908	465
33.958	474
34.008	484
34.058	492
34.108	497
34.159	502
34.209	505
34.259	506
34.309	506
34.360	501
34.411	496
34.461	489
34.511	481
34.561	474
34.611	466
34.661	455
34.712	447
34.762	442
34.812	435
34.862	431
34.912	431
34.962	432
35.013	434
35.063	438
35.113	447
35.163	453
35.213	461
35.265	470
35.315	479
35.365	487
35.415	494
35.465	499
35.515	503
35.566	505
35.616	505
35.666	502
35.716	498
35.766	492
35.817	485
35.867	478
35.917	469
35.967	460
36.017	452
36.067	446
36.118	438
36.169	434
36.219	432
36.269	432
36.319	433
36.369	436
36.420	443
36.470	449
36.520	458
36.570	466
36.620	474
36.671	483
36.721	490
36.771	496
36.821	500
36.871	503
36.921	504
36.972	503
37.022	499
37.073	494
37.123	489
37.173	481
37.223	473
37.274	465
37.324	457
37.374	449
37.424	443
37.474	438
37.525	435
37.575	434
37.625	434
37.675	437
37.725	441
37.775	447
37.826	454
37.876	461
37.927	471
37.977	478
38.027	485
38.077	492
38.128	497
38.178	500
38.228	502
38.278	501
38.328	498
38.379	497
38.429	490
38.479	484
38.529	477
38.579	470
38.629	462
38.680	454
38.730	449
38.780	442
38.831	439
38.881	435
38.932	436
38.982	437
39.032	441
39.082	445
39.132	451
39.182	458
39.233	465
39.283	473
39.333	480
39.383	487
39.433	492
39.483	496
39.534	499
39.584	500
39.634	498
39.684	496
39.735	492
39.786	486
39.836	480
39.886	472
39.936	467
39.986	459
40.036	451
40.087	446
40.137	441
40.187	440
40.237	439
40.287	439
40.337	442
40.388	444
40.438	449
40.488	456
40.538	463
40.588	470
40.640	478
40.690	483
40.740	489
40.790	492
40.840	497
40.890	498
40.941	498
40.991	496
41.041	492
41.091	488
41.141	482
41.191	476
41.242	468
41.292	462
41.342	455
41.392	450
41.442	445
41.493	442
41.544	440
41.594	439
41.644	441
41.694	444
41.744	448
41.795	453
41.845	459
41.895	466
41.945	473
41.995	480
42.045	486
42.096	489
42.146	493
42.196	495
42.246	497
42.296	495
42.347	492
42.397	488
42.448	485
42.498	480
42.548	472
42.598	465
42.649	459
42.699	453
42.749	448
42.799	444
42.849	442
42.900	441
42.950	441
43.000	443
43.050	447
43.100	451
43.150	457
43.201	463
43.251	471
43.301	476
43.352	482
43.402	488
43.452	493
43.503	494
43.553	497
43.603	495
43.653	494
43.703	491
43.754	486
43.804	481
43.854	475
43.904	468
43.954	462
44.004	455
44.055	451
44.105	448
44.155	443
44.205	441
44.256	442
44.306	442
44.357	446
44.407	450
44.457	455
44.507	461
44.557	467
44.608	473
44.658	479
44.708	485
44.758	488
44.808	492
44.858	494
44.909	494
44.959	493
45.009	491
45.059	487
45.109	482
45.161	478
45.211	471
45.261	465
45.311	460
45.361	455
45.411	450
45.462	446
45.512	442
45.562	443
45.612	443
45.662	445
45.712	449
45.763	453
45.813	460
45.863	464
45.913	471
45.963	475
46.013	481
46.065	485
46.115	489
46.165	491
46.215	492
46.265	493
46.316	490
46.366	487
46.416	484
46.466	480
46.516	474
46.566	468
46.617	463
46.667	457
46.717	452
46.767	449
46.817	446
46.868	445
46.918	445
46.969	446
47.019	448
47.069	452
47.119	457
47.170	463
47.220	467
47.270	474
47.320	478
47.370	483
47.420	486
47.471	490
47.521	492
47.571	493
47.621	490
47.671	489
47.722	486
47.772	481
47.823	477
47.873	472
47.923	465
47.973	461
48.024	455
48.074	453
48.124	449
48.174	447
48.224	446
48.274	447
48.325	449
48.375	452
48.425	456
48.475	460
48.525	465
48.576	470
48.626	476
48.676	480
48.727	484
48.777	487
48.827	489
48.878	490
48.928	490
48.978	488
49.028	485
49.078	483
49.129	477
49.179	473
49.229	467
49.279	463
49.329	458
49.379	455
49.430	451
49.480	448
49.530	447
49.580	448
49.631	449
49.681	451
49.732	455
49.782	459
49.832	463
49.882	469
49.932	474
49.983	477
50.033	483
50.083	484
50.133	487
50.183	489
50.233	489
50.284	487
50.334	486
50.384	483
50.434	479
50.484	475
50.535	470
50.586	465
50.636	460
50.686	456
50.736	453
50.786	450
50.837	448
50.887	448
50.937	449
50.987	451
51.037	453
51.087	457
51.138	462
51.188	466
51.238	470
51.288	476
51.338	480
51.388	484
51.440	485
51.490	487
51.540	489
51.590	488
51.640	485
51.691	483
51.741	482
51.791	477
51.841	471
51.891	467
51.941	464
51.992	457
52.042	456
52.092	453
52.142	451
52.192	449
52.242	449
52.293	451
52.344	453
52.394	456
52.444	460
52.494	464
52.545	469
52.595	473
52.645	477
52.695	481
52.745	483
52.795	486
52.846	487
52.896	487
52.946	486
52.996	483
53.046	481
53.097	479
53.147	474
53.197	470
53.248	465
53.298	461
53.348	458
53.399	455
53.449	452
53.499	451
53.549	451
53.599	450
53.649	453
53.700	454
53.750	459
53.800	463
53.850	466
53.900	471
53.951	475
54.001	478
54.051	481
54.101	484
54.152	485
54.202	486
54.253	485
54.303	484
54.353	482
54.403	479
54.453	475
54.503	471
54.554	467
54.604	464
54.654	460
54.704	457
54.754	454
54.805	453
54.855	452
54.905	453
54.955	455
55.005	455
55.056	457
55.107	461
55.157	466
55.207	470
55.257	474
55.307	476
55.357	480
55.408	483
55.458	484
55.508	484
55.558	483
55.608	483
55.659	482
55.709	479
55.759	476
55.809	473
55.859	468
55.909	464
55.961	462
56.011	460
56.061	458
56.111	454
56.161	454
56.212	454
56.262	455
56.312	457
56.362	459
56.412	461
56.462	464
56.513	468
56.563	472
56.613	475
56.663	478
56.713	480
56.763	483
56.814	484
56.865	483
56.915	481
56.965	481
57.015	479
57.066	476
57.116	473
57.166	470
57.216	467
57.266	464
57.316	460
57.367	459
57.417	456
57.467	455
57.517	455
57.567	456
57.617	456
57.668	458
57.718	459
57.769	464
57.819	467
57.869	472
57.920	475
57.970	476
58.020	479
58.070	481
58.120	482
58.170	483
58.221	482
58.271	481
58.321	480
58.371	478
58.421	474
58.471	471
58.522	468
58.572	465
58.623	462
58.673	460
58.723	458
58.774	456
58.824	457
58.874	455
58.924	456
58.974	458
59.024	461
59.075	465
59.125	466
59.175	468
59.225	471
59.275	474
59.325	478
59.376	479
59.426	481
59.476	482
59.527	482
59.577	482
59.628	480
59.678	478
59.728	475
59.778	472
59.828	470
59.878	466
59.929	464
59.979	461
60.029	460
60.079	458
60.129	457
60.180	457
60.230	457
60.280	459
60.330	460
60.380	462
60.431	464
60.482	467
60.532	470
60.582	473
60.632	474
60.682	477
60.732	478
60.783	481
60.833	481
60.883	479
60.933	480
60.983	479
61.034	478
61.084	475
61.134	471
61.184	468
61.234	467
61.284	463
61.336	460
61.386	461
61.436	458
61.486	455
61.536	458
61.586	458
61.637	461
61.687	461
61.737	463
61.787	466
61.837	469
61.888	471
61.938	474
61.988	476
62.038	478
62.088	479
62.138	480
62.189	480
62.240	479
62.290	478
62.340	476
62.390	474
62.441	471
62.491	469
62.541	467
62.591	465
62.641	463
62.691	462
62.742	460
62.792	459
62.842	460
62.892	459
62.942	462
62.992	460
63.043	464
63.093	466
63.144	469
63.194	469
63.244	474
63.295	474
63.345	474
63.395	478
63.445	478
63.495	478
63.545	478
63.596	477
63.646	475
63.696	474
63.746	472
63.796	470
63.846	467
63.897	465
63.947	463
63.997	462
64.048	461
64.098	460
64.149	460
64.199	460
64.249	462
64.299	461
64.349	464
64.399	465
64.450	468
64.500	470
64.550	473
64.600	474
64.650	475
64.700	477
64.751	477
64.801	477
64.851	477
64.901	477
64.952	475
65.003	475
65.053	473
65.103	471
65.153	469
65.203	466
65.253	463
65.304	463
65.354	462
65.404	460
65.454	460
65.504	461
65.554	461
65.605	462
65.655	464
65.705	466
65.755	468
65.805	469
65.857	471
65.907	473
65.957	475
66.007	476
66.057	477
66.107	477
66.158	477
66.208	476
66.258	475
66.308	474
66.358	472
66.409	471
66.459	469
66.509	468
66.559	466
66.609	463
66.659	462
66.710	462
66.761	462
66.811	462
66.861	462
66.911	462
66.961	465
67.012	464
67.062	467
67.112	468
67.162	471
67.212	471
67.263	472
67.313	476
67.363	476
67.413	476
67.463	477
67.513	476
67.564	475
67.614	474
67.665	472
67.715	471
67.765	469
67.815	468
67.866	466
67.916	465
67.966	464
68.016	463
68.066	463
68.117	463
68.167	464
68.217	464
68.267	464
68.317	466
68.367	467
68.418	469
68.468	470
68.519	471
68.569	474
68.619	473
68.669	476
68.720	474
68.770	475
68.820	476
68.870	475
68.920	473
68.971	472
69.021	470
69.071	470
69.121	469
69.171	467
69.221	466
69.272	465
69.322	464
69.372	464
69.423	463
69.473	464
69.524	464
69.574	465
69.624	466
69.674	467
69.724	468
69.774	470
69.825	469
69.875	471
69.925	473
69.975	473
70.025	473
70.075	474
70.126	474
70.176	473
70.226	474
70.276	471
70.327	471
70.378	470
70.428	468
70.478	467
70.528	467
70.578	467
70.628	465
70.679	465
70.729	466
70.779	465
70.829	466
70.879	466
70.929	466
70.980	467
71.030	468
71.080	469
71.130	470
71.180	471
71.232	472
71.282	473
71.332	473
71.382	473
71.432	473
71.482	473
71.533	473
71.583	471
71.633	471
71.683	470
71.733	470
71.783	468
71.834	468
71.884	467
71.934	465
71.984	465
72.034	466
72.085	464
72.136	466
72.186	466
72.236	467
72.286	468
72.336	469
72.387	469
72.437	470
72.487	471
72.537	471
72.587	472
72.637	471
72.688	472
72.738	472
72.788	473
72.838	471
72.888	472
72.939	471
72.989	470
73.040	469
73.090	469
73.140	468
73.190	467
73.241	466
73.291	466
73.341	466
73.391	467
73.441	467
73.492	467
73.542	467
73.592	470
73.642	469
73.692	469
73.742	471
73.793	469
73.843	470
73.893	471
73.944	471
73.994	472
74.044	471
74.095	471
74.145	471
74.195	470
74.245	471
74.295	471
74.346	470
74.396	470
74.446	467
74.496	469
74.546	468
74.596	467
74.647	467
74.697	467
74.747	468
74.797	468
74.848	468
74.898	468
74.949	469
74.999	469
75.049	470
75.099	471
75.149	471
75.200	470
75.250	470
75.300	471
75.350	471
75.400	471
75.450	471
75.501	469
75.551	470
75.601	470
75.651	470
75.701	468
75.753	469
75.803	468
75.853	469
75.903	468
75.953	467
76.003	468
76.054	471
76.104	468
76.154	469
76.204	469
76.254	471
76.304	470
76.355	470
76.405	470
76.455	470
76.505	470
76.555	471
76.605	470
76.657	470
76.707	470
76.757	470
76.807	470
76.857	470
76.908	469
76.958	469
77.008	469
77.058	469
77.108	469
77.158	470
77.209	467
77.259	469
77.309	468
77.359	468
77.409	470
77.460	469
77.510	469
77.561	469
77.611	469
77.661	470
77.711	471
77.762	471
77.812	470
77.862	470
77.912	471
77.962	471
78.012	471
78.063	471
78.113	470
78.163	469
78.213	470
78.263	469
78.314	469
78.364	469
78.415	469
78.465	469
78.515	468
78.565	469
78.616	469
78.666	469
78.716	469
78.766	470
78.816	469
78.866	470
78.917	471
78.967	469
79.017	470
79.067	470
79.117	470
79.168	471
79.218	471
79.268	470
79.319	470
79.369	470
79.419	469
79.470	470
79.520	469
79.570	468
79.620	468
79.670	469
79.721	469
79.771	469
79.821	469
79.871	470
79.921	470
79.971	469
80.022	469
80.072	469
80.122	470
80.172	470
80.223	470
80.273	470
80.324	470
80.374	469
80.424	470
80.474	470
80.524	470
80.575	470
80.625	470
80.675	469
80.725	469
80.775	471
80.825	470
80.876	470
80.926	470
80.976	471
81.026	470
81.076	470
81.127	470
81.178	470
81.228	470
81.278	469
81.328	470
81.378	470
81.429	469
81.479	468
81.529	468
81.579	469
81.629	468
81.679	468
81.730	469
81.780	469
81.830	469
81.880	469
81.930	470
81.980	470
82.032	469
82.082	470
82.132	470
82.182	470
82.232	470
82.283	470
82.333	470
82.383	471
82.433	471
82.483	472
82.533	470
82.584	471
82.634	469
82.684	471
82.734	471
82.784	468
82.834	469
82.885	469
82.936	469
82.986	469
83.036	469
83.086	470
83.137	470
83.187	470
83.237	469
83.287	469
83.337	471
83.387	470
83.438	470
83.488	469
83.538	470
83.588	469
83.638	470
83.689	469
83.739	469
83.789	470
83.840	469
83.890	470
83.940	470
83.991	470
84.041	470
84.091	470
84.141	471
84.191	471
84.241	471
84.292	471
84.342	471
84.392	470
84.442	471
84.492	470
84.543	470
84.593	469
84.643	469
84.693	468
84.744	469
84.794	469
84.845	468
84.895	467
84.945	470
84.995	469
85.045	469
85.095	470
85.146	469
85.196	470
85.246	470
85.296	469
85.346	469
85.397	471
85.447	470
85.497	471
85.547	470
85.597	471
85.648	471
85.699	471
85.749	471
85.799	470
85.849	470
85.899	470
85.949	470
86.000	470
86.050	469
86.100	468
86.150	470
86.200	469
86.251	469
86.301	470
86.351	470
86.401	470
86.451	469
86.501	470
86.553	469
86.603	470
86.653	470
86.703	470
86.753	469
86.804	471
86.854	470
86.904	470
86.954	470
87.004	469
87.054	471
87.105	471
87.155	470
87.205	470
87.255	471
87.305	471
87.355	470
87.406	471
87.457	471
87.507	470
87.557	470
87.607	470
87.658	470
87.708	469
87.758	470
87.808	470
87.858	470
87.908	470
87.959	470
88.009	470
88.059	470
88.109	470
88.159	469
88.209	469
88.260	469
88.310	471
88.361	470
88.411	471
88.461	471
88.512	471
88.562	471
88.612	470
88.662	471
88.712	471
88.762	471
88.813	471
88.863	470
88.913	470
88.963	472
89.013	471
89.063	470
89.114	470
89.164	470
89.215	470
89.265	470
89.315	470
89.366	469
89.416	470
89.466	469
89.516	470
89.566	470
89.616	470
89.667	470
89.717	470
89.767	469
89.817	469
89.867	470
89.917	470
89.968	471
90.018	470
90.068	469
90.119	469
90.169	470
90.220	470
90.270	470
90.320	471
90.370	472
90.420	472
90.470	471
90.521	470
90.571	472
90.621	470
90.671	471
90.721	471
90.772	470
90.822	469
90.872	469
90.922	469
90.972	470
91.023	469
91.074	470
91.124	470
91.174	470
91.224	470
91.274	470
91.324	470
91.375	470
91.425	470
91.475	470
91.525	470
91.575	470
91.626	470
91.676	470
91.726	470
91.776	469
91.826	471
91.876	470
91.928	470
91.978	471
92.028	470
92.078	470
92.128	471
92.178	472
92.229	471
92.279	470
92.329	470
92.379	470
92.429	470
92.480	470
92.530	471
92.580	470
92.630	470
92.680	470
92.730	469
92.781	470
92.832	470
92.882	469
92.932	469
92.982	469
93.033	469
93.083	470
93.133	470
93.183	470
93.233	471
93.283	470
93.334	470
93.384	470
93.434	471
93.484	471
93.534	471
93.584	470
93.635	471
93.685	471
93.736	469
93.786	469
93.836	471
93.887	470
93.937	470
93.987	469
94.037	471
94.087	470
94.137	470
94.188	470
94.238	470
94.288	470
94.338	470
94.388	469
94.438	469
94.489	469
94.539	470
94.589	470
94.640	470
94.690	469
94.741	470
94.791	470
94.841	470
94.891	471
94.941	470
94.991	471
95.042	470
95.092	471
95.142	471
95.192	471
95.242	471
95.292	471
95.343	471
95.393	471
95.443	470
95.493	470
95.544	471
95.595	470
95.645	470
95.695	471
95.745	471
95.795	469
95.845	471
95.896	469
95.946	469
95.996	470
96.046	470
96.096	469
96.146	470
96.197	470
96.247	472
96.297	471
96.347	469
96.397	471
96.449	470
96.499	470
96.549	472
96.599	470
96.649	471
96.699	471
96.750	471
96.800	471
96.850	471
96.900	470
96.950	471
97.001	471
97.051	471
97.101	470
97.151	471
97.201	470
97.251	471
97.302	470
97.353	472
97.403	471
97.453	471
97.503	469
97.553	470
97.604	469
97.654	470
97.704	470
97.754	469
97.804	469
97.855	471
97.905	471
97.955	471
98.005	470
98.055	468
98.105	470
98.156	472
98.206	472
98.257	470
98.307	471
98.357	470
98.407	471
98.458	471
98.508	471
98.558	471
98.608	471
98.658	471
98.709	471
98.759	470
98.809	470
98.859	471
98.909	470
98.959	470
99.010	470
99.060	470
99.111	471
99.161	470
99.211	470
99.261	470
99.312	471
99.362	469
99.412	471
99.462	470
99.512	471
99.563	471
99.613	471
99.663	470
99.713	470
99.763	471
99.813	472
99.864	471
99.914	470
99.964	472
100.015	470
100.065	470
100.116	471
100.166	471
100.216	470
100.266	471
100.316	470
100.366	470
100.417	470
100.467	470
100.517	470
100.567	470
100.617	470
100.667	470
100.718	470
100.768	470
100.818	470
100.868	471
100.919	470
100.970	470
101.020	471
101.070	470
101.120	470
101.170	470
101.220	470
101.271	470
101.321	469
101.371	470
101.421	471
101.471	471
101.521	471
101.572	470
101.622	471
101.672	470
101.722	471
101.772	470
101.824	471
101.874	470
101.924	470
101.974	470
102.024	470
102.074	471
102.125	470
102.175	470
102.225	471
102.275	470
102.325	470
102.375	470
102.426	471
102.476	470
102.526	470
102.576	470
102.626	470
102.677	470
102.728	471
102.778	470
102.828	470
102.878	470
102.928	471
102.979	471
103.029	471
103.079	471
103.129	471
103.179	471
103.229	470
103.280	471
103.330	470
103.380	471
103.430	471
103.480	471
103.531	472
103.581	472
103.632	472
103.682	471
103.732	471
103.782	470
103.833	470
103.883	472
103.933	471
103.983	471
104.033	471
104.084	470
104.134	469
104.184	470
104.234	471
104.284	470
104.334	470
104.385	470
104.435	470
104.485	471
104.536	471
104.586	471
104.636	470
104.687	471
104.737	471
104.787	470
104.837	471
104.887	472
104.938	472
104.988	470
105.038	471
105.088	471
105.138	471
105.188	470
105.239	470
105.289	471
105.339	470
105.389	471
105.440	470
105.490	470
105.541	470
105.591	470
105.641	470
105.691	470
105.741	470
105.792	469
105.842	470
105.892	469
105.942	472
105.992	471
106.042	471
106.093	471
106.143	471
106.193	471
106.243	471
106.293	471
106.345	471
106.395	471
106.445	471
106.495	471
106.545	471
106.595	471
106.646	470
106.696	471
106.746	471
106.796	471
106.846	471
106.896	471
106.947	471
106.997	470
107.047	469
107.097	471
107.147	470
107.197	471
107.249	471
107.299	470
107.349	471
107.399	472
107.449	471
107.500	472
107.550	470
107.600	470
107.650	470
107.700	470
107.750	470
107.801	471
107.851	471
107.901	471
107.951	471
108.001	471
108.052	471
108.102	471
108.153	471
108.203	471
108.253	471
108.303	471
108.354	471
108.404	471
108.454	471
108.504	471
108.554	470
108.604	471
108.655	471
108.705	470
108.755	471
108.805	470
108.855	469
108.906	469
108.956	471
109.007	471
109.057	469
109.107	470
109.157	471
109.208	471
109.258	471
109.308	472
109.358	471
109.408	471
109.458	472
109.509	471
109.559	472
109.609	471
109.659	471
109.709	470
109.760	471
109.810	470
109.860	471
109.911	471
109.961	471
110.011	471
110.062	471
110.112	471
110.162	471
110.212	471
110.262	471
110.313	471
110.363	472
110.413	472
110.463	472
110.513	471
110.563	471
110.614	471
110.664	471
110.714	469
110.764	471
110.815	471
110.865	470
110.916	470
110.966	470
111.016	471
111.066	471
111.116	469
111.167	471
111.217	472
111.267	471
111.317	472
111.367	472
111.417	470
111.468	473
111.518	472
111.568	472
111.618	472
111.668	472
111.719	472
111.770	471
111.820	471
111.870	471
111.920	471
111.970	470
112.021	470
112.071	470
112.121	470
112.171	470
112.221	470
112.271	469
112.322	471
112.372	471
112.422	471
112.472	471
112.522	470
112.572	471
112.624	471
112.674	471
112.724	472
112.774	473
112.824	471
112.875	471
112.925	471
112.975	471
113.025	471
113.075	470
113.125	471
113.176	470
113.226	472
113.276	471
113.326	469
113.376	471
113.426	471
113.477	471
113.528	471
113.578	471
113.628	471
113.678	471
113.729	471
113.779	471
113.829	471
113.879	471
113.929	471
113.979	471
114.030	471
114.080	471
114.130	471
114.180	471
114.230	471
114.281	472
114.331	471
114.381	470
114.432	471
114.482	470
114.532	471
114.583	472
114.633	470
114.683	471
114.733	471
114.783	471
114.833	470
114.884	471
114.934	471
114.984	471
115.034	472
115.084	472
115.135	471
115.185	471
115.235	471
115.285	471
115.336	471
115.386	471
115.437	471
115.487	471
115.537	470
115.587	470
115.637	471
115.687	471
115.738	471
115.788	471
115.838	471
115.888	471
115.938	470
115.989	471
116.039	472
116.089	471
116.139	470
116.189	472
116.240	471
116.291	470
116.341	471
116.391	470
116.441	471
116.491	471
116.541	470
116.592	470
116.642	471
116.692	470
116.742	470
116.792	472
116.843	471
116.893	471
116.943	471
116.993	472
117.043	471
117.093	471
117.145	471
117.195	471
117.245	471
117.295	471
117.345	471
117.396	470
117.446	471
117.496	471
117.546	471
117.596	470
117.646	471
117.697	470
117.747	470
117.797	470
117.847	471
117.897	472
117.947	471
117.998	470
118.049	470
118.099	471
118.149	470
118.199	471
118.250	472
118.300	470
118.350	472
118.400	471
118.450	471
118.500	470
118.551	472
118.601	472
118.651	472
118.701	471
118.751	472
118.801	472
118.852	471
118.902	471
118.953	471
119.003	471
119.053	471
119.104	471
119.154	471
119.204	471
119.254	471
119.304	471
119.354	472
119.405	471
119.455	472
119.505	470
119.555	471
119.605	470
119.655	470
119.706	470
119.756	470
119.807	471
119.857	471
119.907	470
119.958	472
120.008	472
120.058	471
120.108	472
120.158	472
120.208	471
120.259	472
120.309	470
120.359	472
120.409	471
120.459	472
120.509	472
120.560	472
120.610	471
120.660	471
120.711	471
120.761	471
120.812	471
120.862	471
120.912	471
120.962	471
121.012	471
121.062	471
121.113	471
121.163	471
121.213	471
121.263	472
121.313	471
121.364	471
121.414	472
121.464	471
121.514	471
121.564	472
121.615	470
121.666	472
121.716	471
121.766	473
121.816	471
121.866	473
121.916	471
121.967	471
122.017	472
122.067	471
122.117	472
122.167	471
122.218	471
122.268	471
122.318	471
122.368	471
122.418	471
122.468	470
122.520	471
122.570	471
122.620	471
122.670	471
122.720	471
122.770	471
122.821	470
122.871	470
122.921	471
122.971	471
123.021	472
123.072	471
123.122	471
123.172	471
123.222	471
123.272	472
123.322	470
123.373	472
123.424	472
123.474	472
123.524	471
123.574	471
123.625	471
123.675	472
123.725	471
123.775	471
123.825	471
123.875	471
123.926	472
123.976	471
124.026	471
124.076	471
124.126	471
124.176	471
124.227	471
124.277	471
124.328	471
124.378	471
124.428	471
124.479	471
124.529	470
124.579	471
124.629	470
124.679	471
124.729	473
124.780	471
124.830	472
124.880	472
124.930	472
124.980	472
125.030	471
125.081	470
125.131	471
125.181	472
125.232	470
125.282	469
125.333	470
125.383	471
125.433	472
125.483	471
125.533	471
125.583	471
125.634	471
125.684	471
125.734	472
125.784	471
125.834	471
125.884	471
125.935	471
125.985	471
126.035	471
126.085	471
126.136	471
126.187	471
126.237	470
126.287	470
126.337	472
126.387	472
126.437	471
126.488	472
126.538	472
126.588	472
126.638	473
126.688	471
126.738	472
126.789	472
126.839	471
126.889	471
126.939	471
126.989	471
127.041	470
127.091	471
127.141	472
127.191	472
127.241	471
127.291	471
127.342	471
127.392	471
127.442	471
127.492	471
127.542	471
127.593	471
127.643	471
127.693	471
127.743	471
127.793	471
127.843	471
127.894	471
127.945	471
127.995	470
128.045	471
128.095	470
128.145	471
128.196	472
128.246	472
128.296	471
128.346	471
128.396	472
128.447	471
128.497	472
128.547	472
128.597	472
128.647	470
128.697	473
128.748	470
128.798	472
128.849	472
128.899	470
128.949	471
128.999	471
129.050	472
129.100	471
129.150	471
129.200	471
129.250	471
129.301	471
129.351	471
129.401	471
129.451	471
129.501	471
129.551	471
129.602	471
129.652	471
129.703	472
129.753	471
129.803	473
129.853	472
129.904	472
129.954	471
130.004	471
130.054	472
130.104	471
130.155	471
130.205	471
130.255	472
130.305	472
130.355	471
130.405	471
130.456	471
130.506	471
130.556	472
130.607	472
130.657	471
130.708	472
130.758	472
130.808	471
130.858	471
130.908	471
130.958	471
131.009	471
131.059	471
131.109	471
131.159	471
131.209	471
131.259	471
131.310	471
131.360	471
131.410	471
131.460	471
131.511	472
131.562	472
131.612	471
131.662	472
131.712	472
131.762	471
131.812	471
131.863	472
131.913	472
131.963	471
132.013	471
132.063	473
132.113	472
132.164	472
132.214	473
132.264	471
132.314	471
132.364	472
132.416	471
132.466	471
132.516	471
132.566	470
132.616	471
132.666	471
132.717	471
132.767	471
132.817	472
132.867	471
132.917	471
132.967	471
133.018	472
133.068	471
133.118	472
133.168	471
133.218	472
133.269	471
133.320	472
133.370	472
133.420	471
133.470	471
133.520	472
133.571	472
133.621	473
133.671	470
133.721	472
133.771	472
133.821	471
133.872	472
133.922	473
133.972	472
134.022	472
134.072	471
134.123	471
134.173	472
134.224	471
134.274	471
134.324	471
134.374	471
134.425	471
134.475	471
134.525	471
134.575	471
134.625	471
134.676	471
134.726	471
134.776	472
134.826	472
134.876	471
134.926	471
134.977	471
135.027	471
135.077	472
135.128	472
135.178	472
135.228	471
135.279	471
135.329	470
135.379	471
135.429	472
135.479	472
135.530	471
135.580	472
135.630	470
135.680	471
135.730	472
135.780	471
135.831	472
135.881	470
135.931	472
135.981	471
136.032	471
136.082	471
136.133	471
136.183	472
136.233	471
136.283	471
136.333	472
136.384	471
136.434	471
136.484	472
136.534	471
136.584	472
136.634	472
136.685	472
136.735	471
136.785	472
136.835	473
136.885	471
136.937	471
136.987	472
137.037	472
137.087	471
137.137	471
137.187	471
137.238	472
137.288	473
137.338	470
137.388	472
137.438	471
137.488	470
137.539	471
137.589	472
137.639	470
137.689	472
137.739	471
137.789	471
137.841	471
137.891	472
137.941	471
137.991	472
138.041	471
138.092	471
138.142	472
138.192	472
138.242	471
138.292	471
138.342	471
138.393	472
138.443	471
138.493	471
138.543	472
138.593	471
138.644	470
138.694	471
138.745	471
138.795	470
138.845	472
138.895	472
138.946	471
138.996	472
139.046	472
139.096	470
139.146	472
139.196	472
139.247	473
139.297	471
139.347	472
139.397	472
139.447	471
139.498	472
139.548	472
139.599	472
139.649	472
139.699	472
139.749	472
139.800	472
139.850	471
139.900	471
139.950	472
140.000	471
140.050	471
140.101	473
140.151	472
140.201	471
140.251	471
140.301	472
140.352	472
140.402	469
140.452	471
140.503	470
140.553	470
140.603	472
140.654	471
140.704	471
140.754	471
140.804	471
140.854	472
140.905	472
140.955	470
141.005	473
141.055	473
141.105	472
141.155	473
141.206	472
141.256	472
141.306	471
141.356	471
141.407	472
141.457	471
141.508	472
141.558	472
141.608	472
141.658	472
141.708	471
141.759	472
141.809	472
141.859	471
141.909	471
141.959	471
142.009	472
142.060	472
142.110	470
142.160	470
142.210	473
142.260	471
142.311	471
142.362	471
142.412	471
142.462	471
142.512	470
142.562	470
142.613	471
142.663	472
142.713	473
142.763	471
142.813	471
142.863	471
142.914	470
142.964	472
143.014	471
143.064	473
143.114	472
143.164	472
143.216	472
143.266	472
143.316	472
143.366	472
143.416	471
143.467	471
143.517	471
143.567	471
143.617	471
143.667	472
143.717	471
143.768	471
143.818	471
143.868	471
143.918	471
143.968	471
144.018	472
144.069	471
144.120	471
144.170	472
144.220	472
144.270	472
144.321	472
144.371	471
144.421	471
144.471	471
144.521	472
144.571	472
144.622	471
144.672	472
144.722	471
144.772	472
144.822	472
144.873	471
144.923	472
144.973	472
145.024	472
145.074	471
145.124	472
145.175	472
145.225	472
145.275	472
145.325	472
145.375	471
145.425	471
145.476	471
145.526	471
145.576	471
145.626	471
145.676	471
145.727	471
145.777	472
145.827	471
145.877	471
145.928	472
145.978	472
146.029	471
146.079	473
146.129	472
146.179	472
146.229	473
146.279	472
146.330	472
146.380	471
146.430	472
146.480	472
146.530	470
146.581	472
146.631	471
146.681	471
146.731	470
146.781	471
146.832	472
146.883	471
146.933	471
146.983	471
147.033	471
147.083	471
147.133	471
147.184	471
147.234	471
147.284	472
147.334	471
147.384	472
147.435	472
147.485	472
147.535	471
147.585	472
147.635	472
147.685	471
147.737	471
147.787	471
147.837	471
147.887	471
147.937	473
147.988	473
148.038	472
148.088	473
148.138	471
148.188	472
148.238	471
148.289	472
148.339	472
148.389	471
148.439	471
148.489	470
148.539	473
148.590	469
148.641	471
148.691	472
148.741	471
148.791	471
148.842	472
148.892	472
148.942	472
148.992	472
149.042	472
149.092	472
149.143	472
149.193	472
149.243	471
149.293	472
149.343	472
149.393	472
149.444	472
149.494	472
149.545	471
149.595	472
149.645	471
149.696	472
149.746	471
149.796	472
149.846	471
149.896	471
149.946	472
149.997	472
150.047	471
150.097	471
150.147	472
150.197	472
150.247	472
150.298	471
150.348	471
150.399	473
150.449	472
150.499	472
150.550	471
150.600	471
150.650	471
150.700	473
150.750	472
150.800	473
150.851	472
150.901	472
150.951	472
151.001	472
151.051	472
151.101	472
151.152	472
151.202	472
151.252	472
151.303	472
151.353	472
151.404	472
151.454	472
151.504	472
151.554	472
151.604	471
151.654	471
151.705	471
151.755	473
151.805	471
151.855	471
151.905	471
151.956	473
152.006	472
152.056	471
152.106	473
152.156	472
152.207	472
152.258	472
152.308	471
152.358	473
152.408	474
152.458	471
152.508	471
152.559	472
152.609	471
152.659	471
152.709	472
152.759	472
152.810	472
152.860	472
152.910	472
152.960	472
153.010	471
153.060	472
153.112	471
153.162	472
153.212	471
153.262	472
153.312	472
153.362	472
153.413	472
153.463	471
153.513	472
153.563	471
153.613	472
153.664	473
153.714	471
153.764	472
153.814	471
153.864	470
153.914	472
153.965	471
154.016	472
154.066	472
154.116	472
154.166	472
154.217	471
154.267	471
154.317	471
154.367	474
154.417	471
154.467	471
154.518	471
154.568	470
154.618	473
154.668	472
154.718	470
154.768	473
154.819	472
154.869	471
154.920	472
154.970	471
155.020	471
155.071	472
155.121	472
155.171	471
155.221	471
155.271	471
155.321	472
155.372	472
155.422	472
155.472	472
155.522	472
155.572	472
155.622	471
155.673	472
155.723	472
155.773	472
155.824	472
155.874	471
155.925	471
155.975	473
156.025	471
156.075	473
156.125	471
156.175	472
156.226	472
156.276	472
156.326	471
156.376	472
156.426	472
156.476	473
156.527	472
156.577	473
156.627	471
156.677	472
156.728	472
156.779	472
156.829	472
156.879	472
156.929	472
156.979	472
157.029	472
157.080	472
157.130	471
157.180	472
157.230	472
157.280	472
157.330	472
157.381	472
157.431	472
157.481	472
157.531	472
157.581	471
157.633	473
157.683	473
157.733	470
157.783	471
157.833	472
157.883	472
157.934	471
157.984	473
158.034	472
158.084	472
158.134	471
158.185	472
158.235	472
158.285	472
158.335	472
158.385	473
158.435	472
158.486	471
158.537	473
158.587	471
158.637	472
158.687	473
158.737	473
158.788	472
158.838	473
158.888	472
158.938	472
158.988	472
159.039	472
159.089	472
159.139	471
159.189	472
159.239	472
159.289	471
159.340	471
159.390	471
159.441	472
159.491	472
159.541	471
159.591	471
159.642	471
159.692	472
159.742	471
159.792	472
159.842	472
159.893	473
159.943	472
159.993	472
160.043	471
160.093	471
160.143	472
160.194	472
160.244	472
160.295	472
160.345	470
160.395	473
160.445	472
160.496	473
160.546	473
160.596	472
160.646	473
160.696	473
160.747	472
160.797	472
160.847	472
160.897	472
160.947	472
160.997	472
161.048	472
161.098	471
161.148	472
161.199	472
161.249	471
161.300	471
161.350	471
