3.501	0.357791
3.502	0.366851
3.503	0.375768
3.504	0.384316
3.505	0.392296
3.506	0.399534
3.507	0.405883
3.508	0.411221
3.509	0.415455
3.51	0.418517
3.511	0.420364
3.512	0.420979
3.513	0.420372
3.514	0.418576
3.515	0.41565
3.516	0.41168
3.517	0.406775
3.518	0.401068
3.519	0.39472
3.52	0.387911
3.521	0.380844
3.522	0.373741
3.523	0.366837
3.524	0.360374
3.525	0.354594
3.526	0.349727
3.527	0.345981
3.528	0.343527
3.529	0.342488
3.53	0.342931
3.531	0.34486
3.532	0.348217
3.533	0.352886
3.534	0.358704
3.535	0.36547
3.536	0.372961
3.537	0.38094
3.538	0.38917
3.539	0.397419
3.54	0.40547
3.541	0.41312
3.542	0.42019
3.543	0.426521
3.544	0.431979
3.545	0.436451
3.546	0.439853
3.547	0.442122
3.548	0.44322
3.549	0.443135
3.55	0.441877
3.551	0.439483
3.552	0.436012
3.553	0.431548
3.554	0.426198
3.555	0.420092
3.556	0.413383
3.557	0.406244
3.558	0.398868
3.559	0.391463
3.56	0.384247
3.561	0.377447
3.562	0.371283
3.563	0.365969
3.564	0.361693
3.565	0.358612
3.566	0.356842
3.567	0.356445
3.568	0.357431
3.569	0.359752
3.57	0.363309
3.571	0.367958
3.572	0.373521
3.573	0.379796
3.574	0.386567
3.575	0.393616
3.576	0.400731
3.577	0.407709
3.578	0.414363
3.579	0.420527
3.58	0.426055
3.581	0.430826
3.582	0.43474
3.583	0.437723
3.584	0.439726
3.585	0.440723
3.586	0.440713
3.587	0.439718
3.588	0.437784
3.589	0.434981
3.59	0.4314
3.591	0.427153
3.592	0.422372
3.593	0.417207
3.594	0.411823
3.595	0.406395
3.596	0.401108
3.597	0.396146
3.598	0.391689
3.599	0.387903
3.6	0.384936
3.601	0.382905
3.602	0.381894
3.603	0.381947
3.604	0.383063
3.605	0.385201
3.606	0.388277
3.607	0.392174
3.608	0.396746
3.609	0.401828
3.61	0.407239
3.611	0.412797
3.612	0.418318
3.613	0.423628
3.614	0.428561
3.615	0.432968
3.616	0.436718
3.617	0.439697
3.618	0.441815
3.619	0.443001
3.62	0.443208
3.621	0.442412
3.622	0.440612
3.623	0.437831
3.624	0.434115
3.625	0.429536
3.626	0.424187
3.627	0.418184
3.628	0.411669
3.629	0.4048
3.63	0.397758
3.631	0.390736
3.632	0.383943
3.633	0.37759
3.634	0.371887
3.635	0.367036
3.636	0.363214
3.637	0.36057
3.638	0.359213
3.639	0.3592
3.64	0.36054
3.641	0.363184
3.642	0.367038
3.643	0.371961
3.644	0.37778
3.645	0.384298
3.646	0.391304
3.647	0.398584
3.648	0.405927
3.649	0.413129
3.65	0.420002
3.651	0.426376
3.652	0.4321
3.653	0.437042
3.654	0.441096
3.655	0.444175
3.656	0.446217
3.657	0.447182
3.658	0.447053
3.659	0.445837
3.66	0.443564
3.661	0.440284
3.662	0.436072
3.663	0.431025
3.664	0.42526
3.665	0.418917
3.666	0.412153
3.667	0.405143
3.668	0.398077
3.669	0.391157
3.67	0.384589
3.671	0.378579
3.672	0.373325
3.673	0.369008
3.674	0.365782
3.675	0.363766
3.676	0.363036
3.677	0.363622
3.678	0.365502
3.679	0.368609
3.68	0.372833
3.681	0.37803
3.682	0.384031
3.683	0.390651
3.684	0.397701
3.685	0.404989
3.686	0.412333
3.687	0.419563
3.688	0.426525
3.689	0.433084
3.69	0.439123
3.691	0.444549
3.692	0.449288
3.693	0.453288
3.694	0.456519
3.695	0.458972
3.696	0.460655
3.697	0.461599
3.698	0.46185
3.699	0.461472
3.7	0.460544
3.701	0.459157
3.702	0.457414
3.703	0.455425
3.704	0.453305
3.705	0.451171
3.706	0.449138
3.707	0.447316
3.708	0.445802
3.709	0.444682
3.71	0.444025
3.711	0.443878
3.712	0.444269
3.713	0.4452
3.714	0.446654
3.715	0.448592
3.716	0.450954
3.717	0.453666
3.718	0.456642
3.719	0.459787
3.72	0.463002
3.721	0.466188
3.722	0.469248
3.723	0.472092
3.724	0.474641
3.725	0.476825
3.726	0.478591
3.727	0.479897
3.728	0.480723
3.729	0.48106
3.73	0.480923
3.731	0.48034
3.732	0.479358
3.733	0.478039
3.734	0.476463
3.735	0.47472
3.736	0.472912
3.737	0.471149
3.738	0.469545
3.739	0.468212
3.74	0.467262
3.741	0.466794
3.742	0.466895
3.743	0.467632
3.744	0.469054
3.745	0.47118
3.746	0.474006
3.747	0.477501
3.748	0.481606
3.749	0.48624
3.75	0.491301
3.751	0.496668
3.752	0.502209
3.753	0.507782
3.754	0.513243
3.755	0.518443
3.756	0.52324
3.757	0.527496
3.758	0.531083
3.759	0.533883
3.76	0.535795
3.761	0.536729
3.762	0.536613
3.763	0.535395
3.764	0.53304
3.765	0.529534
3.766	0.524884
3.767	0.51912
3.768	0.512294
3.769	0.504484
3.77	0.49579
3.771	0.48634
3.772	0.476288
3.773	0.465815
3.774	0.455126
3.775	0.444453
3.776	0.43405
3.777	0.42419
3.778	0.415156
3.779	0.407234
3.78	0.400697
3.781	0.395796
3.782	0.392734
3.783	0.391663
3.784	0.392659
3.785	0.395726
3.786	0.400789
3.787	0.407704
3.788	0.416271
3.789	0.426248
3.79	0.437366
3.791	0.449344
3.792	0.461903
3.793	0.474772
3.794	0.487696
3.795	0.500442
3.796	0.512797
3.797	0.524576
3.798	0.535615
3.799	0.545777
3.8	0.55495
3.801	0.563043
3.802	0.569992
3.803	0.575754
3.804	0.580309
3.805	0.583657
3.806	0.585823
3.807	0.586848
3.808	0.586796
3.809	0.585749
3.81	0.583806
3.811	0.581083
3.812	0.577712
3.813	0.573836
3.814	0.56961
3.815	0.565197
3.816	0.560763
3.817	0.556476
3.818	0.552499
3.819	0.548987
3.82	0.54608
3.821	0.543903
3.822	0.542554
3.823	0.542107
3.824	0.542605
3.825	0.544062
3.826	0.546459
3.827	0.54975
3.828	0.553862
3.829	0.5587
3.83	0.564152
3.831	0.570091
3.832	0.576383
3.833	0.582894
3.834	0.589487
3.835	0.596032
3.836	0.602406
3.837	0.6085
3.838	0.614212
3.839	0.61946
3.84	0.624172
3.841	0.628296
3.842	0.631792
3.843	0.634638
3.844	0.636827
3.845	0.638367
3.846	0.639279
3.847	0.639598
3.848	0.639369
3.849	0.638648
3.85	0.637499
3.851	0.635993
3.852	0.634204
3.853	0.632208
3.854	0.630082
3.855	0.627898
3.856	0.625725
3.857	0.623623
3.858	0.621644
3.859	0.619827
3.86	0.618201
3.861	0.616779
3.862	0.615562
3.863	0.614536
3.864	0.613675
3.865	0.61294
3.866	0.612283
3.867	0.611646
3.868	0.610965
3.869	0.610175
3.87	0.609207
3.871	0.607995
3.872	0.606476
3.873	0.604594
3.874	0.602302
3.875	0.599562
3.876	0.596352
3.877	0.592661
3.878	0.588495
3.879	0.583876
3.88	0.578846
3.881	0.573462
3.882	0.567801
3.883	0.561957
3.884	0.556042
3.885	0.550183
3.886	0.544519
3.887	0.539201
3.888	0.534385
3.889	0.530226
3.89	0.526877
3.891	0.52448
3.892	0.523155
3.893	0.523003
3.894	0.524091
3.895	0.526454
3.896	0.530089
3.897	0.534957
3.898	0.540982
3.899	0.548053
3.9	0.556034
3.901	0.564763
3.902	0.574062
3.903	0.583743
3.904	0.593609
3.905	0.603467
3.906	0.613122
3.907	0.622392
3.908	0.6311
3.909	0.639085
3.91	0.646201
3.911	0.652318
3.912	0.657322
3.913	0.66112
3.914	0.663639
3.915	0.664828
3.916	0.664655
3.917	0.663114
3.918	0.660219
3.919	0.656013
3.92	0.650559
3.921	0.643949
3.922	0.6363
3.923	0.627757
3.924	0.61849
3.925	0.608697
3.926	0.5986
3.927	0.588445
3.928	0.578498
3.929	0.56904
3.93	0.560359
3.931	0.552745
3.932	0.54647
3.933	0.541785
3.934	0.538901
3.935	0.537976
3.936	0.539105
3.937	0.542317
3.938	0.547565
3.939	0.554737
3.94	0.56366
3.941	0.574109
3.942	0.585822
3.943	0.598516
3.944	0.611891
3.945	0.625646
3.946	0.639487
3.947	0.653131
3.948	0.666312
3.949	0.678785
3.95	0.690329
3.951	0.700745
3.952	0.709861
3.953	0.71753
3.954	0.723634
3.955	0.72808
3.956	0.730802
3.957	0.731765
3.958	0.730958
3.959	0.728401
3.96	0.724142
3.961	0.71826
3.962	0.710863
3.963	0.702088
3.964	0.692106
3.965	0.681114
3.966	0.669345
3.967	0.657056
3.968	0.644534
3.969	0.63209
3.97	0.620052
3.971	0.608761
3.972	0.598558
3.973	0.589772
3.974	0.582706
3.975	0.577622
3.976	0.57472
3.977	0.574131
3.978	0.575904
3.979	0.58
3.98	0.586302
3.981	0.594617
3.982	0.604693
3.983	0.616234
3.984	0.628915
3.985	0.642399
3.986	0.656348
3.987	0.670432
3.988	0.684341
3.989	0.697789
3.99	0.710513
3.991	0.722283
3.992	0.732899
3.993	0.742193
3.994	0.750028
3.995	0.756301
3.996	0.76094
3.997	0.763904
3.998	0.765187
3.999	0.76481
4	0.76283
4.001	0.759329
4.002	0.754422
4.003	0.748253
4.004	0.74099
4.005	0.73283
4.006	0.723991
4.007	0.71471
4.008	0.705242
4.009	0.69585
4.01	0.686799
4.011	0.678354
4.012	0.670761
4.013	0.664247
4.014	0.659004
4.015	0.655181
4.016	0.65288
4.017	0.652143
4.018	0.652958
4.019	0.655254
4.02	0.658908
4.021	0.663749
4.022	0.669573
4.023	0.676148
4.024	0.683225
4.025	0.69055
4.026	0.697872
4.027	0.704951
4.028	0.711563
4.029	0.717509
4.03	0.722615
4.031	0.726739
4.032	0.72977
4.033	0.731632
4.034	0.732286
4.035	0.731729
4.036	0.729995
4.037	0.727155
4.038	0.72332
4.039	0.718633
4.04	0.713277
4.041	0.707461
4.042	0.701426
4.043	0.695436
4.044	0.689768
4.045	0.684708
4.046	0.68054
4.047	0.677531
4.048	0.675918
4.049	0.675901
4.05	0.677624
4.051	0.68117
4.052	0.686556
4.053	0.693727
4.054	0.702564
4.055	0.712887
4.056	0.724463
4.057	0.737023
4.058	0.750268
4.059	0.76388
4.06	0.777539
4.061	0.790925
4.062	0.803728
4.063	0.815655
4.064	0.826437
4.065	0.835827
4.066	0.84361
4.067	0.8496
4.068	0.853645
4.069	0.85563
4.07	0.855476
4.071	0.853143
4.072	0.84863
4.073	0.841981
4.074	0.833279
4.075	0.822657
4.076	0.810291
4.077	0.796409
4.078	0.781285
4.079	0.765249
4.08	0.748677
4.081	0.731995
4.082	0.715674
4.083	0.700219
4.084	0.686157
4.085	0.674019
4.086	0.664313
4.087	0.657493
4.088	0.653929
4.089	0.653876
4.09	0.657452
4.091	0.664625
4.092	0.675221
4.093	0.688937
4.094	0.705368
4.095	0.724037
4.096	0.744426
4.097	0.766001
4.098	0.788233
4.099	0.810615
4.1	0.832671
4.101	0.853964
4.102	0.874099
4.103	0.892727
4.104	0.909543
4.105	0.924288
4.106	0.936747
4.107	0.946752
4.108	0.954179
4.109	0.958948
4.11	0.961024
4.111	0.960415
4.112	0.957175
4.113	0.9514
4.114	0.943233
4.115	0.93286
4.116	0.920512
4.117	0.906466
4.118	0.891039
4.119	0.874592
4.12	0.857525
4.121	0.840269
4.122	0.823285
4.123	0.807048
4.124	0.792038
4.125	0.778719
4.126	0.767522
4.127	0.758818
4.128	0.752899
4.129	0.749957
4.13	0.750072
4.131	0.753202
4.132	0.75919
4.133	0.767776
4.134	0.778612
4.135	0.791294
4.136	0.805373
4.137	0.82039
4.138	0.835885
4.139	0.851418
4.14	0.866577
4.141	0.880992
4.142	0.894332
4.143	0.906319
4.144	0.916719
4.145	0.925354
4.146	0.932095
4.147	0.936866
4.148	0.939641
4.149	0.940448
4.15	0.939362
4.151	0.93651
4.152	0.932065
4.153	0.926249
4.154	0.919323
4.155	0.911591
4.156	0.903386
4.157	0.895072
4.158	0.887027
4.159	0.879635
4.16	0.873272
4.161	0.868293
4.162	0.865011
4.163	0.863684
4.164	0.864502
4.165	0.867574
4.166	0.872921
4.167	0.880477
4.168	0.890092
4.169	0.901541
4.17	0.914537
4.171	0.928746
4.172	0.943801
4.173	0.959317
4.174	0.974906
4.175	0.990189
4.176	1.0048
4.177	1.01841
4.178	1.03071
4.179	1.04142
4.18	1.05033
4.181	1.05724
4.182	1.06202
4.183	1.06457
4.184	1.06485
4.185	1.06286
4.186	1.05865
4.187	1.05234
4.188	1.04407
4.189	1.03404
4.19	1.02253
4.191	1.00982
4.192	0.996267
4.193	0.982255
4.194	0.968205
4.195	0.954563
4.196	0.941787
4.197	0.930331
4.198	0.920631
4.199	0.913082
4.2	0.90802
4.201	0.9057
4.202	0.906282
4.203	0.909819
4.204	0.916255
4.205	0.92543
4.206	0.937088
4.207	0.950894
4.208	0.966456
4.209	0.98334
4.21	1.00109
4.211	1.01926
4.212	1.0374
4.213	1.0551
4.214	1.07195
4.215	1.08763
4.216	1.10181
4.217	1.11426
4.218	1.12476
4.219	1.13316
4.22	1.13936
4.221	1.14332
4.222	1.14505
4.223	1.14461
4.224	1.14211
4.225	1.13773
4.226	1.13168
4.227	1.12424
4.228	1.11571
4.229	1.10644
4.23	1.09682
4.231	1.08725
4.232	1.07816
4.233	1.06994
4.234	1.063
4.235	1.05771
4.236	1.05438
4.237	1.05325
4.238	1.05448
4.239	1.05816
4.24	1.06426
4.241	1.07267
4.242	1.08318
4.243	1.0955
4.244	1.10931
4.245	1.12419
4.246	1.13973
4.247	1.15547
4.248	1.17099
4.249	1.18584
4.25	1.1996
4.251	1.21191
4.252	1.2224
4.253	1.23078
4.254	1.23678
4.255	1.24021
4.256	1.2409
4.257	1.23876
4.258	1.23376
4.259	1.22591
4.26	1.2153
4.261	1.20207
4.262	1.18646
4.263	1.16873
4.264	1.14925
4.265	1.12844
4.266	1.10678
4.267	1.08484
4.268	1.06321
4.269	1.04257
4.27	1.02359
4.271	1.00697
4.272	0.993355
4.273	0.98336
4.274	0.97748
4.275	0.976078
4.276	0.979349
4.277	0.987308
4.278	0.999784
4.279	1.01644
4.28	1.03679
4.281	1.06026
4.282	1.08618
4.283	1.11387
4.284	1.14262
4.285	1.17176
4.286	1.20064
4.287	1.22865
4.288	1.25526
4.289	1.27998
4.29	1.30239
4.291	1.32213
4.292	1.33891
4.293	1.3525
4.294	1.36276
4.295	1.36958
4.296	1.37294
4.297	1.37288
4.298	1.36951
4.299	1.36302
4.3	1.35363
4.301	1.34166
4.302	1.32748
4.303	1.31153
4.304	1.29431
4.305	1.27637
4.306	1.25829
4.307	1.24071
4.308	1.22425
4.309	1.20957
4.31	1.19726
4.311	1.18786
4.312	1.18185
4.313	1.17957
4.314	1.18123
4.315	1.18691
4.316	1.19652
4.317	1.20982
4.318	1.22646
4.319	1.24598
4.32	1.26783
4.321	1.29142
4.322	1.31613
4.323	1.34135
4.324	1.36648
4.325	1.39095
4.326	1.41425
4.327	1.4359
4.328	1.45551
4.329	1.47272
4.33	1.48728
4.331	1.49898
4.332	1.50769
4.333	1.51335
4.334	1.51598
4.335	1.51567
4.336	1.51258
4.337	1.50695
4.338	1.49908
4.339	1.48934
4.34	1.47816
4.341	1.46604
4.342	1.45351
4.343	1.44114
4.344	1.42952
4.345	1.41924
4.346	1.41088
4.347	1.40495
4.348	1.40191
4.349	1.40214
4.35	1.40586
4.351	1.41322
4.352	1.42421
4.353	1.43866
4.354	1.45632
4.355	1.47681
4.356	1.49966
4.357	1.52432
4.358	1.55023
4.359	1.57678
4.36	1.60337
4.361	1.6294
4.362	1.65433
4.363	1.67762
4.364	1.69883
4.365	1.71752
4.366	1.73337
4.367	1.7461
4.368	1.75549
4.369	1.76141
4.37	1.76382
4.371	1.76273
4.372	1.75825
4.373	1.75056
4.374	1.73993
4.375	1.72669
4.376	1.71126
4.377	1.69414
4.378	1.67588
4.379	1.65709
4.38	1.63843
4.381	1.62059
4.382	1.60426
4.383	1.5901
4.384	1.57874
4.385	1.57073
4.386	1.56651
4.387	1.5664
4.388	1.57054
4.389	1.57894
4.39	1.59141
4.391	1.60764
4.392	1.62716
4.393	1.64939
4.394	1.67368
4.395	1.69931
4.396	1.72553
4.397	1.7516
4.398	1.77681
4.399	1.80045
4.4	1.82191
4.401	1.84062
4.402	1.85609
4.403	1.86792
4.404	1.8758
4.405	1.87954
4.406	1.87902
4.407	1.87426
4.408	1.86539
4.409	1.85268
4.41	1.83651
4.411	1.81741
4.412	1.79606
4.413	1.77326
4.414	1.74995
4.415	1.72723
4.416	1.70627
4.417	1.68834
4.418	1.67472
4.419	1.66667
4.42	1.66534
4.421	1.6717
4.422	1.68647
4.423	1.71003
4.424	1.74246
4.425	1.78345
4.426	1.83241
4.427	1.88847
4.428	1.95056
4.429	2.01748
4.43	2.08795
4.431	2.16066
4.432	2.2343
4.433	2.30761
4.434	2.37938
4.435	2.44846
4.436	2.5138
4.437	2.57442
4.438	2.62944
4.439	2.67807
4.44	2.71962
4.441	2.75349
4.442	2.77918
4.443	2.79633
4.444	2.80465
4.445	2.80399
4.446	2.79432
4.447	2.77575
4.448	2.7485
4.449	2.71296
4.45	2.66969
4.451	2.6194
4.452	2.56299
4.453	2.50158
4.454	2.4365
4.455	2.36931
4.456	2.30182
4.457	2.23608
4.458	2.17435
4.459	2.11906
4.46	2.07274
4.461	2.03782
4.462	2.01654
4.463	2.01064
4.464	2.02128
4.465	2.04881
4.466	2.09281
4.467	2.15215
4.468	2.22508
4.469	2.30947
4.47	2.40297
4.471	2.50317
4.472	2.60768
4.473	2.71426
4.474	2.82078
4.475	2.9253
4.476	3.02608
4.477	3.12154
4.478	3.21025
4.479	3.29098
4.48	3.36265
4.481	3.42432
4.482	3.47523
4.483	3.51475
4.484	3.54243
4.485	3.55796
4.486	3.56118
4.487	3.55213
4.488	3.53099
4.489	3.49816
4.49	3.45421
4.491	3.39994
4.492	3.33638
4.493	3.26481
4.494	3.18678
4.495	3.10414
4.496	3.01906
4.497	2.93406
4.498	2.85194
4.499	2.77586
4.5	2.70915
4.501	2.65525
4.502	2.61749
4.503	2.59882
4.504	2.60153
4.505	2.62703
4.506	2.67568
4.507	2.74678
4.508	2.83871
4.509	2.94914
4.51	3.07529
4.511	3.21416
4.512	3.36273
4.513	3.51808
4.514	3.67745
4.515	3.83833
4.516	3.99842
4.517	4.15567
4.518	4.30826
4.519	4.45459
4.52	4.59326
4.521	4.72308
4.522	4.84305
4.523	4.95235
4.524	5.05034
4.525	5.13657
4.526	5.21074
4.527	5.27273
4.528	5.32258
4.529	5.36052
4.53	5.38691
4.531	5.40229
4.532	5.40734
4.533	5.4029
4.534	5.38994
4.535	5.36955
4.536	5.34295
4.537	5.31146
4.538	5.27646
4.539	5.23938
4.54	5.2017
4.541	5.16485
4.542	5.13021
4.543	5.09909
4.544	5.07265
4.545	5.05185
4.546	5.03749
4.547	5.03008
4.548	5.02988
4.549	5.0369
4.55	5.05088
4.551	5.07128
4.552	5.09738
4.553	5.12824
4.554	5.16281
4.555	5.19991
4.556	5.23833
4.557	5.27682
4.558	5.31419
4.559	5.34929
4.56	5.38108
4.561	5.40865
4.562	5.43122
4.563	5.44817
4.564	5.45907
4.565	5.46367
4.566	5.46193
4.567	5.45399
4.568	5.4402
4.569	5.42112
4.57	5.39749
4.571	5.37024
4.572	5.3405
4.573	5.30954
4.574	5.27877
4.575	5.24972
4.576	5.224
4.577	5.20326
4.578	5.18914
4.579	5.18325
4.58	5.18711
4.581	5.20209
4.582	5.22939
4.583	5.27005
4.584	5.32486
4.585	5.39443
4.586	5.4792
4.587	5.57942
4.588	5.69527
4.589	5.82684
4.59	5.97422
4.591	6.13755
4.592	6.31703
4.593	6.513
4.594	6.72591
4.595	6.9564
4.596	7.20521
4.597	7.47324
4.598	7.76151
4.599	8.07108
4.6	8.40308
4.601	8.7586
4.602	9.13867
4.603	9.54423
4.604	9.97605
4.605	10.4347
4.606	10.9205
4.607	11.4335
4.608	11.9736
4.609	12.5403
4.61	13.1326
4.611	13.7497
4.612	14.39
4.613	15.0518
4.614	15.7333
4.615	16.4322
4.616	17.1462
4.617	17.8724
4.618	18.6081
4.619	19.3503
4.62	20.0958
4.621	20.8414
4.622	21.5835
4.623	22.319
4.624	23.0441
4.625	23.7555
4.626	24.4498
4.627	25.1234
4.628	25.7732
4.629	26.3958
4.63	26.9883
4.631	27.5477
4.632	28.0715
4.633	28.5573
4.634	29.0031
4.635	29.407
4.636	29.7677
4.637	30.0844
4.638	30.3566
4.639	30.5844
4.64	30.7683
4.641	30.9098
4.642	31.0105
4.643	31.0733
4.644	31.1013
4.645	31.0987
4.646	31.0704
4.647	31.0222
4.648	30.9605
4.649	30.8927
4.65	30.8269
4.651	30.7717
4.652	30.7365
4.653	30.7308
4.654	30.7644
4.655	30.8467
4.656	30.9871
4.657	31.1939
4.658	31.4745
4.659	31.8348
4.66	32.2793
4.661	32.8105
4.662	33.4292
4.663	34.1342
4.664	34.9224
4.665	35.7894
4.666	36.7289
4.667	37.7336
4.668	38.7952
4.669	39.9045
4.67	41.0519
4.671	42.2273
4.672	43.4206
4.673	44.6214
4.674	45.8196
4.675	47.0052
4.676	48.1682
4.677	49.2992
4.678	50.3889
4.679	51.4285
4.68	52.4096
4.681	53.3243
4.682	54.1649
4.683	54.9244
4.684	55.5963
4.685	56.1745
4.686	56.6534
4.687	57.0281
4.688	57.2942
4.689	57.4477
4.69	57.4854
4.691	57.4045
4.692	57.2029
4.693	56.879
4.694	56.4319
4.695	55.8612
4.696	55.1673
4.697	54.3509
4.698	53.4136
4.699	52.3575
4.7	51.1853
4.701	49.9003
4.702	48.5065
4.703	47.0084
4.704	45.4114
4.705	43.7213
4.706	41.9447
4.707	40.089
4.708	38.1622
4.709	36.1733
4.71	34.1325
4.711	32.051
4.712	29.9416
4.713	27.8191
4.714	25.7007
4.715	23.6073
4.716	21.5642
4.717	19.6033
4.718	17.7653
4.719	16.102
4.72	14.6779
4.721	13.5677
4.722	12.8459
4.723	12.5661
4.724	12.7379
4.725	13.3204
4.726	14.2364
4.727	15.3983
4.728	16.7256
4.729	18.1528
4.73	19.6294
4.731	21.1169
4.732	22.5863
4.733	24.0152
4.734	25.3864
4.735	26.6862
4.736	27.9037
4.737	29.0302
4.738	30.0586
4.739	30.9834
4.74	31.8001
4.741	32.5054
4.742	33.0966
4.743	33.5722
4.744	33.9313
4.745	34.1737
4.746	34.2999
4.747	34.311
4.748	34.2086
4.749	33.9951
4.75	33.6732
4.751	33.2463
4.752	32.7181
4.753	32.093
4.754	31.3755
4.755	30.5709
4.756	29.6846
4.757	28.7225
4.758	27.6909
4.759	26.5965
4.76	25.4461
4.761	24.2471
4.762	23.0072
4.763	21.7345
4.764	20.4376
4.765	19.1256
4.766	17.8083
4.767	16.4965
4.768	15.2019
4.769	13.9379
4.77	12.72
4.771	11.5662
4.772	10.4979
4.773	9.54077
4.774	8.72372
4.775	8.07752
4.776	7.62952
4.777	7.39599
4.778	7.37482
4.779	7.5438
4.78	7.86628
4.781	8.30039
4.782	8.80665
4.783	9.35176
4.784	9.90937
4.785	10.4593
4.786	10.9864
4.787	11.4792
4.788	11.9296
4.789	12.3313
4.79	12.68
4.791	12.9728
4.792	13.2077
4.793	13.3839
4.794	13.5011
4.795	13.5599
4.796	13.5614
4.797	13.507
4.798	13.3989
4.799	13.2394
4.8	13.0312
4.801	12.7774
4.802	12.4814
4.803	12.1468
4.804	11.7772
4.805	11.3767
4.806	10.9495
4.807	10.4998
4.808	10.032
4.809	9.55061
4.81	9.06018
4.811	8.56535
4.812	8.07078
4.813	7.58116
4.814	7.10117
4.815	6.63547
4.816	6.1886
4.817	5.76498
4.818	5.36874
4.819	5.00364
4.82	4.67281
4.821	4.37853
4.822	4.12197
4.823	3.90293
4.824	3.7197
4.825	3.56904
4.826	3.44636
4.827	3.34617
4.828	3.26247
4.829	3.18927
4.83	3.12106
4.831	3.05305
4.832	2.98147
4.833	2.9036
4.834	2.8179
4.835	2.72406
4.836	2.62304
4.837	2.51718
4.838	2.41029
4.839	2.30784
4.84	2.2169
4.841	2.14598
4.842	2.10436
4.843	2.10073
4.844	2.14154
4.845	2.2295
4.846	2.36323
4.847	2.53801
4.848	2.74718
4.849	2.98346
4.85	3.23976
4.851	3.50964
4.852	3.78734
4.853	4.06781
4.854	4.34659
4.855	4.61972
4.856	4.88367
4.857	5.13528
4.858	5.3717
4.859	5.59039
4.86	5.78906
4.861	5.96567
4.862	6.11845
4.863	6.24583
4.864	6.3465
4.865	6.41935
4.866	6.46353
4.867	6.47837
4.868	6.46347
4.869	6.41862
4.87	6.34382
4.871	6.2393
4.872	6.10548
4.873	5.94299
4.874	5.75265
4.875	5.53548
4.876	5.29264
4.877	5.0255
4.878	4.73557
4.879	4.42451
4.88	4.09413
4.881	3.74635
4.882	3.38325
4.883	3.00703
4.884	2.62001
4.885	2.22473
4.886	1.82403
4.887	1.42146
4.888	1.02246
4.889	0.640212
4.89	0.338058
4.891	0.389295
4.892	0.712249
4.893	1.0772
4.894	1.44338
4.895	1.80097
4.896	2.14555
4.897	2.47427
4.898	2.78492
4.899	3.07563
4.9	3.34478
4.901	3.59095
4.902	3.81291
4.903	4.0096
4.904	4.18015
4.905	4.32384
4.906	4.44014
4.907	4.5287
4.908	4.58934
4.909	4.62204
4.91	4.62696
4.911	4.60446
4.912	4.55501
4.913	4.47929
4.914	4.3781
4.915	4.25241
4.916	4.10333
4.917	3.93211
4.918	3.7401
4.919	3.52881
4.92	3.29983
4.921	3.05487
4.922	2.79573
4.923	2.52433
4.924	2.24269
4.925	1.95294
4.926	1.65746
4.927	1.35898
4.928	1.06114
4.929	0.770028
4.93	0.501035
4.931	0.314454
4.932	0.361165
4.933	0.579067
4.934	0.836152
4.935	1.0973
4.936	1.35251
4.937	1.59737
4.938	1.82925
4.939	2.04626
4.94	2.24686
4.941	2.42981
4.942	2.59405
4.943	2.7387
4.944	2.86305
4.945	2.96655
4.946	3.04878
4.947	3.1095
4.948	3.14859
4.949	3.1661
4.95	3.16222
4.951	3.13726
4.952	3.09169
4.953	3.02609
4.954	2.94119
4.955	2.83782
4.956	2.71694
4.957	2.57961
4.958	2.427
4.959	2.26037
4.96	2.08108
4.961	1.8906
4.962	1.69047
4.963	1.48237
4.964	1.26817
4.965	1.05003
4.966	0.830798
4.967	0.61516
4.968	0.414083
4.969	0.266045
4.97	0.273741
4.971	0.423964
4.972	0.615189
4.973	0.813624
4.974	1.00956
4.975	1.19888
4.976	1.37921
4.977	1.54884
4.978	1.70644
4.979	1.85088
4.98	1.98123
4.981	2.09668
4.982	2.19659
4.983	2.28042
4.984	2.34777
4.985	2.39836
4.986	2.43204
4.987	2.44878
4.988	2.44869
4.989	2.43197
4.99	2.39897
4.991	2.35014
4.992	2.28607
4.993	2.20744
4.994	2.11509
4.995	2.00995
4.996	1.8931
4.997	1.76576
4.998	1.62933
4.999	1.48544
5	1.33604
5.001	1.18357
5.002	1.03129
5.003	0.883874
5.004	0.748514
5.005	0.636649
5.006	0.564925
5.007	0.55006
5.008	0.595425
5.009	0.687107
5.01	0.806639
5.011	0.940185
5.012	1.07905
5.013	1.21781
5.014	1.35295
5.015	1.48197
5.016	1.60305
5.017	1.71476
5.018	1.81596
5.019	1.90573
5.02	1.98334
5.021	2.04819
5.022	2.09984
5.023	2.13796
5.024	2.16235
5.025	2.17292
5.026	2.16971
5.027	2.15287
5.028	2.12263
5.029	2.07937
5.03	2.02355
5.031	1.95574
5.032	1.87665
5.033	1.78706
5.034	1.6879
5.035	1.58025
5.036	1.46533
5.037	1.3446
5.038	1.21981
5.039	1.09315
5.04	0.967485
5.041	0.846774
5.042	0.736709
5.043	0.645493
5.044	0.583888
5.045	0.562395
5.046	0.584911
5.047	0.645334
5.048	0.732159
5.049	0.834586
5.05	0.94471
5.051	1.05717
5.052	1.16834
5.053	1.27564
5.054	1.37719
5.055	1.47155
5.056	1.5576
5.057	1.63444
5.058	1.70134
5.059	1.75774
5.06	1.80322
5.061	1.83745
5.062	1.86023
5.063	1.87148
5.064	1.8712
5.065	1.8595
5.066	1.83659
5.067	1.80277
5.068	1.75845
5.069	1.70412
5.07	1.64039
5.071	1.56796
5.072	1.48764
5.073	1.40038
5.074	1.30728
5.075	1.20963
5.076	1.10897
5.077	1.0072
5.078	0.906727
5.079	0.810706
5.08	0.723336
5.081	0.650116
5.082	0.597646
5.083	0.572232
5.084	0.577162
5.085	0.610644
5.086	0.666753
5.087	0.738318
5.088	0.819023
5.089	0.904022
5.09	0.98977
5.091	1.07368
5.092	1.15384
5.093	1.22877
5.094	1.29735
5.095	1.3587
5.096	1.41211
5.097	1.45704
5.098	1.49308
5.099	1.51995
5.1	1.53747
5.101	1.54556
5.102	1.54424
5.103	1.53364
5.104	1.51397
5.105	1.48555
5.106	1.44879
5.107	1.40422
5.108	1.35244
5.109	1.29422
5.11	1.23045
5.111	1.16216
5.112	1.09061
5.113	1.01731
5.114	0.944057
5.115	0.873079
5.116	0.80707
5.117	0.749235
5.118	0.703168
5.119	0.672433
5.12	0.659799
5.121	0.666369
5.122	0.69115
5.123	0.731402
5.124	0.783503
5.125	0.843765
5.126	0.908901
5.127	0.976171
5.128	1.04336
5.129	1.1087
5.13	1.17076
5.131	1.22841
5.132	1.2807
5.133	1.3269
5.134	1.3664
5.135	1.39874
5.136	1.42355
5.137	1.44059
5.138	1.44969
5.139	1.45081
5.14	1.44396
5.141	1.42927
5.142	1.40693
5.143	1.37723
5.144	1.34055
5.145	1.29737
5.146	1.24825
5.147	1.19389
5.148	1.13507
5.149	1.07276
5.15	1.00809
5.151	0.942391
5.152	0.877278
5.153	0.814683
5.154	0.756905
5.155	0.706604
5.156	0.666666
5.157	0.639854
5.158	0.62824
5.159	0.6326
5.16	0.652131
5.161	0.68469
5.162	0.727399
5.163	0.777247
5.164	0.831473
5.165	0.887721
5.166	0.944051
5.167	0.998886
5.168	1.05095
5.169	1.09923
5.17	1.14287
5.171	1.18121
5.172	1.21373
5.173	1.23999
5.174	1.25971
5.175	1.27266
5.176	1.27872
5.177	1.27786
5.178	1.27012
5.179	1.25564
5.18	1.23461
5.181	1.20735
5.182	1.17422
5.183	1.1357
5.184	1.09234
5.185	1.04484
5.186	0.993982
5.187	0.940724
5.188	0.886186
5.189	0.831696
5.19	0.778829
5.191	0.729425
5.192	0.685585
5.193	0.649582
5.194	0.623642
5.195	0.609583
5.196	0.608402
5.197	0.61998
5.198	0.64311
5.199	0.675814
5.2	0.71577
5.201	0.760669
5.202	0.80842
5.203	0.857222
5.204	0.90557
5.205	0.952218
5.206	0.996142
5.207	1.0365
5.208	1.07262
5.209	1.10393
5.21	1.13
5.211	1.15049
5.212	1.16516
5.213	1.17383
5.214	1.17643
5.215	1.17296
5.216	1.16349
5.217	1.14816
5.218	1.12721
5.219	1.10093
5.22	1.06972
5.221	1.03405
5.222	0.99449
5.223	0.951725
5.224	0.90656
5.225	0.859944
5.226	0.812991
5.227	0.767006
5.228	0.723496
5.229	0.684162
5.23	0.650842
5.231	0.62537
5.232	0.609348
5.233	0.603853
5.234	0.609192
5.235	0.624819
5.236	0.649462
5.237	0.681402
5.238	0.718756
5.239	0.759693
5.24	0.802556
5.241	0.845903
5.242	0.888509
5.243	0.929345
5.244	0.967554
5.245	1.00242
5.246	1.03337
5.247	1.05992
5.248	1.0817
5.249	1.09841
5.25	1.10985
5.251	1.11588
5.252	1.11646
5.253	1.11159
5.254	1.10135
5.255	1.08589
5.256	1.06545
5.257	1.04031
5.258	1.01085
5.259	0.977528
5.26	0.940884
5.261	0.901565
5.262	0.860329
5.263	0.818061
5.264	0.775792
5.265	0.73471
5.266	0.696165
5.267	0.661646
5.268	0.63272
5.269	0.610901
5.27	0.597464
5.271	0.593221
5.272	0.598356
5.273	0.61237
5.274	0.634194
5.275	0.662392
5.276	0.69538
5.277	0.731597
5.278	0.769606
5.279	0.808139
5.28	0.846106
5.281	0.88258
5.282	0.916786
5.283	0.948076
5.284	0.975918
5.285	0.999878
5.286	1.01961
5.287	1.03486
5.288	1.04543
5.289	1.05121
5.29	1.05215
5.291	1.04827
5.292	1.03964
5.293	1.0264
5.294	1.00877
5.295	0.987006
5.296	0.961453
5.297	0.932514
5.298	0.900672
5.299	0.866487
5.3	0.830609
5.301	0.793779
5.302	0.756844
5.303	0.720753
5.304	0.686559
5.305	0.655395
5.306	0.628431
5.307	0.606792
5.308	0.591449
5.309	0.583084
5.31	0.581973
5.311	0.587931
5.312	0.600337
5.313	0.618234
5.314	0.640468
5.315	0.665819
5.316	0.693095
5.317	0.7212
5.318	0.749159
5.319	0.776126
5.32	0.801381
5.321	0.824319
5.322	0.844442
5.323	0.861348
5.324	0.874721
5.325	0.884328
5.326	0.890008
5.327	0.891672
5.328	0.8893
5.329	0.882937
5.33	0.872696
5.331	0.858756
5.332	0.841362
5.333	0.820832
5.334	0.797558
5.335	0.77201
5.336	0.744746
5.337	0.716414
5.338	0.687756
5.339	0.659617
5.34	0.632931
5.341	0.608703
5.342	0.587971
5.343	0.571731
5.344	0.560845
5.345	0.555934
5.346	0.557281
5.347	0.564789
5.348	0.577992
5.349	0.596133
5.35	0.618271
5.351	0.643382
5.352	0.670443
5.353	0.698491
5.354	0.726646
5.355	0.75413
5.356	0.780261
5.357	0.804456
5.358	0.826217
5.359	0.84513
5.36	0.860855
5.361	0.873125
5.362	0.881735
5.363	0.886547
5.364	0.887479
5.365	0.884514
5.366	0.877688
5.367	0.867101
5.368	0.85291
5.369	0.835333
5.37	0.814656
5.371	0.791231
5.372	0.765485
5.373	0.737923
5.374	0.709141
5.375	0.679826
5.376	0.650765
5.377	0.622847
5.378	0.597044
5.379	0.57439
5.38	0.555915
5.381	0.542564
5.382	0.535085
5.383	0.533916
5.384	0.539116
5.385	0.550349
5.386	0.566946
5.387	0.588009
5.388	0.612522
5.389	0.63945
5.39	0.667801
5.391	0.696672
5.392	0.725253
5.393	0.752842
5.394	0.778829
5.395	0.802697
5.396	0.824012
5.397	0.842412
5.398	0.857606
5.399	0.869367
5.4	0.877527
5.401	0.881976
5.402	0.882657
5.403	0.879569
5.404	0.872762
5.405	0.862337
5.406	0.848452
5.407	0.831314
5.408	0.811189
5.409	0.7884
5.41	0.76333
5.411	0.736428
5.412	0.708215
5.413	0.679284
5.414	0.650308
5.415	0.622039
5.416	0.595299
5.417	0.570966
5.418	0.549933
5.419	0.533053
5.42	0.521055
5.421	0.514455
5.422	0.513481
5.423	0.518027
5.424	0.52767
5.425	0.54173
5.426	0.559368
5.427	0.579667
5.428	0.601718
5.429	0.624661
5.43	0.647717
5.431	0.670202
5.432	0.691521
5.433	0.711173
5.434	0.728737
5.435	0.743872
5.436	0.756305
5.437	0.76583
5.438	0.772302
5.439	0.775636
5.44	0.7758
5.441	0.772817
5.442	0.766764
5.443	0.757768
5.444	0.74601
5.445	0.731723
5.446	0.715195
5.447	0.696767
5.448	0.676839
5.449	0.655866
5.45	0.63436
5.451	0.612887
5.452	0.592061
5.453	0.57253
5.454	0.554954
5.455	0.539971
5.456	0.528158
5.457	0.519976
5.458	0.515722
5.459	0.515497
5.46	0.519186
5.461	0.526471
5.462	0.536874
5.463	0.549799
5.464	0.564591
5.465	0.580579
5.466	0.597113
5.467	0.613586
5.468	0.629446
5.469	0.644208
5.47	0.657452
5.471	0.668823
5.472	0.678029
5.473	0.684839
5.474	0.689082
5.475	0.690645
5.476	0.689468
5.477	0.685548
5.478	0.678937
5.479	0.669743
5.48	0.658129
5.481	0.644319
5.482	0.628598
5.483	0.611316
5.484	0.592889
5.485	0.573806
5.486	0.554626
5.487	0.535979
5.488	0.51855
5.489	0.503065
5.49	0.49025
5.491	0.480782
5.492	0.475229
5.493	0.473977
5.494	0.477189
5.495	0.484774
5.496	0.496409
5.497	0.511585
5.498	0.529663
5.499	0.549945
5.5	0.57172