4.001	0.189272 # lost
4.001	0.189272
4.002	0.182948
4.003	0.175523
4.004	0.167054
4.005	0.157608
4.006	0.147264
4.007	0.136115
4.008	0.124266
4.009	0.111844
4.01	0.0990056
4.011	0.0859512
4.012	0.0729638
4.013	0.0604837
4.014	0.0492701
4.015	0.0406833
4.016	0.0367613
4.017	0.0388984
4.018	0.046082
4.019	0.0561531
4.02	0.0675299
4.021	0.0793246
4.022	0.0910371
4.023	0.102358
4.024	0.113076
4.025	0.123033
4.026	0.132104
4.027	0.140188
4.028	0.147198
4.029	0.153064
4.03	0.157729
4.031	0.161145
4.032	0.163277
4.033	0.164103
4.034	0.163609
4.035	0.161795
4.036	0.158671
4.037	0.154259
4.038	0.148594
4.039	0.141723
4.04	0.133709
4.041	0.124629
4.042	0.114584
4.043	0.103699
4.044	0.0921427
4.045	0.080152
4.046	0.0680901
4.047	0.0565709
4.048	0.0467106
4.049	0.0404447
4.05	0.0400497
4.051	0.0459822
4.052	0.0563874
4.053	0.0692543
4.054	0.083335
4.055	0.0979276
4.056	0.112609
4.057	0.127094
4.058	0.141171
4.059	0.154667
4.06	0.167436
4.061	0.179351
4.062	0.190297
4.063	0.200173
4.064	0.208887
4.065	0.216359
4.066	0.222518
4.067	0.227304
4.068	0.230668
4.069	0.232571
4.07	0.232984
4.071	0.23189
4.072	0.229282
4.073	0.225166
4.074	0.219558
4.075	0.212483
4.076	0.203981
4.077	0.1941
4.078	0.1829
4.079	0.17045
4.08	0.156831
4.081	0.142137
4.082	0.12647
4.083	0.109952
4.084	0.0927246
4.085	0.0749697
4.086	0.0569665
4.087	0.0392995
4.088	0.0239396
4.089	0.0191511
4.09	0.0306699
4.091	0.0478428
4.092	0.0662178
4.093	0.0847399
4.094	0.103006
4.095	0.120784
4.096	0.137898
4.097	0.154203
4.098	0.16957
4.099	0.183882
4.1	0.19703
4.101	0.208917
4.102	0.219455
4.103	0.228568
4.104	0.236186
4.105	0.242255
4.106	0.246727
4.107	0.24957
4.108	0.250762
4.109	0.250292
4.11	0.248163
4.111	0.244391
4.112	0.239003
4.113	0.232043
4.114	0.223565
4.115	0.213639
4.116	0.202351
4.117	0.189804
4.118	0.176119
4.119	0.161447
4.12	0.145969
4.121	0.12992
4.122	0.113618
4.123	0.0975274
4.124	0.0823788
4.125	0.0693876
4.126	0.0604774
4.127	0.0579084
4.128	0.0625864
4.129	0.0730705
4.13	0.0871025
4.131	0.102972
4.132	0.119626
4.133	0.136419
4.134	0.152933
4.135	0.168867
4.136	0.183995
4.137	0.198135
4.138	0.211137
4.139	0.222871
4.14	0.23323
4.141	0.242121
4.142	0.249469
4.143	0.255213
4.144	0.259307
4.145	0.261719
4.146	0.262435
4.147	0.261454
4.148	0.258793
4.149	0.254483
4.15	0.248577
4.151	0.241143
4.152	0.232274
4.153	0.222083
4.154	0.210713
4.155	0.198341
4.156	0.185188
4.157	0.171532
4.158	0.157728
4.159	0.144239
4.16	0.131668
4.161	0.12079
4.162	0.112533
4.163	0.107849
4.164	0.10744
4.165	0.111457
4.166	0.119436
4.167	0.130529
4.168	0.143812
4.169	0.158466
4.17	0.173833
4.171	0.189398
4.172	0.204756
4.173	0.219586
4.174	0.233625
4.175	0.246656
4.176	0.258497
4.177	0.268992
4.178	0.278011
4.179	0.285445
4.18	0.291202
4.181	0.295211
4.182	0.297416
4.183	0.29778
4.184	0.296283
4.185	0.292919
4.186	0.287705
4.187	0.280669
4.188	0.271864
4.189	0.261356
4.19	0.249237
4.191	0.23562
4.192	0.220645
4.193	0.20449
4.194	0.187376
4.195	0.169591
4.196	0.151526
4.197	0.133729
4.198	0.117007
4.199	0.102566
4.2	0.0921037
4.201	0.0875383
4.202	0.0900573
4.203	0.0992086
4.204	0.113321
4.205	0.130601
4.206	0.149673
4.207	0.169592
4.208	0.189708
4.209	0.20956
4.21	0.228798
4.211	0.247148
4.212	0.264385
4.213	0.280318
4.214	0.294785
4.215	0.307646
4.216	0.31878
4.217	0.328087
4.218	0.335482
4.219	0.340898
4.22	0.344282
4.221	0.345601
4.222	0.344836
4.223	0.341984
4.224	0.337058
4.225	0.33009
4.226	0.321123
4.227	0.310219
4.228	0.297457
4.229	0.28293
4.23	0.266747
4.231	0.249036
4.232	0.229944
4.233	0.209639
4.234	0.188322
4.235	0.16623
4.236	0.143673
4.237	0.121082
4.238	0.0991363
4.239	0.0790584
4.24	0.0632426
4.241	0.0557795
4.242	0.0598572
4.243	0.0733084
4.244	0.0916984
4.245	0.112142
4.246	0.133169
4.247	0.153997
4.248	0.174152
4.249	0.193308
4.25	0.211223
4.251	0.227702
4.252	0.242586
4.253	0.25574
4.254	0.26705
4.255	0.276426
4.256	0.283792
4.257	0.289094
4.258	0.292295
4.259	0.293377
4.26	0.292343
4.261	0.289215
4.262	0.284036
4.263	0.276873
4.264	0.267818
4.265	0.25699
4.266	0.244544
4.267	0.230671
4.268	0.215619
4.269	0.1997
4.27	0.183327
4.271	0.167048
4.272	0.151603
4.273	0.137988
4.274	0.12747
4.275	0.121442
4.276	0.121023
4.277	0.126542
4.278	0.137388
4.279	0.152384
4.28	0.170273
4.281	0.189987
4.282	0.210691
4.283	0.231752
4.284	0.252678
4.285	0.273079
4.286	0.292639
4.287	0.311092
4.288	0.328215
4.289	0.343812
4.29	0.357719
4.291	0.369794
4.292	0.379914
4.293	0.387982
4.294	0.393916
4.295	0.397658
4.296	0.399165
4.297	0.398418
4.298	0.395413
4.299	0.390168
4.3	0.382721
4.301	0.373126
4.302	0.361462
4.303	0.347825
4.304	0.332333
4.305	0.315128
4.306	0.296375
4.307	0.27627
4.308	0.255043
4.309	0.232972
4.31	0.210396
4.311	0.187752
4.312	0.165621
4.313	0.144816
4.314	0.126493
4.315	0.112245
4.316	0.103943
4.317	0.102982
4.318	0.109298
4.319	0.121349
4.32	0.137116
4.321	0.154896
4.322	0.173462
4.323	0.191973
4.324	0.209836
4.325	0.226617
4.326	0.241988
4.327	0.25569
4.328	0.267515
4.329	0.277293
4.33	0.284887
4.331	0.290188
4.332	0.293111
4.333	0.293596
4.334	0.291604
4.335	0.287118
4.336	0.280145
4.337	0.270711
4.338	0.258864
4.339	0.244676
4.34	0.22824
4.341	0.209678
4.342	0.189141
4.343	0.166824
4.344	0.142989
4.345	0.118026
4.346	0.0926231
4.347	0.0683042
4.348	0.049312
4.349	0.0456183
4.35	0.0614101
4.351	0.0872264
4.352	0.116804
4.353	0.147875
4.354	0.179476
4.355	0.211067
4.356	0.242268
4.357	0.272772
4.358	0.302315
4.359	0.330651
4.36	0.357556
4.361	0.382822
4.362	0.406252
4.363	0.427666
4.364	0.446899
4.365	0.463799
4.366	0.478233
4.367	0.490083
4.368	0.499251
4.369	0.505655
4.37	0.509233
4.371	0.509943
4.372	0.507763
4.373	0.50269
4.374	0.494743
4.375	0.48396
4.376	0.470401
4.377	0.454147
4.378	0.435299
4.379	0.41398
4.38	0.390333
4.381	0.364526
4.382	0.33675
4.383	0.307225
4.384	0.27621
4.385	0.244011
4.386	0.211021
4.387	0.177781
4.388	0.145137
4.389	0.114625
4.39	0.0894088
4.391	0.0756547
4.392	0.0796674
4.393	0.0990341
4.394	0.126399
4.395	0.157018
4.396	0.188618
4.397	0.22005
4.398	0.250637
4.399	0.279925
4.4	0.307572
4.401	0.333305
4.402	0.356895
4.403	0.378146
4.404	0.396891
4.405	0.412988
4.406	0.426317
4.407	0.436782
4.408	0.44431
4.409	0.448846
4.41	0.450363
4.411	0.44885
4.412	0.444323
4.413	0.436816
4.414	0.426387
4.415	0.413113
4.416	0.397092
4.417	0.378445
4.418	0.35731
4.419	0.333846
4.42	0.308233
4.421	0.28067
4.422	0.251383
4.423	0.220624
4.424	0.188693
4.425	0.155968
4.426	0.123001
4.427	0.0908138
4.428	0.0620235
4.429	0.0450146
4.43	0.053019
4.431	0.0784492
4.432	0.109264
4.433	0.141347
4.434	0.173289
4.435	0.204421
4.436	0.234327
4.437	0.262697
4.438	0.289279
4.439	0.313858
4.44	0.336248
4.441	0.356284
4.442	0.373828
4.443	0.38876
4.444	0.400987
4.445	0.410435
4.446	0.417057
4.447	0.420826
4.448	0.421744
4.449	0.419835
4.45	0.415152
4.451	0.407775
4.452	0.397813
4.453	0.385405
4.454	0.370725
4.455	0.353987
4.456	0.335447
4.457	0.315417
4.458	0.294277
4.459	0.272496
4.46	0.250663
4.461	0.229522
4.462	0.21002
4.463	0.193328
4.464	0.18079
4.465	0.17371
4.466	0.172969
4.467	0.178653
4.468	0.190008
4.469	0.205769
4.47	0.224569
4.471	0.245185
4.472	0.266619
4.473	0.288082
4.474	0.308952
4.475	0.328733
4.476	0.347025
4.477	0.363499
4.478	0.377883
4.479	0.389952
4.48	0.399522
4.481	0.406444
4.482	0.410603
4.483	0.411914
4.484	0.410322
4.485	0.405802
4.486	0.398357
4.487	0.38802
4.488	0.374854
4.489	0.358952
4.49	0.340443
4.491	0.319494
4.492	0.296317
4.493	0.271188
4.494	0.244465
4.495	0.216646
4.496	0.188452
4.497	0.16102
4.498	0.136251
4.499	0.117309
4.5	0.108607
4.501	0.11346
4.502	0.130867
4.503	0.156861
4.504	0.187831
4.505	0.221446
4.506	0.256295
4.507	0.29148
4.508	0.32638
4.509	0.360533
4.51	0.393573
4.511	0.425197
4.512	0.455148
4.513	0.483206
4.514	0.509184
4.515	0.532923
4.516	0.554293
4.517	0.573189
4.518	0.589536
4.519	0.603286
4.52	0.614417
4.521	0.622936
4.522	0.628878
4.523	0.632306
4.524	0.633311
4.525	0.632011
4.526	0.628552
4.527	0.623104
4.528	0.615865
4.529	0.607053
4.53	0.596907
4.531	0.585685
4.532	0.573655
4.533	0.561093
4.534	0.548278
4.535	0.535478
4.536	0.522948
4.537	0.510914
4.538	0.499564
4.539	0.489039
4.54	0.47942
4.541	0.470728
4.542	0.462914
4.543	0.455861
4.544	0.449395
4.545	0.443284
4.546	0.437259
4.547	0.431021
4.548	0.424253
4.549	0.416638
4.55	0.407864
4.551	0.397637
4.552	0.385685
4.553	0.371766
4.554	0.355667
4.555	0.337215
4.556	0.316267
4.557	0.292722
4.558	0.266515
4.559	0.237616
4.56	0.206034
4.561	0.171816
4.562	0.135047
4.563	0.0958709
4.564	0.054574
4.565	0.0136237
4.566	0.0370068
4.567	0.0838868
4.568	0.132766
4.569	0.183006
4.57	0.234267
4.571	0.286236
4.572	0.338597
4.573	0.39103
4.574	0.443209
4.575	0.494804
4.576	0.545483
4.577	0.594917
4.578	0.642779
4.579	0.688751
4.58	0.732524
4.581	0.773801
4.582	0.812301
4.583	0.847762
4.584	0.879941
4.585	0.90862
4.586	0.933605
4.587	0.954731
4.588	0.971862
4.589	0.984895
4.59	0.993759
4.591	0.998419
4.592	0.998875
4.593	0.995168
4.594	0.987372
4.595	0.975605
4.596	0.960022
4.597	0.940818
4.598	0.91823
4.599	0.892531
4.6	0.864037
4.601	0.8331
4.602	0.800109
4.603	0.76549
4.604	0.7297
4.605	0.693224
4.606	0.65657
4.607	0.620261
4.608	0.58482
4.609	0.550755
4.61	0.518538
4.611	0.488569
4.612	0.46115
4.613	0.436443
4.614	0.414437
4.615	0.394936
4.616	0.377548
4.617	0.361717
4.618	0.346763
4.619	0.331945
4.62	0.316524
4.621	0.299833
4.622	0.281358
4.623	0.260821
4.624	0.23834
4.625	0.214678
4.626	0.191738
4.627	0.173333
4.628	0.165687
4.629	0.175549
4.63	0.205562
4.631	0.253251
4.632	0.314701
4.633	0.386897
4.634	0.467883
4.635	0.556369
4.636	0.651423
4.637	0.75229
4.638	0.858297
4.639	0.968799
4.64	1.08315
4.641	1.20071
4.642	1.32078
4.643	1.44267
4.644	1.56565
4.645	1.68897
4.646	1.81188
4.647	1.93357
4.648	2.05326
4.649	2.17015
4.65	2.28342
4.651	2.39227
4.652	2.49592
4.653	2.59359
4.654	2.68453
4.655	2.76801
4.656	2.84335
4.657	2.90991
4.658	2.9671
4.659	3.01439
4.66	3.05132
4.661	3.07753
4.662	3.09272
4.663	3.09671
4.664	3.08943
4.665	3.07096
4.666	3.04151
4.667	3.00147
4.668	2.95143
4.669	2.89223
4.67	2.82495
4.671	2.75101
4.672	2.6722
4.673	2.59073
4.674	2.50931
4.675	2.43116
4.676	2.36006
4.677	2.30025
4.678	2.25629
4.679	2.23272
4.68	2.23364
4.681	2.26217
4.682	2.32008
4.683	2.40758
4.684	2.52342
4.685	2.6652
4.686	2.82979
4.687	3.01375
4.688	3.21356
4.689	3.42586
4.69	3.64749
4.691	3.87556
4.692	4.10742
4.693	4.34064
4.694	4.57304
4.695	4.80258
4.696	5.02743
4.697	5.24589
4.698	5.4564
4.699	5.65754
4.7	5.84801
4.701	6.02664
4.702	6.1924
4.703	6.34436
4.704	6.48173
4.705	6.60384
4.706	6.71018
4.707	6.80035
4.708	6.87412
4.709	6.93139
4.71	6.97222
4.711	6.99683
4.712	7.00562
4.713	6.99914
4.714	6.97813
4.715	6.9435
4.716	6.89637
4.717	6.83802
4.718	6.76993
4.719	6.69377
4.72	6.61139
4.721	6.5248
4.722	6.43618
4.723	6.34783
4.724	6.26213
4.725	6.18153
4.726	6.10842
4.727	6.04515
4.728	5.99384
4.729	5.95641
4.73	5.93438
4.731	5.92888
4.732	5.94054
4.733	5.96947
4.734	6.01526
4.735	6.077
4.736	6.15331
4.737	6.24245
4.738	6.34237
4.739	6.4508
4.74	6.56534
4.741	6.68351
4.742	6.80287
4.743	6.921
4.744	7.03557
4.745	7.1444
4.746	7.24544
4.747	7.33678
4.748	7.41672
4.749	7.48371
4.75	7.53637
4.751	7.57351
4.752	7.59413
4.753	7.59738
4.754	7.58261
4.755	7.54932
4.756	7.49717
4.757	7.42603
4.758	7.33586
4.759	7.22684
4.76	7.09925
4.761	6.95355
4.762	6.79032
4.763	6.61029
4.764	6.41431
4.765	6.20336
4.766	5.97856
4.767	5.74113
4.768	5.49244
4.769	5.23394
4.77	4.96724
4.771	4.69408
4.772	4.41631
4.773	4.13599
4.774	3.85533
4.775	3.57678
4.776	3.30309
4.777	3.03735
4.778	2.78312
4.779	2.54447
4.78	2.32612
4.781	2.13339
4.782	1.97196
4.783	1.84727
4.784	1.76347
4.785	1.72215
4.786	1.72144
4.787	1.75618
4.788	1.81908
4.789	1.90219
4.79	1.99809
4.791	2.10044
4.792	2.2042
4.793	2.30545
4.794	2.40124
4.795	2.48941
4.796	2.56842
4.797	2.63723
4.798	2.69522
4.799	2.74209
4.8	2.7778
4.801	2.8026
4.802	2.81689
4.803	2.82129
4.804	2.81656
4.805	2.8036
4.806	2.78341
4.807	2.7571
4.808	2.72583
4.809	2.69082
4.81	2.6533
4.811	2.6145
4.812	2.57559
4.813	2.53768
4.814	2.50175
4.815	2.46868
4.816	2.43916
4.817	2.41372
4.818	2.39271
4.819	2.37632
4.82	2.36461
4.821	2.35751
4.822	2.35492
4.823	2.35672
4.824	2.36287
4.825	2.37343
4.826	2.38864
4.827	2.40896
4.828	2.43508
4.829	2.46795
4.83	2.50878
4.831	2.559
4.832	2.62018
4.833	2.69399
4.834	2.78211
4.835	2.88606
4.836	3.00721
4.837	3.1466
4.838	3.30496
4.839	3.48266
4.84	3.6797
4.841	3.89577
4.842	4.13023
4.843	4.38222
4.844	4.65066
4.845	4.93432
4.846	5.23183
4.847	5.54175
4.848	5.86254
4.849	6.19266
4.85	6.53051
4.851	6.8745
4.852	7.22303
4.853	7.57454
4.854	7.92748
4.855	8.28037
4.856	8.63175
4.857	8.98025
4.858	9.32458
4.859	9.66352
4.86	9.99595
4.861	10.3209
4.862	10.6374
4.863	10.9447
4.864	11.2422
4.865	11.5294
4.866	11.8059
4.867	12.0716
4.868	12.3263
4.869	12.5703
4.87	12.8036
4.871	13.0269
4.872	13.2405
4.873	13.4452
4.874	13.6417
4.875	13.8311
4.876	14.0143
4.877	14.1924
4.878	14.3665
4.879	14.5378
4.88	14.7074
4.881	14.8765
4.882	15.0461
4.883	15.2172
4.884	15.3906
4.885	15.5671
4.886	15.7473
4.887	15.9314
4.888	16.1197
4.889	16.312
4.89	16.508
4.891	16.7074
4.892	16.9092
4.893	17.1127
4.894	17.3166
4.895	17.5197
4.896	17.7204
4.897	17.9172
4.898	18.1083
4.899	18.2919
4.9	18.4661
4.901	18.6291
4.902	18.7789
4.903	18.9136
4.904	19.0313
4.905	19.1303
4.906	19.2087
4.907	19.2649
4.908	19.2974
4.909	19.3047
4.91	19.2856
4.911	19.239
4.912	19.1637
4.913	19.0591
4.914	18.9245
4.915	18.7593
4.916	18.5633
4.917	18.3364
4.918	18.0786
4.919	17.7902
4.92	17.4716
4.921	17.1233
4.922	16.7462
4.923	16.3412
4.924	15.9092
4.925	15.4517
4.926	14.9699
4.927	14.4654
4.928	13.9398
4.929	13.3948
4.93	12.8324
4.931	12.2544
4.932	11.663
4.933	11.0601
4.934	10.4479
4.935	9.82864
4.936	9.20449
4.937	8.57769
4.938	7.95046
4.939	7.32499
4.94	6.70347
4.941	6.08805
4.942	5.48081
4.943	4.88381
4.944	4.29902
4.945	3.7284
4.946	3.17388
4.947	2.63749
4.948	2.12154
4.949	1.62926
4.95	1.16664
4.951	0.750232
4.952	0.448887
4.953	0.468149
4.954	0.748098
4.955	1.0814
4.956	1.41368
4.957	1.73238
4.958	2.03386
4.959	2.31719
4.96	2.58257
4.961	2.83082
4.962	3.06311
4.963	3.28092
4.964	3.4859
4.965	3.67985
4.966	3.86466
4.967	4.04226
4.968	4.21452
4.969	4.38327
4.97	4.55016
4.971	4.71669
4.972	4.88409
4.973	5.05332
4.974	5.22503
4.975	5.39957
4.976	5.57694
4.977	5.75685
4.978	5.93871
4.979	6.12166
4.98	6.30461
4.981	6.4863
4.982	6.66527
4.983	6.84
4.984	7.00885
4.985	7.17017
4.986	7.32229
4.987	7.46355
4.988	7.59236
4.989	7.70719
4.99	7.80663
4.991	7.88934
4.992	7.95416
4.993	8.00004
4.994	8.0261
4.995	8.03165
4.996	8.01615
4.997	7.9793
4.998	7.92097
4.999	7.84125
5	7.74048
5.001	7.61923
5.002	7.4783
5.003	7.31879
5.004	7.14207
5.005	6.94981
5.006	6.74404
5.007	6.52713
5.008	6.30182
5.009	6.07133
5.01	5.83928
5.011	5.60984
5.012	5.38761
5.013	5.17771
5.014	4.98561
5.015	4.817
5.016	4.67749
5.017	4.5722
5.018	4.50529
5.019	4.47946
5.02	4.49562
5.021	4.55271
5.022	4.64786
5.023	4.77675
5.024	4.93409
5.025	5.11414
5.026	5.31107
5.027	5.51928
5.028	5.73356
5.029	5.94919
5.03	6.16194
5.031	6.36809
5.032	6.56438
5.033	6.74799
5.034	6.91647
5.035	7.06777
5.036	7.20015
5.037	7.3122
5.038	7.40276
5.039	7.471
5.04	7.5163
5.041	7.53833
5.042	7.53696
5.043	7.51233
5.044	7.4648
5.045	7.39495
5.046	7.30359
5.047	7.19176
5.048	7.06072
5.049	6.91195
5.05	6.7472
5.051	6.56841
5.052	6.37781
5.053	6.17785
5.054	5.97128
5.055	5.76108
5.056	5.55052
5.057	5.34314
5.058	5.14269
5.059	4.95311
5.06	4.77841
5.061	4.62255
5.062	4.48923
5.063	4.38164
5.064	4.30223
5.065	4.25241
5.066	4.23245
5.067	4.24135
5.068	4.27697
5.069	4.33624
5.07	4.41536
5.071	4.5102
5.072	4.61647
5.073	4.72997
5.074	4.84675
5.075	4.96318
5.076	5.07598
5.077	5.18229
5.078	5.27961
5.079	5.3658
5.08	5.43908
5.081	5.49797
5.082	5.54129
5.083	5.56817
5.084	5.57794
5.085	5.57021
5.086	5.54482
5.087	5.50179
5.088	5.44138
5.089	5.36401
5.09	5.27033
5.091	5.16112
5.092	5.03739
5.093	4.90028
5.094	4.75114
5.095	4.59148
5.096	4.423
5.097	4.24758
5.098	4.06732
5.099	3.8845
5.1	3.70164
5.101	3.5215
5.102	3.34703
5.103	3.18141
5.104	3.02796
5.105	2.89003
5.106	2.77085
5.107	2.67327
5.108	2.59949
5.109	2.55074
5.11	2.52709
5.111	2.52735
5.112	2.54921
5.113	2.5895
5.114	2.64451
5.115	2.71034
5.116	2.78318
5.117	2.85946
5.118	2.936
5.119	3.00999
5.12	3.07903
5.121	3.14112
5.122	3.19457
5.123	3.23802
5.124	3.2704
5.125	3.29088
5.126	3.29883
5.127	3.29385
5.128	3.2757
5.129	3.24431
5.13	3.19976
5.131	3.14226
5.132	3.07213
5.133	2.98982
5.134	2.89586
5.135	2.79088
5.136	2.67561
5.137	2.55083
5.138	2.4174
5.139	2.27622
5.14	2.12828
5.141	1.97459
5.142	1.81622
5.143	1.6543
5.144	1.48999
5.145	1.32454
5.146	1.15934
5.147	0.995956
5.148	0.836322
5.149	0.683146
5.15	0.540796
5.151	0.417482
5.152	0.32957
5.153	0.301509
5.154	0.340337
5.155	0.421204
5.156	0.518881
5.157	0.620172
5.158	0.718862
5.159	0.811787
5.16	0.897153
5.161	0.973855
5.162	1.04117
5.163	1.09863
5.164	1.14593
5.165	1.1829
5.166	1.20948
5.167	1.22573
5.168	1.23177
5.169	1.22782
5.17	1.21416
5.171	1.19116
5.172	1.15924
5.173	1.11892
5.174	1.07074
5.175	1.01534
5.176	0.953416
5.177	0.885744
5.178	0.813188
5.179	0.736736
5.18	0.657549
5.181	0.577068
5.182	0.497208
5.183	0.420755
5.184	0.352084
5.185	0.298225
5.186	0.268929
5.187	0.271875
5.188	0.304913
5.189	0.358107
5.19	0.421926
5.191	0.490125
5.192	0.558961
5.193	0.626116
5.194	0.690058
5.195	0.749702
5.196	0.80424
5.197	0.853047
5.198	0.895636
5.199	0.931625
5.2	0.960723
5.201	0.982717
5.202	0.997469
5.203	1.00491
5.204	1.00503
5.205	0.997892
5.206	0.983611
5.207	0.962364
5.208	0.934387
5.209	0.899969
5.21	0.859461
5.211	0.813266
5.212	0.761855
5.213	0.705764
5.214	0.645614
5.215	0.58214
5.216	0.516238
5.217	0.449079
5.218	0.382312
5.219	0.318521
5.22	0.262118
5.221	0.220719
5.222	0.204744
5.223	0.219933
5.224	0.260287
5.225	0.315242
5.226	0.377146
5.227	0.441607
5.228	0.506093
5.229	0.569019
5.23	0.629299
5.231	0.686126
5.232	0.738869
5.233	0.787013
5.234	0.830134
5.235	0.867881
5.236	0.899965
5.237	0.926157
5.238	0.946278
5.239	0.960204
5.24	0.96786
5.241	0.969219
5.242	0.964302
5.243	0.953174
5.244	0.935946
5.245	0.912772
5.246	0.883847
5.247	0.849403
5.248	0.809712
5.249	0.765079
5.25	0.715842
5.251	0.662366
5.252	0.605046
5.253	0.5443
5.254	0.480565
5.255	0.414299
5.256	0.345976
5.257	0.276084
5.258	0.205135
5.259	0.133698
5.26	0.0627066
5.261	0.0171977
5.262	0.0820594
5.263	0.150824
5.264	0.218158
5.265	0.283372
5.266	0.345986
5.267	0.405579
5.268	0.461761
5.269	0.514176
5.27	0.562495
5.271	0.606422
5.272	0.645695
5.273	0.680083
5.274	0.709392
5.275	0.733464
5.276	0.752176
5.277	0.765446
5.278	0.773227
5.279	0.775509
5.28	0.772322
5.281	0.763731
5.282	0.749839
5.283	0.730784
5.284	0.706739
5.285	0.67791
5.286	0.644538
5.287	0.606893
5.288	0.56528
5.289	0.520033
5.29	0.47152
5.291	0.420152
5.292	0.366389
5.293	0.310777
5.294	0.254023
5.295	0.197214
5.296	0.142532
5.297	0.0960988
5.298	0.076745
5.299	0.101537
5.3	0.149394
5.301	0.203817
5.302	0.259648
5.303	0.314984
5.304	0.368858
5.305	0.420641
5.306	0.469857
5.307	0.516114
5.308	0.559076
5.309	0.59845
5.31	0.633981
5.311	0.665447
5.312	0.69266
5.313	0.715467
5.314	0.733744
5.315	0.747402
5.316	0.756383
5.317	0.760662
5.318	0.760245
5.319	0.75517
5.32	0.745505
5.321	0.731349
5.322	0.712828
5.323	0.690098
5.324	0.663341
5.325	0.632762
5.326	0.598592
5.327	0.561084
5.328	0.520513
5.329	0.477171
5.33	0.431373
5.331	0.383451
5.332	0.333762
5.333	0.282697
5.334	0.230704
5.335	0.178367
5.336	0.126666
5.337	0.0782449
5.338	0.0459159
5.339	0.0625703
5.34	0.106366
5.341	0.154734
5.342	0.203273
5.343	0.250715
5.344	0.296448
5.345	0.340066
5.346	0.381255
5.347	0.41975
5.348	0.455325
5.349	0.487785
5.35	0.516962
5.351	0.542714
5.352	0.564929
5.353	0.583516
5.354	0.598414
5.355	0.609587
5.356	0.617023
5.357	0.620735
5.358	0.620764
5.359	0.617171
5.36	0.610044
5.361	0.599489
5.362	0.58564
5.363	0.568645
5.364	0.548678
5.365	0.525928
5.366	0.500603
5.367	0.472931
5.368	0.443154
5.369	0.411535
5.37	0.378358
5.371	0.34393
5.372	0.308595
5.373	0.272747
5.374	0.236867
5.375	0.201592
5.376	0.167852
5.377	0.137168
5.378	0.112194
5.379	0.0971636
5.38	0.0961942
5.381	0.108807
5.382	0.130208
5.383	0.15591
5.384	0.183224
5.385	0.210681
5.386	0.237444
5.387	0.263
5.388	0.287014
5.389	0.309256
5.39	0.329562
5.391	0.34782
5.392	0.363954
5.393	0.377922
5.394	0.389708
5.395	0.399319
5.396	0.406786
5.397	0.412161
5.398	0.415515
5.399	0.416935
5.4	0.416525
5.401	0.414405
5.402	0.410707
5.403	0.405576
5.404	0.399166
5.405	0.391638
5.406	0.38316
5.407	0.373905
5.408	0.364044
5.409	0.353748
5.41	0.343183
5.411	0.332506
5.412	0.321864
5.413	0.311387
5.414	0.30119
5.415	0.291363
5.416	0.281975
5.417	0.273071
5.418	0.264671
5.419	0.256772
5.42	0.249353
5.421	0.242376
5.422	0.235795
5.423	0.229563
5.424	0.223637
5.425	0.217988
5.426	0.212606
5.427	0.207509
5.428	0.202747
5.429	0.198407
5.43	0.194613
5.431	0.191524
5.432	0.189328
5.433	0.188231
5.434	0.188436
5.435	0.190125
5.436	0.193435
5.437	0.198442
5.438	0.205148
5.439	0.213485
5.44	0.223322
5.441	0.234478
5.442	0.246741
5.443	0.259875
5.444	0.273641
5.445	0.287796
5.446	0.302104
5.447	0.316337
5.448	0.330276
5.449	0.343716
5.45	0.356462
5.451	0.368333
5.452	0.37916
5.453	0.388787
5.454	0.397072
5.455	0.403887
5.456	0.409119
5.457	0.412667
5.458	0.414448
5.459	0.414393
5.46	0.412448
5.461	0.408576
5.462	0.402757
5.463	0.394986
5.464	0.385276
5.465	0.373656
5.466	0.360174
5.467	0.344894
5.468	0.327901
5.469	0.309297
5.47	0.289209
5.471	0.267788
5.472	0.245216
5.473	0.22172
5.474	0.197586
5.475	0.1732
5.476	0.149117
5.477	0.126196
5.478	0.105858
5.479	0.0904374
5.48	0.0830973
5.481	0.0860435
5.482	0.0982336
5.483	0.116523
5.484	0.138127
5.485	0.161271
5.486	0.18489
5.487	0.208316
5.488	0.231097
5.489	0.252901
5.49	0.273472
5.491	0.2926
5.492	0.310113
5.493	0.325865
5.494	0.339731
5.495	0.35161
5.496	0.361419
5.497	0.369091
5.498	0.374581
5.499	0.377859
5.5	0.378917
5.501	0.377761
5.502	0.374418
5.503	0.368934
5.504	0.361375
5.505	0.351826
5.506	0.340396
5.507	0.327215
5.508	0.312442
5.509	0.296266
5.51	0.278911
5.511	0.26065
5.512	0.241813
5.513	0.222812
5.514	0.204163
5.515	0.186527
5.516	0.170739
5.517	0.157809
5.518	0.148845
5.519	0.144816
5.52	0.146217
5.521	0.152845
5.522	0.163891
5.523	0.178266
5.524	0.194893
5.525	0.212856
5.526	0.231423
5.527	0.250024
5.528	0.268214
5.529	0.28564
5.53	0.302018
5.531	0.317117
5.532	0.330748
5.533	0.342756
5.534	0.353013
5.535	0.36142
5.536	0.367897
5.537	0.372386
5.538	0.374852
5.539	0.375275
5.54	0.373657
5.541	0.370016
5.542	0.364389
5.543	0.356832
5.544	0.347416
5.545	0.336232
5.546	0.323389
5.547	0.309017
5.548	0.293266
5.549	0.276311
5.55	0.258356
5.551	0.239644
5.552	0.220463
5.553	0.201169
5.554	0.182208
5.555	0.164159
5.556	0.147772
5.557	0.134002
5.558	0.123965
5.559	0.118716
5.56	0.118856
5.561	0.124197
5.562	0.133847
5.563	0.146613
5.564	0.161366
5.565	0.17719
5.566	0.193396
5.567	0.209469
5.568	0.225024
5.569	0.239768
5.57	0.253476
5.571	0.265974
5.572	0.277124
5.573	0.286823
5.574	0.294992
5.575	0.301577
5.576	0.306549
5.577	0.309894
5.578	0.311621
5.579	0.311759
5.58	0.310352
5.581	0.307466
5.582	0.303185
5.583	0.297612
5.584	0.290869
5.585	0.2831
5.586	0.27447
5.587	0.265165
5.588	0.255398
5.589	0.245403
5.59	0.23544
5.591	0.225791
5.592	0.216755
5.593	0.208639
5.594	0.201741
5.595	0.196328
5.596	0.192612
5.597	0.190719
5.598	0.190671
5.599	0.192384
5.6	0.195678
5.601	0.200297
5.602	0.205945
5.603	0.212308
5.604	0.21908
5.605	0.225974
5.606	0.232734
5.607	0.239135
5.608	0.244984
5.609	0.250121
5.61	0.254416
5.611	0.257767
5.612	0.260099
5.613	0.261362
5.614	0.26153
5.615	0.260601
5.616	0.258597
5.617	0.255561
5.618	0.251562
5.619	0.246692
5.62	0.241067
5.621	0.234829
5.622	0.22815
5.623	0.221225
5.624	0.214279
5.625	0.207561
5.626	0.20134
5.627	0.195895
5.628	0.1915
5.629	0.188404
5.63	0.186806
5.631	0.186832
5.632	0.188519
5.633	0.191811
5.634	0.196568
5.635	0.202581
5.636	0.209601
5.637	0.217357
5.638	0.225575
5.639	0.233993
5.64	0.242367
5.641	0.250472
5.642	0.258111
5.643	0.265108
5.644	0.271308
5.645	0.276582
5.646	0.280817
5.647	0.283924
5.648	0.285829
5.649	0.286479
5.65	0.285836
5.651	0.283882
5.652	0.280614
5.653	0.276049
5.654	0.270219
5.655	0.263175
5.656	0.254988
5.657	0.24575
5.658	0.235575
5.659	0.224604
5.66	0.213006
5.661	0.200991
5.662	0.188808
5.663	0.176763
5.664	0.165224
5.665	0.154629
5.666	0.145481
5.667	0.138319
5.668	0.133658
5.669	0.131882
5.67	0.13315
5.671	0.137343
5.672	0.1441
5.673	0.152919
5.674	0.163255
5.675	0.174596
5.676	0.18649
5.677	0.198556
5.678	0.210477
5.679	0.221991
5.68	0.23288
5.681	0.242965
5.682	0.252093
5.683	0.260141
5.684	0.267007
5.685	0.272607
5.686	0.276876
5.687	0.279767
5.688	0.281247
5.689	0.281298
5.69	0.279919
5.691	0.277121
5.692	0.27293
5.693	0.267387
5.694	0.260548
5.695	0.252483
5.696	0.243279
5.697	0.233042
5.698	0.221897
5.699	0.209991
5.7	0.197501
5.701	0.184639
5.702	0.171659
5.703	0.158874
5.704	0.146667
5.705	0.135507
5.706	0.125947
5.707	0.118595
5.708	0.114034
5.709	0.112672
5.71	0.114614
5.711	0.119611
5.712	0.127152
5.713	0.136618
5.714	0.147402
5.715	0.158979
5.716	0.170916
5.717	0.182869
5.718	0.194562
5.719	0.205777
5.72	0.216337
5.721	0.226102
5.722	0.23496
5.723	0.24282
5.724	0.249614
5.725	0.255292
5.726	0.259818
5.727	0.263174
5.728	0.265356
5.729	0.266373
5.73	0.266248
5.731	0.265018
5.732	0.262734
5.733	0.259458
5.734	0.255268
5.735	0.250253
5.736	0.244518
5.737	0.23818
5.738	0.231371
5.739	0.224236
5.74	0.216935
5.741	0.209639
5.742	0.202531
5.743	0.195799
5.744	0.189633
5.745	0.184216
5.746	0.179715
5.747	0.176264
5.748	0.173958
5.749	0.172839
5.75	0.172893
5.751	0.174049
5.752	0.176189
5.753	0.179158
5.754	0.182779
5.755	0.186862
5.756	0.191223
5.757	0.195684
5.758	0.200083
5.759	0.204273
5.76	0.208128
5.761	0.211542
5.762	0.214424
5.763	0.216705
5.764	0.218329
5.765	0.219261
5.766	0.219477
5.767	0.218969
5.768	0.217744
5.769	0.215822
5.77	0.213234
5.771	0.210026
5.772	0.206253
5.773	0.201984
5.774	0.197296
5.775	0.19228
5.776	0.187033
5.777	0.181662
5.778	0.17628
5.779	0.171004
5.78	0.165955
5.781	0.161247
5.782	0.15699
5.783	0.15328
5.784	0.15019
5.785	0.147773
5.786	0.146047
5.787	0.145001
5.788	0.14459
5.789	0.144744
5.79	0.145367
5.791	0.146348
5.792	0.147568
5.793	0.148906
5.794	0.150243
5.795	0.15147
5.796	0.152488
5.797	0.15321
5.798	0.153564
5.799	0.153492
5.8	0.152953
5.801	0.15192
5.802	0.150383
5.803	0.148346
5.804	0.145831
5.805	0.142878
5.806	0.139544
5.807	0.135903
5.808	0.132052
5.809	0.128105
5.81	0.124199
5.811	0.120489
5.812	0.117147
5.813	0.114352
5.814	0.112281
5.815	0.111097
5.816	0.110925
5.817	0.111842
5.818	0.113863
5.819	0.116944
5.82	0.120987
5.821	0.125855
5.822	0.131389
5.823	0.137419
5.824	0.143778
5.825	0.150306
5.826	0.156857
5.827	0.163297
5.828	0.169506
5.829	0.175379
5.83	0.180823
5.831	0.185757
5.832	0.190113
5.833	0.193835
5.834	0.196876
5.835	0.1992
5.836	0.200783
5.837	0.201609
5.838	0.201674
5.839	0.200983
5.84	0.199552
5.841	0.197407
5.842	0.194585
5.843	0.191133
5.844	0.187112
5.845	0.18259
5.846	0.177651
5.847	0.172391
5.848	0.166917
5.849	0.161351
5.85	0.155827
5.851	0.150488
5.852	0.145487
5.853	0.140981
5.854	0.137122
5.855	0.134048
5.856	0.131872
5.857	0.13067
5.858	0.130474
5.859	0.131263
5.86	0.132972
5.861	0.135492
5.862	0.138688
5.863	0.142407
5.864	0.146489
5.865	0.150779
5.866	0.155129
5.867	0.159405
5.868	0.163487
5.869	0.16727
5.87	0.170665
5.871	0.173596
5.872	0.176003
5.873	0.177837
5.874	0.179064
5.875	0.179662
5.876	0.17962
5.877	0.178939
5.878	0.177634
5.879	0.17573
5.88	0.173262
5.881	0.17028
5.882	0.166845
5.883	0.16303
5.884	0.158922
5.885	0.154618
5.886	0.150232
5.887	0.145885
5.888	0.141712
5.889	0.137852
5.89	0.134446
5.891	0.131631
5.892	0.129529
5.893	0.128236
5.894	0.127818
5.895	0.128297
5.896	0.129654
5.897	0.131828
5.898	0.134726
5.899	0.138228
5.9	0.142201
5.901	0.146505
5.902	0.151004
5.903	0.155566
5.904	0.16007
5.905	0.164404
5.906	0.168472
5.907	0.172187
5.908	0.175476
5.909	0.178277
5.91	0.18054
5.911	0.182224
5.912	0.183301
5.913	0.183751
5.914	0.183564
5.915	0.182742
5.916	0.181294
5.917	0.17924
5.918	0.176607
5.919	0.173434
5.92	0.169769
5.921	0.165669
5.922	0.161201
5.923	0.156443
5.924	0.151483
5.925	0.146419
5.926	0.141359
5.927	0.136422
5.928	0.131731
5.929	0.127416
5.93	0.123604
5.931	0.120415
5.932	0.117952
5.933	0.116294
5.934	0.115484
5.935	0.115528
5.936	0.116389
5.937	0.117998
5.938	0.120254
5.939	0.123038
5.94	0.126222
5.941	0.129676
5.942	0.133275
5.943	0.136906
5.944	0.140462
5.945	0.143854
5.946	0.147002
5.947	0.149842
5.948	0.152318
5.949	0.15439
5.95	0.156026
5.951	0.157205
5.952	0.157917
5.953	0.15816
5.954	0.157942
5.955	0.15728
5.956	0.156199
5.957	0.154733
5.958	0.152922
5.959	0.150816
5.96	0.148471
5.961	0.145949
5.962	0.143318
5.963	0.140652
5.964	0.138027
5.965	0.13552
5.966	0.133209
5.967	0.131167
5.968	0.129459
5.969	0.128142
5.97	0.127257
5.971	0.126831
5.972	0.126872
5.973	0.127371
5.974	0.128302
5.975	0.129622
5.976	0.13128
5.977	0.133213
5.978	0.135353
5.979	0.137634
5.98	0.139987
5.981	0.142347
5.982	0.144656
5.983	0.14686
5.984	0.148912
5.985	0.150773
5.986	0.152409
5.987	0.153798
5.988	0.154921
5.989	0.155767
5.99	0.156334
5.991	0.156625
5.992	0.156649
5.993	0.15642
5.994	0.15596
5.995	0.155291
5.996	0.154444
5.997	0.153448
5.998	0.152339
5.999	0.151152
6	0.14992