0.874	2.60033
0.883	2.34299
0.89	2.29451
0.862	2.54057
0.969	2.36738
0.847	2.58095
0.95	2.37996
0.836	2.54239
1.389	2.81597
1.379	2.96623
1.402	2.70066
1.372	2.53524
1.383	2.58352
1.394	2.78698
1.386	2.91073
1.378	2.70949
1.862	3.03122
1.842	3.20237
1.861	3.19845
1.876	2.9492
1.919	3.12049
1.88	3.28639
1.913	3.17757
1.911	2.97454
1.945	2.89119
1.917	2.79296
1.888	2.88878
2.589	3.52247
2.55	3.38226
2.53	3.36934
2.511	3.48503
2.52	3.52718
2.512	3.48523
2.489	3.46877
2.522	3.44018
2.517	3.43504
2.541	3.4641
2.509	3.5012
2.518	3.48912
3.196	4.54719
3.196	4.57774
3.175	4.51378
3.194	4.49003
3.172	4.41526
3.133	4.38067
3.149	4.26651
3.133	4.17656
3.585	5.53073
3.586	5.75141
3.577	5.64588
3.66	5.77481
3.672	6.01578
3.655	5.90186
3.569	5.78983
3.548	5.50927
3.553	5.61823
3.596	5.74805
3.616	5.59435
3.89	7.84459
3.914	8.42687
3.921	8.71227
3.92	8.22153
3.872	8.39855
3.855	8.08787
3.876	7.86602
3.873	8.11039
3.833	7.70699
3.791	6.83746
3.811	6.83004
3.828	7.37082
3.858	7.1911
3.875	7.39223
3.909	8.33926
3.929	8.62936
3.921	8.48801
3.982	9.80179
3.999	10.2056
3.955	9.40164
3.931	9.29568
3.962	9.63012
4	9.89013
3.96	9.49217
3.959	9.61089
3.981	9.77788
3.975	9.73046
3.976	10.1111
4.003	10.3546
4.006	10.1031
3.962	9.79163
3.99	9.54982
4.026	9.97887
3.991	10.2296
4.004	9.48147
3.984	9.64102
4.184	11.6613
4.135	11.4505
4.123	11.3329
4.169	12.0229
4.191	12.4851
4.196	12.5028
4.214	12.8208
4.225	13.1266
4.187	12.0765
4.13	11.591
4.226	12.9121
4.139	11.7225
4.154	11.1675
4.139	11.4921
4.092	11.1852
4.167	12.0747
4.119	11.3498
4.113	10.9773
4.128	11.055
4.084	11.0151
4.139	11.2775
4.077	10.8584
4.107	10.4725
4.032	10.6232
4.114	10.9167
4.066	10.9021
4.083	10.483
4.041	10.8931
4.114	11.0318
4.071	10.5143
4.098	10.4135
4.032	10.4305
4.087	10.7746
4.138	11.5049
4.164	11.7368
4.096	10.8623
4.104	10.7981
4.101	11.0174
4.112	11.259
4.172	12.2053
4.17	11.8836
4.147	11.7595
4.142	11.4987
4.093	10.9423
4.13	11.3432
4.106	11.12
4.141	11.3753
4.124	11.3743
4.145	11.5117
4.157	11.6616
4.164	11.6851
4.17	12.1735
4.159	11.8891
4.149	11.6676
4.183	12.5207
4.16	11.8233
4.094	10.9336
4.118	10.7757
4.071	10.698
4.129	11.2403
4.157	11.9563
4.173	11.8956
4.123	11.3695
4.221	12.9322
4.207	12.6729
4.104	11.1158
4.168	11.7949
4.146	11.979
4.162	11.733
4.185	12.6536
4.331	15.7623
4.201	13.0239
4.274	14.2407
4.287	14.6628
4.238	13.205
4.257	13.6855
4.286	15.2748
4.316	16.2387
4.331	16.4945
4.298	15.0246
4.304	14.7876
4.354	16.5117
4.375	17.7674
4.413	19.6109
4.417	19.9796
4.352	17.3011
4.342	16.6513
4.353	17.4167
4.309	16.2397
4.312	16.0063
4.343	16.8417
4.33	16.2369
4.315	15.1103
4.309	14.9978
4.308	15.2673
4.304	15.6138
4.257	14.3297
4.285	14.5688
4.314	16.1878
4.286	15.1135
4.347	16.1158
4.378	17.4015
4.332	15.8335
4.324	15.6838
4.356	16.9675
4.318	16.4013
4.306	15.8601
4.311	15.8697
4.303	15.3336
4.306	14.6664
4.265	13.7841
4.51	28.3661
4.434	21.1336
4.385	18.2164
4.433	21.1517
4.434	21.3997
4.399	19.7997
4.425	21.0698
4.437	22.0538
4.387	19.3069
4.36	18.0046
4.411	20.1613
4.413	20.3452
4.351	17.4717
4.351	17.3801
4.416	19.8424
4.397	18.9037
4.358	17.3806
4.416	19.9207
4.459	23.5124
4.475	25.4173
4.497	27.5637
4.55	33.3738
4.57	40.9151
4.576	43.9007
4.575	42.0539
4.552	37.3097
4.502	27.4587
4.386	18.5399
4.398	18.5157
4.452	22.018
4.472	24.3255
4.486	26.2974
4.49	26.9934
4.482	26.4311
4.467	25.2805
4.45	23.5003
4.451	23.1717
4.489	25.8635
4.508	29.0852
4.514	29.9714
4.493	27.5279
4.449	23.9556
4.447	23.016
4.454	23.5749
4.479	25.2547
4.504	28.0509
4.515	29.8176
4.526	31.3651
4.531	32.4357
4.527	32.2857
4.52	31.0596
4.45	23.1273
4.476	24.825
4.498	27.1243
4.511	29.4529
4.511	29.9008
4.494	27.6174
4.448	23.8046
4.446	22.8013
4.479	25.1083
4.486	25.9331
4.486	26.0259
4.484	26.1936
4.463	24.4297
4.455	24.0927
4.485	26.5605
4.494	27.6103
4.488	26.6294
4.485	26.0505
4.488	26.4188
4.491	26.966
4.487	26.9685
4.499	27.8721
4.507	29.0521
4.501	27.8134
4.495	26.8993
4.503	28.1335
4.499	28.335
4.479	25.791
4.417	21.539
4.414	20.8739
4.484	25.3778
4.521	30.3313
4.523	31.5305
4.507	29.1573
4.49	27.7115
4.505	28.5961
4.509	29.3959
4.488	26.2204
4.454	23.0077
4.487	25.8354
4.518	30.1836
4.534	32.3312
4.546	35.1664
4.544	35.6901
4.509	28.3625
4.426	21.337
4.461	23.7087
4.51	28.9183
4.526	31.2922
4.521	31.4533
4.511	29.5521
4.491	26.8983
4.452	23.7129
4.45	23.4659
4.58	44.6798
4.573	42.5725
4.573	44.2201
4.583	45.6917
4.6	48.1673
4.594	52.2112
4.601	53.0736
4.611	52.3415
4.605	54.5732
4.614	56.177
4.628	57.1687
4.62	60.7979
4.627	61.2872
4.62	58.7497
4.6	56.365
4.602	52.3081
4.602	50.2839
4.588	50.8559
4.588	49.2888
4.591	46.7435
4.581	47.1707
4.584	47.7461
4.598	47.5936
4.594	49.891
4.586	50.2384
4.588	47.1198
4.584	46.0115
4.591	48.9872
4.593	46.2502
4.582	47.946
4.591	48.7611
4.609	50.3462
4.608	54.9191
4.61	55.8829
4.624	55.3351
4.614	58.5687
4.618	58.8239
4.632	58.5707
4.618	61.0851
4.627	59.7
4.629	59.1396
4.616	60.681
4.661	78.5267
4.676	80.8489
4.671	82.969
4.644	83.7362
4.656	79.9259
4.633	79.0155
4.648	75.3606
4.655	74.9259
4.645	76.8628
4.661	75.2538
4.638	75.8038
4.643	73.0988
4.644	70.6322
4.635	71.4448
4.66	70.8682
4.659	73.6752
4.659	76.5028
4.666	77.6658
4.648	80.5561
4.667	79.6137
4.647	81.3706
4.655	80.9489
4.665	81.1048
4.644	82.7585
4.659	79.6706
4.644	80.0019
4.652	78.225
4.654	77.7241
4.639	78.2726
4.666	75.7843
4.658	78.9529
4.676	81.0272
4.66	83.1069
4.645	82.5062
4.662	79.8263
4.649	81.8398
4.665	80.3641
4.65	81.5995
4.654	82.2483
4.672	81.8128
4.675	88.2408
4.667	88.487
4.654	88.1656
4.668	85.3236
4.645	86.247
4.66	83.0984
4.648	82.3013
4.649	81.4126
4.673	80.6188
4.668	82.9725
4.708	84.8155
4.699	86.5178
4.745	84.7971
4.74	78.9274
4.772	73.8031
4.77	69.0019
4.756	68.2678
4.741	71.3536
4.697	76.1691
4.687	80.2563
4.669	83.1941
4.814	18.2262
4.545	12.247
4.9	25.0051
4.927	25.9589
5.159	14.9094
5.141	14.0819
4.932	23.8597
4.932	20.3072
5.38	11.2204
4.916	18.9728
4.955	18.196
5.322	11.5176
4.94	19.7886
4.988	19.7935
5.209	13.1658
5.004	17.2588
4.943	23.8999
4.993	19.6721
5.184	12.9932
5.07	15.2847
5	18.4662
5.189	13.7832
5.084	15.4792
4.936	24.4223
4.932	25.1427
5.136	15.2937
5.086	15.3994
4.87	28.6578
4.882	33.3364
4.935	23.6111
5.206	13.0903
4.956	18.852
4.887	29.9644
4.909	26.6822
5.211	12.8971
5.087	13.8262
4.917	25.1139
4.933	24.7229
5.152	14.1645
5.175	12.8669
4.998	19.4268
5.041	18.5523
5.121	15.4267
5.035	18.3651
4.931	25.1012
4.91	29.2464
4.907	30.128
4.925	26.8531
5.036	17.8289
5.076	15.6844
4.882	27.4537
4.854	36.8225
4.863	32.3737
4.628	17.7332
4.98	18.0329
5.25	11.99
4.904	22.9589
4.902	26.3981
4.548	13.0281
4.87	15.4845
4.896	27.5
4.971	22.1468
5.198	14.1693
4.96	20.0677
4.881	30.557
4.891	33.0515
4.915	29.2961
4.956	24.6885
4.957	24.0631
4.944	26.0374
4.904	29.4244
4.864	35.5595
4.857	39.8284
4.864	38.3231
4.881	35.471
4.881	35.3143
4.878	35.9038
4.881	34.8368
4.895	32.3992
4.919	29.5839
4.933	27.2028
4.925	27.4799
4.904	30.1208
4.903	30.1723
4.95	26.3078
4.92	26.7386
5.017	18.1294
5.249	12.0214
4.986	17.8891
4.987	19.0286
5.248	12.4743
5.031	16.7513
4.914	26.7416
4.922	27.426
5.035	18.4546
5.174	13.8375
5.015	18.575
4.96	23.7496
4.932	26.6046
4.902	30.118
4.906	29.8823
4.966	22.6946
5.102	15.7449
5.021	18.1281
4.942	23.7298
4.988	22.2678
4.986	22.1275
4.94	25.4532
4.968	22.431
5.148	15.2783
4.995	18.9211
4.89	28.584
4.929	23.9705
5.243	13.0926
4.956	18.6239
4.902	28.4794
4.937	25.3819
5.142	15.5504
5.029	17.3088
4.862	30.5998
4.852	39.252
4.862	38.6105
4.91	29.0897
5.055	19.1511
5.014	19.609
4.914	26.9007
4.906	29.935
4.925	27.8482
4.963	22.7199
5.086	15.7566
5.059	16.3167
4.909	26.1371
4.893	31.4718
4.92	28.8355
4.966	24.2568
5.004	21.287
4.984	22.0571
4.914	27.3124
4.89	32.0342
4.903	28.8051
5.069	16.2621
5.152	13.5131
4.99	16.4075
5.256	11.1464
5.246	10.9304
5.005	16.9138
5.335	11.0929
5.047	13.8308
5.016	16.1753
5.37	10.7013
4.991	15.7695
5.081	13.3905
5.323	10.4397
5.068	13.7106
5.343	10.6285
5.142	12.1588
5.232	10.9723
5.313	10.2715
5.077	13.934
5.373	10.4038
5.117	12.2585
5.187	11.3928
5.366	9.70952
5.049	14.9627
5.246	11.3007
5.217	11.3056
5.053	14.5932
5.322	11.006
5.101	13.8551
5.059	15.4107
5.283	11.5897
5.038	15.4379
5.067	15.1132
5.292	11.567
5.026	15.5932
5.203	11.687
5.26	11.3233
5.014	17.2389
5.246	11.815
5.192	11.6677
5.024	16.3598
5.275	11.7498
5.104	13.6951
5.01	17.2967
5.297	11.2929
5.139	12.2736
5.148	12.4434
5.34	10.3498
5.125	12.2981
5.312	10.8021
5.115	12.8843
5.138	13.4977
5.218	12.2612
5.094	14.7618
5.176	12.2737
5.264	11.1776
5.074	14.6268
5.246	11.788
5.166	12.3598
5.027	17.0006
5.148	13.4238
5.218	12.1805
5.098	13.993
5.276	10.9912
5.226	10.9697
5.195	12.1307
5.237	11.3459
5.17	11.9187
5.252	11.2772
5.247	10.6166
5.263	10.8354
5.194	11.9727
5.19	12.1839
5.192	12.1375
5.138	13.4706
5.136	14.2278
5.143	14.2032
5.137	13.6515
5.183	12.3547
5.163	12.876
5.143	13.4984
5.214	12.2016
5.141	13.1928
5.102	14.1026
5.224	11.8277
5.195	12.1373
5.173	12.2218
5.265	10.995
5.242	10.1101
5.375	9.60762
5.249	9.71126
5.384	9.50027
5.212	10.4889
5.374	9.51605
5.238	10.2675
5.272	10.5346
5.256	10.7129
5.196	11.5686
5.287	10.7453
5.181	11.3203
5.305	10.4482
5.239	10.442
5.264	10.5633
5.261	10.6959
5.231	10.7931
5.298	10.4047
5.182	11.9566
5.24	10.8857
5.319	9.9227
5.213	11.1222
5.274	10.6423
5.203	11.7387
5.172	12.478
5.243	11.3012
5.193	11.9193
5.184	12.8322
5.166	12.9811
5.168	12.5734
5.231	11.6485
5.19	12.1289
5.206	11.6814
5.207	11.8307
5.112	14.2968
5.141	14.3001
5.168	13.3078
5.153	12.7541
5.253	11.1629
5.181	12.3761
5.143	12.7766
5.302	10.7461
5.128	13.0956
5.229	11.155
4.991	18.3625
5.295	11.5816
5.106	12.6537
5.008	16.7059
5.346	10.9211
5.028	14.3178
5.112	13.0458
5.272	11.6019
5.012	16.5217
5.403	10.4413
5.053	11.6429
5.089	13.3289
5.343	10.7381
5.051	14.959
5.276	11.9216
5.186	12.1154
5.075	14.0517
5.326	11.0436
5.074	14.2426
5.172	12.6626
5.226	11.86
5.061	15.4604
5.204	12.7752
5.143	13.4981
5.04	16.5973
5.212	12.4468
5.232	11.512
5.185	12.3603
5.225	11.7736
5.153	13.1906
5.168	13.4721
5.149	13.8609
5.088	15.1043
5.19	12.5007
5.22	12.2317
5.101	15.4783
5.105	15.8244
5.231	11.3028
5.237	10.3894
5.395	9.60392
5.177	11.7589
5.31	10.7164
5.176	11.6146
5.325	10.472
5.238	10.9092
5.215	12.0071
5.251	11.6752
5.165	11.7174
5.371	10.0057
5.195	11.1413
5.309	10.4059
5.275	10.2858
5.254	10.6645
5.299	10.4481
5.205	11.2212
5.284	10.7863
5.213	11.4249
5.215	11.8353
5.202	11.9695
5.24	11.6162
5.21	11.9283
5.269	10.6799
5.236	10.6951
5.315	10.3439
5.204	10.5154
5.403	9.58738
5.226	9.95309
5.378	9.93251
5.204	10.7931
5.346	10.0932
5.261	9.80634
5.373	9.62045
5.222	10.7249
5.343	9.90177
5.34	9.07866
5.321	9.88159
5.321	9.74068
5.298	9.94134
5.328	9.64106
5.311	9.79533
5.29	10.0842
5.32	9.74869
5.33	9.66341
5.313	9.67785
5.35	9.51014
5.41	8.79166
5.408	8.65963
5.43	7.87806
5.492	8.22858
5.476	7.18599
5.462	7.98245
5.437	8.09757
5.42	8.21139
5.423	8.29475
5.397	8.47002
5.401	8.79716
5.386	8.7719
5.382	8.91474
5.407	8.71827
5.352	9.28312
5.17	9.54775
5.506	8.54906
5.303	7.78435
5.391	9.43319
5.263	9.28196
5.358	9.7486
5.146	11.5394
5.35	9.87682
5.192	10.4625
5.304	10.5878
5.283	9.03389
5.362	9.96756
5.129	12.1539
5.358	10.3058
5.153	11.8294
5.247	11.2887
5.27	10.6112
5.223	10.4478
5.355	9.56752
5.192	10.5845
5.339	10.1728
5.155	11.3646
5.277	11.4644
5.088	14.3188
5.124	13.9733
5.228	11.2159
5.223	11.4323
5.226	10.5491
5.382	9.6548
5.243	9.73564
5.35	10.1204
5.153	11.7986
5.299	10.6611
5.236	10.3116
5.365	9.29547
5.28	9.65769
5.305	9.65795
5.365	8.80156
5.423	8.34579
5.36	8.02014
5.404	9.18008
5.238	9.07846
5.451	8.94075
5.231	9.21043
5.422	9.00473
5.242	9.83076
5.359	9.53059
5.261	9.6763
5.307	10.0474
5.254	10.161
5.361	9.39694
5.257	9.62104
5.378	9.45676
5.177	10.7564
5.272	10.6076
5.263	10.225
5.269	9.9299
5.355	9.33719
5.253	10.1156
5.335	9.76484
5.241	10.4106
5.334	9.67679
5.312	9.31222
5.306	9.77243
5.309	9.32153
5.285	10.1959
5.24	10.0788
5.388	9.56428
5.138	12.5644
5.322	10.3425
5.25	10.5621
5.202	10.7462
5.389	9.41189
5.792	5.33266
5.785	5.70139
5.79	5.51644
5.799	5.10015
5.798	5.08463
5.79	5.41465
5.764	5.60377
5.758	5.62017
5.755	5.4532
5.727	5.53147
5.72	5.61781
5.739	5.61291
5.755	5.75603
6.057	4.11553
6.053	4.17864
6.057	4.23589
6.032	4.16924
6.05	4.29152
6.028	4.36742
5.993	4.44939
6.018	4.42886
6.026	4.2763
6.046	4.44846
6.054	4.34243
6.041	4.21002
6.467	3.13051
6.483	3.19662
6.461	3.13518
6.462	3.04316
6.514	3.0447
6.516	3.07329
6.517	3.03321
6.53	3.03206
6.551	3.02452
6.795	2.63708
6.805	2.64836
6.774	2.66057
6.768	2.7005
6.747	2.6473
6.703	2.66551
6.707	2.74529
6.706	2.80598
6.71	2.77494
6.722	2.72481
6.958	2.38346
6.994	2.24955
6.992	2.36666
6.96	2.42741
6.897	2.43215
6.917	2.4897
6.913	2.50355
7.403	1.9498
7.452	1.98907
7.459	1.92851
7.459	1.91002
7.463	1.85077
7.447	1.80229
7.441	1.82818
7.471	1.92625
7.438	1.91386
7.455	1.89185
7.487	1.89634
7.456	1.85461
7.452	1.84702
7.474	1.80936
7.398	1.86792
7.41	1.97802
7.352	1.98534
7.371	1.92504
7.398	1.93124
